participant.id_in_session,participant.code,participant.label,participant._is_bot,participant._index_in_pages,participant._max_page_index,participant._current_app_name,participant._current_page_name,participant.time_started_utc,participant.visited,participant.mturk_worker_id,participant.mturk_assignment_id,participant.payoff,session.code,session.label,session.mturk_HITId,session.mturk_HITGroupId,session.comment,session.is_demo,session.config.participation_fee,session.config.real_world_currency_per_point,session.config.name,session.group_list,session.id_list,hashtag_experiment.1.player.id_in_group,hashtag_experiment.1.player.role,hashtag_experiment.1.player.payoff,hashtag_experiment.1.player.idx,hashtag_experiment.1.player.hashtag,hashtag_experiment.1.group.id_in_subsession,hashtag_experiment.1.subsession.round_number,hashtag_experiment.2.player.id_in_group,hashtag_experiment.2.player.role,hashtag_experiment.2.player.payoff,hashtag_experiment.2.player.idx,hashtag_experiment.2.player.hashtag,hashtag_experiment.2.group.id_in_subsession,hashtag_experiment.2.subsession.round_number,hashtag_experiment.3.player.id_in_group,hashtag_experiment.3.player.role,hashtag_experiment.3.player.payoff,hashtag_experiment.3.player.idx,hashtag_experiment.3.player.hashtag,hashtag_experiment.3.group.id_in_subsession,hashtag_experiment.3.subsession.round_number,hashtag_experiment.4.player.id_in_group,hashtag_experiment.4.player.role,hashtag_experiment.4.player.payoff,hashtag_experiment.4.player.idx,hashtag_experiment.4.player.hashtag,hashtag_experiment.4.group.id_in_subsession,hashtag_experiment.4.subsession.round_number,hashtag_experiment.5.player.id_in_group,hashtag_experiment.5.player.role,hashtag_experiment.5.player.payoff,hashtag_experiment.5.player.idx,hashtag_experiment.5.player.hashtag,hashtag_experiment.5.group.id_in_subsession,hashtag_experiment.5.subsession.round_number,hashtag_experiment.6.player.id_in_group,hashtag_experiment.6.player.role,hashtag_experiment.6.player.payoff,hashtag_experiment.6.player.idx,hashtag_experiment.6.player.hashtag,hashtag_experiment.6.group.id_in_subsession,hashtag_experiment.6.subsession.round_number,hashtag_experiment.7.player.id_in_group,hashtag_experiment.7.player.role,hashtag_experiment.7.player.payoff,hashtag_experiment.7.player.idx,hashtag_experiment.7.player.hashtag,hashtag_experiment.7.group.id_in_subsession,hashtag_experiment.7.subsession.round_number,hashtag_experiment.8.player.id_in_group,hashtag_experiment.8.player.role,hashtag_experiment.8.player.payoff,hashtag_experiment.8.player.idx,hashtag_experiment.8.player.hashtag,hashtag_experiment.8.group.id_in_subsession,hashtag_experiment.8.subsession.round_number,hashtag_experiment.9.player.id_in_group,hashtag_experiment.9.player.role,hashtag_experiment.9.player.payoff,hashtag_experiment.9.player.idx,hashtag_experiment.9.player.hashtag,hashtag_experiment.9.group.id_in_subsession,hashtag_experiment.9.subsession.round_number,hashtag_experiment.10.player.id_in_group,hashtag_experiment.10.player.role,hashtag_experiment.10.player.payoff,hashtag_experiment.10.player.idx,hashtag_experiment.10.player.hashtag,hashtag_experiment.10.group.id_in_subsession,hashtag_experiment.10.subsession.round_number,hashtag_experiment.11.player.id_in_group,hashtag_experiment.11.player.role,hashtag_experiment.11.player.payoff,hashtag_experiment.11.player.idx,hashtag_experiment.11.player.hashtag,hashtag_experiment.11.group.id_in_subsession,hashtag_experiment.11.subsession.round_number,hashtag_experiment.12.player.id_in_group,hashtag_experiment.12.player.role,hashtag_experiment.12.player.payoff,hashtag_experiment.12.player.idx,hashtag_experiment.12.player.hashtag,hashtag_experiment.12.group.id_in_subsession,hashtag_experiment.12.subsession.round_number,hashtag_experiment.13.player.id_in_group,hashtag_experiment.13.player.role,hashtag_experiment.13.player.payoff,hashtag_experiment.13.player.idx,hashtag_experiment.13.player.hashtag,hashtag_experiment.13.group.id_in_subsession,hashtag_experiment.13.subsession.round_number,hashtag_experiment.14.player.id_in_group,hashtag_experiment.14.player.role,hashtag_experiment.14.player.payoff,hashtag_experiment.14.player.idx,hashtag_experiment.14.player.hashtag,hashtag_experiment.14.group.id_in_subsession,hashtag_experiment.14.subsession.round_number,hashtag_experiment.15.player.id_in_group,hashtag_experiment.15.player.role,hashtag_experiment.15.player.payoff,hashtag_experiment.15.player.idx,hashtag_experiment.15.player.hashtag,hashtag_experiment.15.group.id_in_subsession,hashtag_experiment.15.subsession.round_number,hashtag_experiment.16.player.id_in_group,hashtag_experiment.16.player.role,hashtag_experiment.16.player.payoff,hashtag_experiment.16.player.idx,hashtag_experiment.16.player.hashtag,hashtag_experiment.16.group.id_in_subsession,hashtag_experiment.16.subsession.round_number,hashtag_experiment.17.player.id_in_group,hashtag_experiment.17.player.role,hashtag_experiment.17.player.payoff,hashtag_experiment.17.player.idx,hashtag_experiment.17.player.hashtag,hashtag_experiment.17.group.id_in_subsession,hashtag_experiment.17.subsession.round_number,hashtag_experiment.18.player.id_in_group,hashtag_experiment.18.player.role,hashtag_experiment.18.player.payoff,hashtag_experiment.18.player.idx,hashtag_experiment.18.player.hashtag,hashtag_experiment.18.group.id_in_subsession,hashtag_experiment.18.subsession.round_number,hashtag_experiment.19.player.id_in_group,hashtag_experiment.19.player.role,hashtag_experiment.19.player.payoff,hashtag_experiment.19.player.idx,hashtag_experiment.19.player.hashtag,hashtag_experiment.19.group.id_in_subsession,hashtag_experiment.19.subsession.round_number,hashtag_experiment.20.player.id_in_group,hashtag_experiment.20.player.role,hashtag_experiment.20.player.payoff,hashtag_experiment.20.player.idx,hashtag_experiment.20.player.hashtag,hashtag_experiment.20.group.id_in_subsession,hashtag_experiment.20.subsession.round_number,hashtag_experiment.21.player.id_in_group,hashtag_experiment.21.player.role,hashtag_experiment.21.player.payoff,hashtag_experiment.21.player.idx,hashtag_experiment.21.player.hashtag,hashtag_experiment.21.group.id_in_subsession,hashtag_experiment.21.subsession.round_number,hashtag_experiment.22.player.id_in_group,hashtag_experiment.22.player.role,hashtag_experiment.22.player.payoff,hashtag_experiment.22.player.idx,hashtag_experiment.22.player.hashtag,hashtag_experiment.22.group.id_in_subsession,hashtag_experiment.22.subsession.round_number,hashtag_experiment.23.player.id_in_group,hashtag_experiment.23.player.role,hashtag_experiment.23.player.payoff,hashtag_experiment.23.player.idx,hashtag_experiment.23.player.hashtag,hashtag_experiment.23.group.id_in_subsession,hashtag_experiment.23.subsession.round_number,hashtag_experiment.24.player.id_in_group,hashtag_experiment.24.player.role,hashtag_experiment.24.player.payoff,hashtag_experiment.24.player.idx,hashtag_experiment.24.player.hashtag,hashtag_experiment.24.group.id_in_subsession,hashtag_experiment.24.subsession.round_number,hashtag_experiment.25.player.id_in_group,hashtag_experiment.25.player.role,hashtag_experiment.25.player.payoff,hashtag_experiment.25.player.idx,hashtag_experiment.25.player.hashtag,hashtag_experiment.25.group.id_in_subsession,hashtag_experiment.25.subsession.round_number,hashtag_experiment.26.player.id_in_group,hashtag_experiment.26.player.role,hashtag_experiment.26.player.payoff,hashtag_experiment.26.player.idx,hashtag_experiment.26.player.hashtag,hashtag_experiment.26.group.id_in_subsession,hashtag_experiment.26.subsession.round_number,hashtag_experiment.27.player.id_in_group,hashtag_experiment.27.player.role,hashtag_experiment.27.player.payoff,hashtag_experiment.27.player.idx,hashtag_experiment.27.player.hashtag,hashtag_experiment.27.group.id_in_subsession,hashtag_experiment.27.subsession.round_number,hashtag_experiment.28.player.id_in_group,hashtag_experiment.28.player.role,hashtag_experiment.28.player.payoff,hashtag_experiment.28.player.idx,hashtag_experiment.28.player.hashtag,hashtag_experiment.28.group.id_in_subsession,hashtag_experiment.28.subsession.round_number,hashtag_experiment.29.player.id_in_group,hashtag_experiment.29.player.role,hashtag_experiment.29.player.payoff,hashtag_experiment.29.player.idx,hashtag_experiment.29.player.hashtag,hashtag_experiment.29.group.id_in_subsession,hashtag_experiment.29.subsession.round_number,hashtag_experiment.30.player.id_in_group,hashtag_experiment.30.player.role,hashtag_experiment.30.player.payoff,hashtag_experiment.30.player.idx,hashtag_experiment.30.player.hashtag,hashtag_experiment.30.group.id_in_subsession,hashtag_experiment.30.subsession.round_number,hashtag_experiment.31.player.id_in_group,hashtag_experiment.31.player.role,hashtag_experiment.31.player.payoff,hashtag_experiment.31.player.idx,hashtag_experiment.31.player.hashtag,hashtag_experiment.31.group.id_in_subsession,hashtag_experiment.31.subsession.round_number,hashtag_experiment.32.player.id_in_group,hashtag_experiment.32.player.role,hashtag_experiment.32.player.payoff,hashtag_experiment.32.player.idx,hashtag_experiment.32.player.hashtag,hashtag_experiment.32.group.id_in_subsession,hashtag_experiment.32.subsession.round_number,hashtag_experiment.33.player.id_in_group,hashtag_experiment.33.player.role,hashtag_experiment.33.player.payoff,hashtag_experiment.33.player.idx,hashtag_experiment.33.player.hashtag,hashtag_experiment.33.group.id_in_subsession,hashtag_experiment.33.subsession.round_number,hashtag_experiment.34.player.id_in_group,hashtag_experiment.34.player.role,hashtag_experiment.34.player.payoff,hashtag_experiment.34.player.idx,hashtag_experiment.34.player.hashtag,hashtag_experiment.34.group.id_in_subsession,hashtag_experiment.34.subsession.round_number,hashtag_experiment.35.player.id_in_group,hashtag_experiment.35.player.role,hashtag_experiment.35.player.payoff,hashtag_experiment.35.player.idx,hashtag_experiment.35.player.hashtag,hashtag_experiment.35.group.id_in_subsession,hashtag_experiment.35.subsession.round_number,hashtag_experiment.36.player.id_in_group,hashtag_experiment.36.player.role,hashtag_experiment.36.player.payoff,hashtag_experiment.36.player.idx,hashtag_experiment.36.player.hashtag,hashtag_experiment.36.group.id_in_subsession,hashtag_experiment.36.subsession.round_number,hashtag_experiment.37.player.id_in_group,hashtag_experiment.37.player.role,hashtag_experiment.37.player.payoff,hashtag_experiment.37.player.idx,hashtag_experiment.37.player.hashtag,hashtag_experiment.37.group.id_in_subsession,hashtag_experiment.37.subsession.round_number,hashtag_experiment.38.player.id_in_group,hashtag_experiment.38.player.role,hashtag_experiment.38.player.payoff,hashtag_experiment.38.player.idx,hashtag_experiment.38.player.hashtag,hashtag_experiment.38.group.id_in_subsession,hashtag_experiment.38.subsession.round_number,hashtag_experiment.39.player.id_in_group,hashtag_experiment.39.player.role,hashtag_experiment.39.player.payoff,hashtag_experiment.39.player.idx,hashtag_experiment.39.player.hashtag,hashtag_experiment.39.group.id_in_subsession,hashtag_experiment.39.subsession.round_number,hashtag_experiment.40.player.id_in_group,hashtag_experiment.40.player.role,hashtag_experiment.40.player.payoff,hashtag_experiment.40.player.idx,hashtag_experiment.40.player.hashtag,hashtag_experiment.40.group.id_in_subsession,hashtag_experiment.40.subsession.round_number,network_experiment.1.player.id_in_group,network_experiment.1.player.role,network_experiment.1.player.payoff,network_experiment.1.player.idx,network_experiment.1.player.imp_idx,network_experiment.1.player.name,network_experiment.1.player.competence,network_experiment.1.player.dominance,network_experiment.1.player.maturity,network_experiment.1.player.likeability,network_experiment.1.player.trustworthiness,network_experiment.1.group.id_in_subsession,network_experiment.1.subsession.round_number,network_experiment.2.player.id_in_group,network_experiment.2.player.role,network_experiment.2.player.payoff,network_experiment.2.player.idx,network_experiment.2.player.imp_idx,network_experiment.2.player.name,network_experiment.2.player.competence,network_experiment.2.player.dominance,network_experiment.2.player.maturity,network_experiment.2.player.likeability,network_experiment.2.player.trustworthiness,network_experiment.2.group.id_in_subsession,network_experiment.2.subsession.round_number,network_experiment.3.player.id_in_group,network_experiment.3.player.role,network_experiment.3.player.payoff,network_experiment.3.player.idx,network_experiment.3.player.imp_idx,network_experiment.3.player.name,network_experiment.3.player.competence,network_experiment.3.player.dominance,network_experiment.3.player.maturity,network_experiment.3.player.likeability,network_experiment.3.player.trustworthiness,network_experiment.3.group.id_in_subsession,network_experiment.3.subsession.round_number,network_experiment.4.player.id_in_group,network_experiment.4.player.role,network_experiment.4.player.payoff,network_experiment.4.player.idx,network_experiment.4.player.imp_idx,network_experiment.4.player.name,network_experiment.4.player.competence,network_experiment.4.player.dominance,network_experiment.4.player.maturity,network_experiment.4.player.likeability,network_experiment.4.player.trustworthiness,network_experiment.4.group.id_in_subsession,network_experiment.4.subsession.round_number,network_experiment.5.player.id_in_group,network_experiment.5.player.role,network_experiment.5.player.payoff,network_experiment.5.player.idx,network_experiment.5.player.imp_idx,network_experiment.5.player.name,network_experiment.5.player.competence,network_experiment.5.player.dominance,network_experiment.5.player.maturity,network_experiment.5.player.likeability,network_experiment.5.player.trustworthiness,network_experiment.5.group.id_in_subsession,network_experiment.5.subsession.round_number,network_experiment.6.player.id_in_group,network_experiment.6.player.role,network_experiment.6.player.payoff,network_experiment.6.player.idx,network_experiment.6.player.imp_idx,network_experiment.6.player.name,network_experiment.6.player.competence,network_experiment.6.player.dominance,network_experiment.6.player.maturity,network_experiment.6.player.likeability,network_experiment.6.player.trustworthiness,network_experiment.6.group.id_in_subsession,network_experiment.6.subsession.round_number,network_experiment.7.player.id_in_group,network_experiment.7.player.role,network_experiment.7.player.payoff,network_experiment.7.player.idx,network_experiment.7.player.imp_idx,network_experiment.7.player.name,network_experiment.7.player.competence,network_experiment.7.player.dominance,network_experiment.7.player.maturity,network_experiment.7.player.likeability,network_experiment.7.player.trustworthiness,network_experiment.7.group.id_in_subsession,network_experiment.7.subsession.round_number,network_experiment.8.player.id_in_group,network_experiment.8.player.role,network_experiment.8.player.payoff,network_experiment.8.player.idx,network_experiment.8.player.imp_idx,network_experiment.8.player.name,network_experiment.8.player.competence,network_experiment.8.player.dominance,network_experiment.8.player.maturity,network_experiment.8.player.likeability,network_experiment.8.player.trustworthiness,network_experiment.8.group.id_in_subsession,network_experiment.8.subsession.round_number,network_experiment.9.player.id_in_group,network_experiment.9.player.role,network_experiment.9.player.payoff,network_experiment.9.player.idx,network_experiment.9.player.imp_idx,network_experiment.9.player.name,network_experiment.9.player.competence,network_experiment.9.player.dominance,network_experiment.9.player.maturity,network_experiment.9.player.likeability,network_experiment.9.player.trustworthiness,network_experiment.9.group.id_in_subsession,network_experiment.9.subsession.round_number,network_experiment.10.player.id_in_group,network_experiment.10.player.role,network_experiment.10.player.payoff,network_experiment.10.player.idx,network_experiment.10.player.imp_idx,network_experiment.10.player.name,network_experiment.10.player.competence,network_experiment.10.player.dominance,network_experiment.10.player.maturity,network_experiment.10.player.likeability,network_experiment.10.player.trustworthiness,network_experiment.10.group.id_in_subsession,network_experiment.10.subsession.round_number,network_experiment.11.player.id_in_group,network_experiment.11.player.role,network_experiment.11.player.payoff,network_experiment.11.player.idx,network_experiment.11.player.imp_idx,network_experiment.11.player.name,network_experiment.11.player.competence,network_experiment.11.player.dominance,network_experiment.11.player.maturity,network_experiment.11.player.likeability,network_experiment.11.player.trustworthiness,network_experiment.11.group.id_in_subsession,network_experiment.11.subsession.round_number,network_experiment.12.player.id_in_group,network_experiment.12.player.role,network_experiment.12.player.payoff,network_experiment.12.player.idx,network_experiment.12.player.imp_idx,network_experiment.12.player.name,network_experiment.12.player.competence,network_experiment.12.player.dominance,network_experiment.12.player.maturity,network_experiment.12.player.likeability,network_experiment.12.player.trustworthiness,network_experiment.12.group.id_in_subsession,network_experiment.12.subsession.round_number,network_experiment.13.player.id_in_group,network_experiment.13.player.role,network_experiment.13.player.payoff,network_experiment.13.player.idx,network_experiment.13.player.imp_idx,network_experiment.13.player.name,network_experiment.13.player.competence,network_experiment.13.player.dominance,network_experiment.13.player.maturity,network_experiment.13.player.likeability,network_experiment.13.player.trustworthiness,network_experiment.13.group.id_in_subsession,network_experiment.13.subsession.round_number,network_experiment.14.player.id_in_group,network_experiment.14.player.role,network_experiment.14.player.payoff,network_experiment.14.player.idx,network_experiment.14.player.imp_idx,network_experiment.14.player.name,network_experiment.14.player.competence,network_experiment.14.player.dominance,network_experiment.14.player.maturity,network_experiment.14.player.likeability,network_experiment.14.player.trustworthiness,network_experiment.14.group.id_in_subsession,network_experiment.14.subsession.round_number,network_experiment.15.player.id_in_group,network_experiment.15.player.role,network_experiment.15.player.payoff,network_experiment.15.player.idx,network_experiment.15.player.imp_idx,network_experiment.15.player.name,network_experiment.15.player.competence,network_experiment.15.player.dominance,network_experiment.15.player.maturity,network_experiment.15.player.likeability,network_experiment.15.player.trustworthiness,network_experiment.15.group.id_in_subsession,network_experiment.15.subsession.round_number,network_experiment.16.player.id_in_group,network_experiment.16.player.role,network_experiment.16.player.payoff,network_experiment.16.player.idx,network_experiment.16.player.imp_idx,network_experiment.16.player.name,network_experiment.16.player.competence,network_experiment.16.player.dominance,network_experiment.16.player.maturity,network_experiment.16.player.likeability,network_experiment.16.player.trustworthiness,network_experiment.16.group.id_in_subsession,network_experiment.16.subsession.round_number,network_experiment.17.player.id_in_group,network_experiment.17.player.role,network_experiment.17.player.payoff,network_experiment.17.player.idx,network_experiment.17.player.imp_idx,network_experiment.17.player.name,network_experiment.17.player.competence,network_experiment.17.player.dominance,network_experiment.17.player.maturity,network_experiment.17.player.likeability,network_experiment.17.player.trustworthiness,network_experiment.17.group.id_in_subsession,network_experiment.17.subsession.round_number,network_experiment.18.player.id_in_group,network_experiment.18.player.role,network_experiment.18.player.payoff,network_experiment.18.player.idx,network_experiment.18.player.imp_idx,network_experiment.18.player.name,network_experiment.18.player.competence,network_experiment.18.player.dominance,network_experiment.18.player.maturity,network_experiment.18.player.likeability,network_experiment.18.player.trustworthiness,network_experiment.18.group.id_in_subsession,network_experiment.18.subsession.round_number,network_experiment.19.player.id_in_group,network_experiment.19.player.role,network_experiment.19.player.payoff,network_experiment.19.player.idx,network_experiment.19.player.imp_idx,network_experiment.19.player.name,network_experiment.19.player.competence,network_experiment.19.player.dominance,network_experiment.19.player.maturity,network_experiment.19.player.likeability,network_experiment.19.player.trustworthiness,network_experiment.19.group.id_in_subsession,network_experiment.19.subsession.round_number,network_experiment.20.player.id_in_group,network_experiment.20.player.role,network_experiment.20.player.payoff,network_experiment.20.player.idx,network_experiment.20.player.imp_idx,network_experiment.20.player.name,network_experiment.20.player.competence,network_experiment.20.player.dominance,network_experiment.20.player.maturity,network_experiment.20.player.likeability,network_experiment.20.player.trustworthiness,network_experiment.20.group.id_in_subsession,network_experiment.20.subsession.round_number,network_experiment.21.player.id_in_group,network_experiment.21.player.role,network_experiment.21.player.payoff,network_experiment.21.player.idx,network_experiment.21.player.imp_idx,network_experiment.21.player.name,network_experiment.21.player.competence,network_experiment.21.player.dominance,network_experiment.21.player.maturity,network_experiment.21.player.likeability,network_experiment.21.player.trustworthiness,network_experiment.21.group.id_in_subsession,network_experiment.21.subsession.round_number,network_experiment.22.player.id_in_group,network_experiment.22.player.role,network_experiment.22.player.payoff,network_experiment.22.player.idx,network_experiment.22.player.imp_idx,network_experiment.22.player.name,network_experiment.22.player.competence,network_experiment.22.player.dominance,network_experiment.22.player.maturity,network_experiment.22.player.likeability,network_experiment.22.player.trustworthiness,network_experiment.22.group.id_in_subsession,network_experiment.22.subsession.round_number,network_experiment.23.player.id_in_group,network_experiment.23.player.role,network_experiment.23.player.payoff,network_experiment.23.player.idx,network_experiment.23.player.imp_idx,network_experiment.23.player.name,network_experiment.23.player.competence,network_experiment.23.player.dominance,network_experiment.23.player.maturity,network_experiment.23.player.likeability,network_experiment.23.player.trustworthiness,network_experiment.23.group.id_in_subsession,network_experiment.23.subsession.round_number,network_experiment.24.player.id_in_group,network_experiment.24.player.role,network_experiment.24.player.payoff,network_experiment.24.player.idx,network_experiment.24.player.imp_idx,network_experiment.24.player.name,network_experiment.24.player.competence,network_experiment.24.player.dominance,network_experiment.24.player.maturity,network_experiment.24.player.likeability,network_experiment.24.player.trustworthiness,network_experiment.24.group.id_in_subsession,network_experiment.24.subsession.round_number,network_experiment.25.player.id_in_group,network_experiment.25.player.role,network_experiment.25.player.payoff,network_experiment.25.player.idx,network_experiment.25.player.imp_idx,network_experiment.25.player.name,network_experiment.25.player.competence,network_experiment.25.player.dominance,network_experiment.25.player.maturity,network_experiment.25.player.likeability,network_experiment.25.player.trustworthiness,network_experiment.25.group.id_in_subsession,network_experiment.25.subsession.round_number,network_experiment.26.player.id_in_group,network_experiment.26.player.role,network_experiment.26.player.payoff,network_experiment.26.player.idx,network_experiment.26.player.imp_idx,network_experiment.26.player.name,network_experiment.26.player.competence,network_experiment.26.player.dominance,network_experiment.26.player.maturity,network_experiment.26.player.likeability,network_experiment.26.player.trustworthiness,network_experiment.26.group.id_in_subsession,network_experiment.26.subsession.round_number,network_experiment.27.player.id_in_group,network_experiment.27.player.role,network_experiment.27.player.payoff,network_experiment.27.player.idx,network_experiment.27.player.imp_idx,network_experiment.27.player.name,network_experiment.27.player.competence,network_experiment.27.player.dominance,network_experiment.27.player.maturity,network_experiment.27.player.likeability,network_experiment.27.player.trustworthiness,network_experiment.27.group.id_in_subsession,network_experiment.27.subsession.round_number,network_experiment.28.player.id_in_group,network_experiment.28.player.role,network_experiment.28.player.payoff,network_experiment.28.player.idx,network_experiment.28.player.imp_idx,network_experiment.28.player.name,network_experiment.28.player.competence,network_experiment.28.player.dominance,network_experiment.28.player.maturity,network_experiment.28.player.likeability,network_experiment.28.player.trustworthiness,network_experiment.28.group.id_in_subsession,network_experiment.28.subsession.round_number,network_experiment.29.player.id_in_group,network_experiment.29.player.role,network_experiment.29.player.payoff,network_experiment.29.player.idx,network_experiment.29.player.imp_idx,network_experiment.29.player.name,network_experiment.29.player.competence,network_experiment.29.player.dominance,network_experiment.29.player.maturity,network_experiment.29.player.likeability,network_experiment.29.player.trustworthiness,network_experiment.29.group.id_in_subsession,network_experiment.29.subsession.round_number,network_experiment.30.player.id_in_group,network_experiment.30.player.role,network_experiment.30.player.payoff,network_experiment.30.player.idx,network_experiment.30.player.imp_idx,network_experiment.30.player.name,network_experiment.30.player.competence,network_experiment.30.player.dominance,network_experiment.30.player.maturity,network_experiment.30.player.likeability,network_experiment.30.player.trustworthiness,network_experiment.30.group.id_in_subsession,network_experiment.30.subsession.round_number,network_experiment.31.player.id_in_group,network_experiment.31.player.role,network_experiment.31.player.payoff,network_experiment.31.player.idx,network_experiment.31.player.imp_idx,network_experiment.31.player.name,network_experiment.31.player.competence,network_experiment.31.player.dominance,network_experiment.31.player.maturity,network_experiment.31.player.likeability,network_experiment.31.player.trustworthiness,network_experiment.31.group.id_in_subsession,network_experiment.31.subsession.round_number,network_experiment.32.player.id_in_group,network_experiment.32.player.role,network_experiment.32.player.payoff,network_experiment.32.player.idx,network_experiment.32.player.imp_idx,network_experiment.32.player.name,network_experiment.32.player.competence,network_experiment.32.player.dominance,network_experiment.32.player.maturity,network_experiment.32.player.likeability,network_experiment.32.player.trustworthiness,network_experiment.32.group.id_in_subsession,network_experiment.32.subsession.round_number,network_experiment.33.player.id_in_group,network_experiment.33.player.role,network_experiment.33.player.payoff,network_experiment.33.player.idx,network_experiment.33.player.imp_idx,network_experiment.33.player.name,network_experiment.33.player.competence,network_experiment.33.player.dominance,network_experiment.33.player.maturity,network_experiment.33.player.likeability,network_experiment.33.player.trustworthiness,network_experiment.33.group.id_in_subsession,network_experiment.33.subsession.round_number,network_experiment.34.player.id_in_group,network_experiment.34.player.role,network_experiment.34.player.payoff,network_experiment.34.player.idx,network_experiment.34.player.imp_idx,network_experiment.34.player.name,network_experiment.34.player.competence,network_experiment.34.player.dominance,network_experiment.34.player.maturity,network_experiment.34.player.likeability,network_experiment.34.player.trustworthiness,network_experiment.34.group.id_in_subsession,network_experiment.34.subsession.round_number,network_experiment.35.player.id_in_group,network_experiment.35.player.role,network_experiment.35.player.payoff,network_experiment.35.player.idx,network_experiment.35.player.imp_idx,network_experiment.35.player.name,network_experiment.35.player.competence,network_experiment.35.player.dominance,network_experiment.35.player.maturity,network_experiment.35.player.likeability,network_experiment.35.player.trustworthiness,network_experiment.35.group.id_in_subsession,network_experiment.35.subsession.round_number,network_experiment.36.player.id_in_group,network_experiment.36.player.role,network_experiment.36.player.payoff,network_experiment.36.player.idx,network_experiment.36.player.imp_idx,network_experiment.36.player.name,network_experiment.36.player.competence,network_experiment.36.player.dominance,network_experiment.36.player.maturity,network_experiment.36.player.likeability,network_experiment.36.player.trustworthiness,network_experiment.36.group.id_in_subsession,network_experiment.36.subsession.round_number,network_experiment.37.player.id_in_group,network_experiment.37.player.role,network_experiment.37.player.payoff,network_experiment.37.player.idx,network_experiment.37.player.imp_idx,network_experiment.37.player.name,network_experiment.37.player.competence,network_experiment.37.player.dominance,network_experiment.37.player.maturity,network_experiment.37.player.likeability,network_experiment.37.player.trustworthiness,network_experiment.37.group.id_in_subsession,network_experiment.37.subsession.round_number,network_experiment.38.player.id_in_group,network_experiment.38.player.role,network_experiment.38.player.payoff,network_experiment.38.player.idx,network_experiment.38.player.imp_idx,network_experiment.38.player.name,network_experiment.38.player.competence,network_experiment.38.player.dominance,network_experiment.38.player.maturity,network_experiment.38.player.likeability,network_experiment.38.player.trustworthiness,network_experiment.38.group.id_in_subsession,network_experiment.38.subsession.round_number,network_experiment.39.player.id_in_group,network_experiment.39.player.role,network_experiment.39.player.payoff,network_experiment.39.player.idx,network_experiment.39.player.imp_idx,network_experiment.39.player.name,network_experiment.39.player.competence,network_experiment.39.player.dominance,network_experiment.39.player.maturity,network_experiment.39.player.likeability,network_experiment.39.player.trustworthiness,network_experiment.39.group.id_in_subsession,network_experiment.39.subsession.round_number,network_experiment.40.player.id_in_group,network_experiment.40.player.role,network_experiment.40.player.payoff,network_experiment.40.player.idx,network_experiment.40.player.imp_idx,network_experiment.40.player.name,network_experiment.40.player.competence,network_experiment.40.player.dominance,network_experiment.40.player.maturity,network_experiment.40.player.likeability,network_experiment.40.player.trustworthiness,network_experiment.40.group.id_in_subsession,network_experiment.40.subsession.round_number,network_experiment2.1.player.id_in_group,network_experiment2.1.player.role,network_experiment2.1.player.payoff,network_experiment2.1.player.idx,network_experiment2.1.player.imp_idx,network_experiment2.1.player.name,network_experiment2.1.player.competence,network_experiment2.1.player.dominance,network_experiment2.1.player.maturity,network_experiment2.1.player.likeability,network_experiment2.1.player.trustworthiness,network_experiment2.1.group.id_in_subsession,network_experiment2.1.subsession.round_number,network_experiment2.2.player.id_in_group,network_experiment2.2.player.role,network_experiment2.2.player.payoff,network_experiment2.2.player.idx,network_experiment2.2.player.imp_idx,network_experiment2.2.player.name,network_experiment2.2.player.competence,network_experiment2.2.player.dominance,network_experiment2.2.player.maturity,network_experiment2.2.player.likeability,network_experiment2.2.player.trustworthiness,network_experiment2.2.group.id_in_subsession,network_experiment2.2.subsession.round_number,network_experiment2.3.player.id_in_group,network_experiment2.3.player.role,network_experiment2.3.player.payoff,network_experiment2.3.player.idx,network_experiment2.3.player.imp_idx,network_experiment2.3.player.name,network_experiment2.3.player.competence,network_experiment2.3.player.dominance,network_experiment2.3.player.maturity,network_experiment2.3.player.likeability,network_experiment2.3.player.trustworthiness,network_experiment2.3.group.id_in_subsession,network_experiment2.3.subsession.round_number,network_experiment2.4.player.id_in_group,network_experiment2.4.player.role,network_experiment2.4.player.payoff,network_experiment2.4.player.idx,network_experiment2.4.player.imp_idx,network_experiment2.4.player.name,network_experiment2.4.player.competence,network_experiment2.4.player.dominance,network_experiment2.4.player.maturity,network_experiment2.4.player.likeability,network_experiment2.4.player.trustworthiness,network_experiment2.4.group.id_in_subsession,network_experiment2.4.subsession.round_number,network_experiment2.5.player.id_in_group,network_experiment2.5.player.role,network_experiment2.5.player.payoff,network_experiment2.5.player.idx,network_experiment2.5.player.imp_idx,network_experiment2.5.player.name,network_experiment2.5.player.competence,network_experiment2.5.player.dominance,network_experiment2.5.player.maturity,network_experiment2.5.player.likeability,network_experiment2.5.player.trustworthiness,network_experiment2.5.group.id_in_subsession,network_experiment2.5.subsession.round_number,network_experiment2.6.player.id_in_group,network_experiment2.6.player.role,network_experiment2.6.player.payoff,network_experiment2.6.player.idx,network_experiment2.6.player.imp_idx,network_experiment2.6.player.name,network_experiment2.6.player.competence,network_experiment2.6.player.dominance,network_experiment2.6.player.maturity,network_experiment2.6.player.likeability,network_experiment2.6.player.trustworthiness,network_experiment2.6.group.id_in_subsession,network_experiment2.6.subsession.round_number,network_experiment2.7.player.id_in_group,network_experiment2.7.player.role,network_experiment2.7.player.payoff,network_experiment2.7.player.idx,network_experiment2.7.player.imp_idx,network_experiment2.7.player.name,network_experiment2.7.player.competence,network_experiment2.7.player.dominance,network_experiment2.7.player.maturity,network_experiment2.7.player.likeability,network_experiment2.7.player.trustworthiness,network_experiment2.7.group.id_in_subsession,network_experiment2.7.subsession.round_number,network_experiment2.8.player.id_in_group,network_experiment2.8.player.role,network_experiment2.8.player.payoff,network_experiment2.8.player.idx,network_experiment2.8.player.imp_idx,network_experiment2.8.player.name,network_experiment2.8.player.competence,network_experiment2.8.player.dominance,network_experiment2.8.player.maturity,network_experiment2.8.player.likeability,network_experiment2.8.player.trustworthiness,network_experiment2.8.group.id_in_subsession,network_experiment2.8.subsession.round_number,network_experiment2.9.player.id_in_group,network_experiment2.9.player.role,network_experiment2.9.player.payoff,network_experiment2.9.player.idx,network_experiment2.9.player.imp_idx,network_experiment2.9.player.name,network_experiment2.9.player.competence,network_experiment2.9.player.dominance,network_experiment2.9.player.maturity,network_experiment2.9.player.likeability,network_experiment2.9.player.trustworthiness,network_experiment2.9.group.id_in_subsession,network_experiment2.9.subsession.round_number,network_experiment2.10.player.id_in_group,network_experiment2.10.player.role,network_experiment2.10.player.payoff,network_experiment2.10.player.idx,network_experiment2.10.player.imp_idx,network_experiment2.10.player.name,network_experiment2.10.player.competence,network_experiment2.10.player.dominance,network_experiment2.10.player.maturity,network_experiment2.10.player.likeability,network_experiment2.10.player.trustworthiness,network_experiment2.10.group.id_in_subsession,network_experiment2.10.subsession.round_number,network_experiment2.11.player.id_in_group,network_experiment2.11.player.role,network_experiment2.11.player.payoff,network_experiment2.11.player.idx,network_experiment2.11.player.imp_idx,network_experiment2.11.player.name,network_experiment2.11.player.competence,network_experiment2.11.player.dominance,network_experiment2.11.player.maturity,network_experiment2.11.player.likeability,network_experiment2.11.player.trustworthiness,network_experiment2.11.group.id_in_subsession,network_experiment2.11.subsession.round_number,network_experiment2.12.player.id_in_group,network_experiment2.12.player.role,network_experiment2.12.player.payoff,network_experiment2.12.player.idx,network_experiment2.12.player.imp_idx,network_experiment2.12.player.name,network_experiment2.12.player.competence,network_experiment2.12.player.dominance,network_experiment2.12.player.maturity,network_experiment2.12.player.likeability,network_experiment2.12.player.trustworthiness,network_experiment2.12.group.id_in_subsession,network_experiment2.12.subsession.round_number,network_experiment2.13.player.id_in_group,network_experiment2.13.player.role,network_experiment2.13.player.payoff,network_experiment2.13.player.idx,network_experiment2.13.player.imp_idx,network_experiment2.13.player.name,network_experiment2.13.player.competence,network_experiment2.13.player.dominance,network_experiment2.13.player.maturity,network_experiment2.13.player.likeability,network_experiment2.13.player.trustworthiness,network_experiment2.13.group.id_in_subsession,network_experiment2.13.subsession.round_number,network_experiment2.14.player.id_in_group,network_experiment2.14.player.role,network_experiment2.14.player.payoff,network_experiment2.14.player.idx,network_experiment2.14.player.imp_idx,network_experiment2.14.player.name,network_experiment2.14.player.competence,network_experiment2.14.player.dominance,network_experiment2.14.player.maturity,network_experiment2.14.player.likeability,network_experiment2.14.player.trustworthiness,network_experiment2.14.group.id_in_subsession,network_experiment2.14.subsession.round_number,network_experiment2.15.player.id_in_group,network_experiment2.15.player.role,network_experiment2.15.player.payoff,network_experiment2.15.player.idx,network_experiment2.15.player.imp_idx,network_experiment2.15.player.name,network_experiment2.15.player.competence,network_experiment2.15.player.dominance,network_experiment2.15.player.maturity,network_experiment2.15.player.likeability,network_experiment2.15.player.trustworthiness,network_experiment2.15.group.id_in_subsession,network_experiment2.15.subsession.round_number,network_experiment2.16.player.id_in_group,network_experiment2.16.player.role,network_experiment2.16.player.payoff,network_experiment2.16.player.idx,network_experiment2.16.player.imp_idx,network_experiment2.16.player.name,network_experiment2.16.player.competence,network_experiment2.16.player.dominance,network_experiment2.16.player.maturity,network_experiment2.16.player.likeability,network_experiment2.16.player.trustworthiness,network_experiment2.16.group.id_in_subsession,network_experiment2.16.subsession.round_number,network_experiment2.17.player.id_in_group,network_experiment2.17.player.role,network_experiment2.17.player.payoff,network_experiment2.17.player.idx,network_experiment2.17.player.imp_idx,network_experiment2.17.player.name,network_experiment2.17.player.competence,network_experiment2.17.player.dominance,network_experiment2.17.player.maturity,network_experiment2.17.player.likeability,network_experiment2.17.player.trustworthiness,network_experiment2.17.group.id_in_subsession,network_experiment2.17.subsession.round_number,network_experiment2.18.player.id_in_group,network_experiment2.18.player.role,network_experiment2.18.player.payoff,network_experiment2.18.player.idx,network_experiment2.18.player.imp_idx,network_experiment2.18.player.name,network_experiment2.18.player.competence,network_experiment2.18.player.dominance,network_experiment2.18.player.maturity,network_experiment2.18.player.likeability,network_experiment2.18.player.trustworthiness,network_experiment2.18.group.id_in_subsession,network_experiment2.18.subsession.round_number,network_experiment2.19.player.id_in_group,network_experiment2.19.player.role,network_experiment2.19.player.payoff,network_experiment2.19.player.idx,network_experiment2.19.player.imp_idx,network_experiment2.19.player.name,network_experiment2.19.player.competence,network_experiment2.19.player.dominance,network_experiment2.19.player.maturity,network_experiment2.19.player.likeability,network_experiment2.19.player.trustworthiness,network_experiment2.19.group.id_in_subsession,network_experiment2.19.subsession.round_number,network_experiment2.20.player.id_in_group,network_experiment2.20.player.role,network_experiment2.20.player.payoff,network_experiment2.20.player.idx,network_experiment2.20.player.imp_idx,network_experiment2.20.player.name,network_experiment2.20.player.competence,network_experiment2.20.player.dominance,network_experiment2.20.player.maturity,network_experiment2.20.player.likeability,network_experiment2.20.player.trustworthiness,network_experiment2.20.group.id_in_subsession,network_experiment2.20.subsession.round_number,network_experiment2.21.player.id_in_group,network_experiment2.21.player.role,network_experiment2.21.player.payoff,network_experiment2.21.player.idx,network_experiment2.21.player.imp_idx,network_experiment2.21.player.name,network_experiment2.21.player.competence,network_experiment2.21.player.dominance,network_experiment2.21.player.maturity,network_experiment2.21.player.likeability,network_experiment2.21.player.trustworthiness,network_experiment2.21.group.id_in_subsession,network_experiment2.21.subsession.round_number,network_experiment2.22.player.id_in_group,network_experiment2.22.player.role,network_experiment2.22.player.payoff,network_experiment2.22.player.idx,network_experiment2.22.player.imp_idx,network_experiment2.22.player.name,network_experiment2.22.player.competence,network_experiment2.22.player.dominance,network_experiment2.22.player.maturity,network_experiment2.22.player.likeability,network_experiment2.22.player.trustworthiness,network_experiment2.22.group.id_in_subsession,network_experiment2.22.subsession.round_number,network_experiment2.23.player.id_in_group,network_experiment2.23.player.role,network_experiment2.23.player.payoff,network_experiment2.23.player.idx,network_experiment2.23.player.imp_idx,network_experiment2.23.player.name,network_experiment2.23.player.competence,network_experiment2.23.player.dominance,network_experiment2.23.player.maturity,network_experiment2.23.player.likeability,network_experiment2.23.player.trustworthiness,network_experiment2.23.group.id_in_subsession,network_experiment2.23.subsession.round_number,network_experiment2.24.player.id_in_group,network_experiment2.24.player.role,network_experiment2.24.player.payoff,network_experiment2.24.player.idx,network_experiment2.24.player.imp_idx,network_experiment2.24.player.name,network_experiment2.24.player.competence,network_experiment2.24.player.dominance,network_experiment2.24.player.maturity,network_experiment2.24.player.likeability,network_experiment2.24.player.trustworthiness,network_experiment2.24.group.id_in_subsession,network_experiment2.24.subsession.round_number,network_experiment2.25.player.id_in_group,network_experiment2.25.player.role,network_experiment2.25.player.payoff,network_experiment2.25.player.idx,network_experiment2.25.player.imp_idx,network_experiment2.25.player.name,network_experiment2.25.player.competence,network_experiment2.25.player.dominance,network_experiment2.25.player.maturity,network_experiment2.25.player.likeability,network_experiment2.25.player.trustworthiness,network_experiment2.25.group.id_in_subsession,network_experiment2.25.subsession.round_number,network_experiment2.26.player.id_in_group,network_experiment2.26.player.role,network_experiment2.26.player.payoff,network_experiment2.26.player.idx,network_experiment2.26.player.imp_idx,network_experiment2.26.player.name,network_experiment2.26.player.competence,network_experiment2.26.player.dominance,network_experiment2.26.player.maturity,network_experiment2.26.player.likeability,network_experiment2.26.player.trustworthiness,network_experiment2.26.group.id_in_subsession,network_experiment2.26.subsession.round_number,network_experiment2.27.player.id_in_group,network_experiment2.27.player.role,network_experiment2.27.player.payoff,network_experiment2.27.player.idx,network_experiment2.27.player.imp_idx,network_experiment2.27.player.name,network_experiment2.27.player.competence,network_experiment2.27.player.dominance,network_experiment2.27.player.maturity,network_experiment2.27.player.likeability,network_experiment2.27.player.trustworthiness,network_experiment2.27.group.id_in_subsession,network_experiment2.27.subsession.round_number,network_experiment2.28.player.id_in_group,network_experiment2.28.player.role,network_experiment2.28.player.payoff,network_experiment2.28.player.idx,network_experiment2.28.player.imp_idx,network_experiment2.28.player.name,network_experiment2.28.player.competence,network_experiment2.28.player.dominance,network_experiment2.28.player.maturity,network_experiment2.28.player.likeability,network_experiment2.28.player.trustworthiness,network_experiment2.28.group.id_in_subsession,network_experiment2.28.subsession.round_number,network_experiment2.29.player.id_in_group,network_experiment2.29.player.role,network_experiment2.29.player.payoff,network_experiment2.29.player.idx,network_experiment2.29.player.imp_idx,network_experiment2.29.player.name,network_experiment2.29.player.competence,network_experiment2.29.player.dominance,network_experiment2.29.player.maturity,network_experiment2.29.player.likeability,network_experiment2.29.player.trustworthiness,network_experiment2.29.group.id_in_subsession,network_experiment2.29.subsession.round_number,network_experiment2.30.player.id_in_group,network_experiment2.30.player.role,network_experiment2.30.player.payoff,network_experiment2.30.player.idx,network_experiment2.30.player.imp_idx,network_experiment2.30.player.name,network_experiment2.30.player.competence,network_experiment2.30.player.dominance,network_experiment2.30.player.maturity,network_experiment2.30.player.likeability,network_experiment2.30.player.trustworthiness,network_experiment2.30.group.id_in_subsession,network_experiment2.30.subsession.round_number,network_experiment2.31.player.id_in_group,network_experiment2.31.player.role,network_experiment2.31.player.payoff,network_experiment2.31.player.idx,network_experiment2.31.player.imp_idx,network_experiment2.31.player.name,network_experiment2.31.player.competence,network_experiment2.31.player.dominance,network_experiment2.31.player.maturity,network_experiment2.31.player.likeability,network_experiment2.31.player.trustworthiness,network_experiment2.31.group.id_in_subsession,network_experiment2.31.subsession.round_number,network_experiment2.32.player.id_in_group,network_experiment2.32.player.role,network_experiment2.32.player.payoff,network_experiment2.32.player.idx,network_experiment2.32.player.imp_idx,network_experiment2.32.player.name,network_experiment2.32.player.competence,network_experiment2.32.player.dominance,network_experiment2.32.player.maturity,network_experiment2.32.player.likeability,network_experiment2.32.player.trustworthiness,network_experiment2.32.group.id_in_subsession,network_experiment2.32.subsession.round_number,network_experiment2.33.player.id_in_group,network_experiment2.33.player.role,network_experiment2.33.player.payoff,network_experiment2.33.player.idx,network_experiment2.33.player.imp_idx,network_experiment2.33.player.name,network_experiment2.33.player.competence,network_experiment2.33.player.dominance,network_experiment2.33.player.maturity,network_experiment2.33.player.likeability,network_experiment2.33.player.trustworthiness,network_experiment2.33.group.id_in_subsession,network_experiment2.33.subsession.round_number,network_experiment2.34.player.id_in_group,network_experiment2.34.player.role,network_experiment2.34.player.payoff,network_experiment2.34.player.idx,network_experiment2.34.player.imp_idx,network_experiment2.34.player.name,network_experiment2.34.player.competence,network_experiment2.34.player.dominance,network_experiment2.34.player.maturity,network_experiment2.34.player.likeability,network_experiment2.34.player.trustworthiness,network_experiment2.34.group.id_in_subsession,network_experiment2.34.subsession.round_number,network_experiment2.35.player.id_in_group,network_experiment2.35.player.role,network_experiment2.35.player.payoff,network_experiment2.35.player.idx,network_experiment2.35.player.imp_idx,network_experiment2.35.player.name,network_experiment2.35.player.competence,network_experiment2.35.player.dominance,network_experiment2.35.player.maturity,network_experiment2.35.player.likeability,network_experiment2.35.player.trustworthiness,network_experiment2.35.group.id_in_subsession,network_experiment2.35.subsession.round_number,network_experiment2.36.player.id_in_group,network_experiment2.36.player.role,network_experiment2.36.player.payoff,network_experiment2.36.player.idx,network_experiment2.36.player.imp_idx,network_experiment2.36.player.name,network_experiment2.36.player.competence,network_experiment2.36.player.dominance,network_experiment2.36.player.maturity,network_experiment2.36.player.likeability,network_experiment2.36.player.trustworthiness,network_experiment2.36.group.id_in_subsession,network_experiment2.36.subsession.round_number,network_experiment2.37.player.id_in_group,network_experiment2.37.player.role,network_experiment2.37.player.payoff,network_experiment2.37.player.idx,network_experiment2.37.player.imp_idx,network_experiment2.37.player.name,network_experiment2.37.player.competence,network_experiment2.37.player.dominance,network_experiment2.37.player.maturity,network_experiment2.37.player.likeability,network_experiment2.37.player.trustworthiness,network_experiment2.37.group.id_in_subsession,network_experiment2.37.subsession.round_number,network_experiment2.38.player.id_in_group,network_experiment2.38.player.role,network_experiment2.38.player.payoff,network_experiment2.38.player.idx,network_experiment2.38.player.imp_idx,network_experiment2.38.player.name,network_experiment2.38.player.competence,network_experiment2.38.player.dominance,network_experiment2.38.player.maturity,network_experiment2.38.player.likeability,network_experiment2.38.player.trustworthiness,network_experiment2.38.group.id_in_subsession,network_experiment2.38.subsession.round_number,network_experiment2.39.player.id_in_group,network_experiment2.39.player.role,network_experiment2.39.player.payoff,network_experiment2.39.player.idx,network_experiment2.39.player.imp_idx,network_experiment2.39.player.name,network_experiment2.39.player.competence,network_experiment2.39.player.dominance,network_experiment2.39.player.maturity,network_experiment2.39.player.likeability,network_experiment2.39.player.trustworthiness,network_experiment2.39.group.id_in_subsession,network_experiment2.39.subsession.round_number,network_experiment2.40.player.id_in_group,network_experiment2.40.player.role,network_experiment2.40.player.payoff,network_experiment2.40.player.idx,network_experiment2.40.player.imp_idx,network_experiment2.40.player.name,network_experiment2.40.player.competence,network_experiment2.40.player.dominance,network_experiment2.40.player.maturity,network_experiment2.40.player.likeability,network_experiment2.40.player.trustworthiness,network_experiment2.40.group.id_in_subsession,network_experiment2.40.subsession.round_number,network_experiment2.41.player.id_in_group,network_experiment2.41.player.role,network_experiment2.41.player.payoff,network_experiment2.41.player.idx,network_experiment2.41.player.imp_idx,network_experiment2.41.player.name,network_experiment2.41.player.competence,network_experiment2.41.player.dominance,network_experiment2.41.player.maturity,network_experiment2.41.player.likeability,network_experiment2.41.player.trustworthiness,network_experiment2.41.group.id_in_subsession,network_experiment2.41.subsession.round_number,network_experiment2.42.player.id_in_group,network_experiment2.42.player.role,network_experiment2.42.player.payoff,network_experiment2.42.player.idx,network_experiment2.42.player.imp_idx,network_experiment2.42.player.name,network_experiment2.42.player.competence,network_experiment2.42.player.dominance,network_experiment2.42.player.maturity,network_experiment2.42.player.likeability,network_experiment2.42.player.trustworthiness,network_experiment2.42.group.id_in_subsession,network_experiment2.42.subsession.round_number,network_experiment2.43.player.id_in_group,network_experiment2.43.player.role,network_experiment2.43.player.payoff,network_experiment2.43.player.idx,network_experiment2.43.player.imp_idx,network_experiment2.43.player.name,network_experiment2.43.player.competence,network_experiment2.43.player.dominance,network_experiment2.43.player.maturity,network_experiment2.43.player.likeability,network_experiment2.43.player.trustworthiness,network_experiment2.43.group.id_in_subsession,network_experiment2.43.subsession.round_number,network_experiment2.44.player.id_in_group,network_experiment2.44.player.role,network_experiment2.44.player.payoff,network_experiment2.44.player.idx,network_experiment2.44.player.imp_idx,network_experiment2.44.player.name,network_experiment2.44.player.competence,network_experiment2.44.player.dominance,network_experiment2.44.player.maturity,network_experiment2.44.player.likeability,network_experiment2.44.player.trustworthiness,network_experiment2.44.group.id_in_subsession,network_experiment2.44.subsession.round_number,network_experiment2.45.player.id_in_group,network_experiment2.45.player.role,network_experiment2.45.player.payoff,network_experiment2.45.player.idx,network_experiment2.45.player.imp_idx,network_experiment2.45.player.name,network_experiment2.45.player.competence,network_experiment2.45.player.dominance,network_experiment2.45.player.maturity,network_experiment2.45.player.likeability,network_experiment2.45.player.trustworthiness,network_experiment2.45.group.id_in_subsession,network_experiment2.45.subsession.round_number,network_experiment2.46.player.id_in_group,network_experiment2.46.player.role,network_experiment2.46.player.payoff,network_experiment2.46.player.idx,network_experiment2.46.player.imp_idx,network_experiment2.46.player.name,network_experiment2.46.player.competence,network_experiment2.46.player.dominance,network_experiment2.46.player.maturity,network_experiment2.46.player.likeability,network_experiment2.46.player.trustworthiness,network_experiment2.46.group.id_in_subsession,network_experiment2.46.subsession.round_number,network_experiment2.47.player.id_in_group,network_experiment2.47.player.role,network_experiment2.47.player.payoff,network_experiment2.47.player.idx,network_experiment2.47.player.imp_idx,network_experiment2.47.player.name,network_experiment2.47.player.competence,network_experiment2.47.player.dominance,network_experiment2.47.player.maturity,network_experiment2.47.player.likeability,network_experiment2.47.player.trustworthiness,network_experiment2.47.group.id_in_subsession,network_experiment2.47.subsession.round_number,network_experiment2.48.player.id_in_group,network_experiment2.48.player.role,network_experiment2.48.player.payoff,network_experiment2.48.player.idx,network_experiment2.48.player.imp_idx,network_experiment2.48.player.name,network_experiment2.48.player.competence,network_experiment2.48.player.dominance,network_experiment2.48.player.maturity,network_experiment2.48.player.likeability,network_experiment2.48.player.trustworthiness,network_experiment2.48.group.id_in_subsession,network_experiment2.48.subsession.round_number,network_experiment2.49.player.id_in_group,network_experiment2.49.player.role,network_experiment2.49.player.payoff,network_experiment2.49.player.idx,network_experiment2.49.player.imp_idx,network_experiment2.49.player.name,network_experiment2.49.player.competence,network_experiment2.49.player.dominance,network_experiment2.49.player.maturity,network_experiment2.49.player.likeability,network_experiment2.49.player.trustworthiness,network_experiment2.49.group.id_in_subsession,network_experiment2.49.subsession.round_number,network_experiment2.50.player.id_in_group,network_experiment2.50.player.role,network_experiment2.50.player.payoff,network_experiment2.50.player.idx,network_experiment2.50.player.imp_idx,network_experiment2.50.player.name,network_experiment2.50.player.competence,network_experiment2.50.player.dominance,network_experiment2.50.player.maturity,network_experiment2.50.player.likeability,network_experiment2.50.player.trustworthiness,network_experiment2.50.group.id_in_subsession,network_experiment2.50.subsession.round_number
1,fyri09o6,,0,240,240,hashtag_experiment,LastPage,2024-04-17 17:06:48.423291,1,,,12.0,g8k2na6b,,,,,0,0.0,1.0,hashtag_experiment,"[[[30, 31], [32, 33], [34, 35], [36, 38], [37, 39], [40, 42], [41, 43], [44, 46], [45, 47], [48, 50], [1, 49], [2, 4], [3, 5], [6, 7], [8, 10], [9, 11], [12, 13], [14, 15], [16, 17], [18, 19], [20, 21], [22, 23], [24, 25], [26, 27], [28, 29]], [[3, 5], [4, 6], [7, 9], [8, 10], [11, 13], [12, 14], [15, 16], [17, 19], [18, 20], [21, 23], [22, 24], [25, 26], [27, 29], [28, 30], [31, 33], [32, 34], [35, 36], [37, 39], [38, 40], [41, 42], [43, 45], [44, 46], [47, 49], [48, 50], [1, 2]], [[23, 25], [22, 24], [26, 27], [28, 30], [29, 31], [32, 34], [33, 35], [36, 37], [38, 39], [40, 41], [42, 43], [44, 46], [45, 47], [48, 50], [1, 49], [2, 3], [4, 5], [6, 8], [7, 9], [10, 12], [11, 13], [14, 15], [16, 18], [17, 19], [20, 21]], [[3, 5], [4, 6], [7, 8], [9, 10], [11, 12], [13, 15], [14, 16], [17, 19], [18, 20], [21, 23], [22, 24], [25, 27], [26, 28], [29, 31], [30, 32], [33, 34], [35, 37], [36, 38], [39, 41], [40, 42], [43, 44], [45, 46], [47, 49], [48, 50], [1, 2]], [[9, 10], [11, 12], [13, 14], [15, 17], [16, 18], [19, 21], [20, 22], [23, 24], [25, 26], [27, 29], [28, 30], [31, 33], [32, 34], [35, 36], [37, 39], [38, 40], [41, 42], [43, 44], [45, 46], [47, 49], [48, 50], [1, 3], [2, 4], [5, 6], [7, 8]], [[41, 42], [43, 44], [45, 47], [46, 48], [49, 50], [1, 3], [2, 4], [5, 6], [7, 9], [8, 10], [11, 13], [12, 14], [15, 17], [16, 18], [19, 21], [20, 22], [23, 25], [24, 26], [27, 29], [28, 30], [31, 33], [32, 34], [35, 36], [37, 39], [38, 40]], [[16, 17], [18, 19], [20, 22], [21, 23], [24, 25], [26, 28], [27, 29], [30, 31], [32, 33], [34, 35], [36, 38], [37, 39], [40, 41], [42, 44], [43, 45], [46, 47], [48, 50], [1, 49], [2, 4], [3, 5], [6, 7], [8, 10], [9, 11], [12, 14], [13, 15]], [[5, 7], [6, 8], [9, 10], [11, 13], [12, 14], [15, 16], [17, 18], [19, 21], [20, 22], [23, 25], [24, 26], [27, 28], [29, 31], [30, 32], [33, 34], [35, 37], [36, 38], [39, 40], [41, 42], [43, 44], [45, 46], [47, 48], [1, 49], [2, 50], [3, 4]], [[30, 32], [29, 31], [33, 34], [35, 36], [37, 38], [39, 40], [41, 42], [43, 45], [44, 46], [47, 48], [1, 49], [2, 50], [3, 4], [5, 7], [6, 8], [9, 11], [10, 12], [13, 14], [15, 16], [17, 18], [19, 21], [20, 22], [23, 24], [25, 27], [26, 28]], [[44, 46], [43, 45], [47, 49], [48, 50], [1, 2], [3, 4], [5, 6], [7, 8], [9, 10], [11, 13], [12, 14], [15, 17], [16, 18], [19, 20], [21, 22], [23, 25], [24, 26], [27, 28], [29, 31], [30, 32], [33, 34], [35, 37], [36, 38], [39, 40], [41, 42]], [[1, 50], [2, 4], [3, 5], [6, 7], [8, 9], [10, 11], [12, 14], [13, 15], [16, 18], [17, 19], [20, 22], [21, 23], [24, 25], [26, 27], [28, 30], [29, 31], [32, 34], [33, 35], [36, 37], [38, 40], [39, 41], [42, 43], [44, 46], [45, 47], [48, 49]], [[23, 25], [24, 26], [27, 29], [28, 30], [31, 33], [32, 34], [35, 37], [36, 38], [39, 41], [40, 42], [43, 44], [45, 46], [47, 49], [48, 50], [1, 2], [3, 5], [4, 6], [7, 8], [9, 11], [10, 12], [13, 14], [15, 17], [16, 18], [19, 20], [21, 22]], [[26, 28], [27, 29], [30, 31], [32, 34], [33, 35], [36, 37], [38, 39], [40, 42], [41, 43], [44, 45], [46, 47], [48, 49], [1, 50], [2, 3], [4, 5], [6, 7], [8, 9], [10, 11], [12, 14], [13, 15], [16, 18], [17, 19], [20, 21], [22, 23], [24, 25]], [[43, 44], [45, 46], [47, 48], [1, 49], [2, 50], [3, 4], [5, 7], [6, 8], [9, 10], [11, 12], [13, 14], [15, 16], [17, 19], [18, 20], [21, 23], [22, 24], [25, 27], [26, 28], [29, 30], [31, 33], [32, 34], [35, 37], [36, 38], [39, 40], [41, 42]], [[26, 27], [28, 30], [29, 31], [32, 33], [34, 36], [35, 37], [38, 40], [39, 41], [42, 44], [43, 45], [46, 48], [47, 49], [2, 50], [1, 3], [4, 5], [6, 7], [8, 10], [9, 11], [12, 14], [13, 15], [16, 17], [18, 20], [19, 21], [22, 24], [23, 25]], [[25, 27], [26, 28], [29, 30], [31, 32], [33, 35], [34, 36], [37, 39], [38, 40], [41, 43], [42, 44], [45, 47], [46, 48], [1, 49], [2, 50], [3, 4], [5, 7], [6, 8], [9, 11], [10, 12], [13, 14], [15, 16], [17, 18], [19, 20], [21, 23], [22, 24]], [[20, 21], [22, 24], [23, 25], [26, 28], [27, 29], [30, 31], [32, 33], [34, 35], [36, 38], [37, 39], [40, 41], [42, 43], [44, 46], [45, 47], [48, 49], [1, 50], [2, 3], [4, 6], [5, 7], [8, 9], [10, 12], [11, 13], [14, 15], [16, 18], [17, 19]], [[6, 7], [8, 9], [10, 11], [12, 14], [13, 15], [16, 17], [18, 20], [19, 21], [22, 24], [23, 25], [26, 28], [27, 29], [30, 32], [31, 33], [34, 36], [35, 37], [38, 40], [39, 41], [42, 44], [43, 45], [46, 48], [47, 49], [1, 50], [2, 4], [3, 5]], [[41, 43], [40, 42], [44, 45], [46, 48], [47, 49], [1, 50], [2, 4], [3, 5], [6, 8], [7, 9], [10, 12], [11, 13], [14, 16], [15, 17], [18, 19], [20, 22], [21, 23], [24, 25], [26, 28], [27, 29], [30, 31], [32, 34], [33, 35], [36, 38], [37, 39]], [[13, 14], [15, 16], [17, 18], [19, 21], [20, 22], [23, 24], [25, 26], [27, 28], [29, 30], [31, 32], [33, 34], [35, 37], [36, 38], [39, 41], [40, 42], [43, 44], [45, 47], [46, 48], [49, 50], [1, 2], [3, 5], [4, 6], [7, 8], [9, 10], [11, 12]], [[21, 22], [23, 24], [25, 26], [27, 29], [28, 30], [31, 33], [32, 34], [35, 36], [37, 39], [38, 40], [41, 42], [43, 44], [45, 47], [46, 48], [49, 50], [1, 3], [2, 4], [5, 7], [6, 8], [9, 11], [10, 12], [13, 15], [14, 16], [17, 19], [18, 20]], [[12, 14], [13, 15], [16, 18], [17, 19], [20, 22], [21, 23], [24, 26], [25, 27], [28, 30], [29, 31], [32, 34], [33, 35], [36, 38], [37, 39], [40, 42], [41, 43], [44, 46], [45, 47], [48, 50], [1, 49], [2, 4], [3, 5], [6, 8], [7, 9], [10, 11]], [[39, 40], [41, 42], [43, 44], [45, 47], [46, 48], [1, 49], [2, 50], [3, 5], [4, 6], [7, 9], [8, 10], [11, 12], [13, 15], [14, 16], [17, 18], [19, 21], [20, 22], [23, 24], [25, 27], [26, 28], [29, 31], [30, 32], [33, 35], [34, 36], [37, 38]], [[41, 43], [42, 44], [45, 46], [47, 48], [1, 49], [2, 50], [3, 4], [5, 6], [7, 9], [8, 10], [11, 13], [12, 14], [15, 17], [16, 18], [19, 21], [20, 22], [23, 24], [25, 27], [26, 28], [29, 30], [31, 32], [33, 35], [34, 36], [37, 38], [39, 40]], [[43, 45], [46, 47], [48, 49], [2, 50], [1, 3], [4, 6], [5, 7], [8, 10], [9, 11], [12, 13], [14, 16], [15, 17], [18, 20], [19, 21], [22, 23], [24, 25], [26, 27], [28, 29], [30, 32], [31, 33], [34, 35], [36, 37], [38, 40], [39, 41], [42, 44]], [[14, 16], [17, 19], [18, 20], [21, 22], [23, 25], [24, 26], [27, 28], [29, 30], [31, 32], [33, 35], [34, 36], [37, 38], [39, 40], [41, 42], [43, 45], [44, 46], [47, 48], [1, 49], [2, 50], [3, 5], [4, 6], [7, 8], [9, 10], [11, 12], [13, 15]], [[5, 6], [7, 9], [8, 10], [11, 13], [12, 14], [15, 17], [16, 18], [19, 21], [20, 22], [23, 25], [24, 26], [27, 28], [29, 31], [30, 32], [33, 34], [35, 37], [36, 38], [39, 41], [40, 42], [43, 44], [45, 47], [46, 48], [1, 49], [2, 50], [3, 4]], [[18, 19], [20, 22], [21, 23], [24, 25], [26, 28], [27, 29], [30, 32], [31, 33], [34, 36], [35, 37], [38, 40], [39, 41], [42, 44], [43, 45], [46, 48], [47, 49], [2, 50], [1, 3], [4, 5], [6, 8], [7, 9], [10, 12], [11, 13], [14, 16], [15, 17]], [[49, 50], [1, 2], [3, 4], [5, 6], [7, 8], [9, 10], [11, 12], [13, 15], [14, 16], [17, 18], [19, 20], [21, 22], [23, 25], [24, 26], [27, 28], [29, 30], [31, 32], [33, 34], [35, 36], [37, 38], [39, 41], [40, 42], [43, 44], [45, 47], [46, 48]], [[43, 45], [44, 46], [47, 49], [48, 50], [1, 2], [3, 4], [5, 7], [6, 8], [9, 10], [11, 13], [12, 14], [15, 16], [17, 18], [19, 20], [21, 23], [22, 24], [25, 27], [26, 28], [29, 31], [30, 32], [33, 35], [34, 36], [37, 38], [39, 41], [40, 42]], [[7, 8], [9, 10], [11, 13], [12, 14], [15, 17], [16, 18], [19, 21], [20, 22], [23, 24], [25, 27], [26, 28], [29, 31], [30, 32], [33, 34], [35, 36], [37, 39], [38, 40], [41, 43], [42, 44], [45, 46], [47, 49], [48, 50], [1, 2], [3, 4], [5, 6]], [[14, 16], [13, 15], [17, 19], [18, 20], [21, 22], [23, 25], [24, 26], [27, 28], [29, 31], [30, 32], [33, 34], [35, 37], [36, 38], [39, 40], [41, 42], [43, 45], [44, 46], [47, 48], [1, 49], [2, 50], [3, 4], [5, 7], [6, 8], [9, 11], [10, 12]], [[43, 45], [44, 46], [47, 48], [1, 49], [2, 50], [3, 4], [5, 6], [7, 9], [8, 10], [11, 12], [13, 14], [15, 16], [17, 19], [18, 20], [21, 23], [22, 24], [25, 26], [27, 29], [28, 30], [31, 32], [33, 35], [34, 36], [37, 39], [38, 40], [41, 42]], [[14, 15], [16, 17], [18, 19], [20, 21], [22, 24], [23, 25], [26, 27], [28, 29], [30, 32], [31, 33], [34, 36], [35, 37], [38, 39], [40, 42], [41, 43], [44, 45], [46, 47], [48, 49], [2, 50], [1, 3], [4, 5], [6, 8], [7, 9], [10, 12], [11, 13]], [[18, 20], [19, 21], [22, 24], [23, 25], [26, 28], [27, 29], [30, 32], [31, 33], [34, 35], [36, 37], [38, 40], [39, 41], [42, 44], [43, 45], [46, 47], [48, 49], [2, 50], [1, 3], [4, 6], [5, 7], [8, 10], [9, 11], [12, 13], [14, 16], [15, 17]], [[40, 41], [42, 43], [44, 45], [46, 48], [47, 49], [1, 50], [2, 3], [4, 5], [6, 7], [8, 10], [9, 11], [12, 13], [14, 15], [16, 17], [18, 20], [19, 21], [22, 24], [23, 25], [26, 28], [27, 29], [30, 31], [32, 34], [33, 35], [36, 37], [38, 39]], [[43, 45], [46, 47], [48, 50], [1, 49], [2, 4], [3, 5], [6, 7], [8, 10], [9, 11], [12, 14], [13, 15], [16, 18], [17, 19], [20, 22], [21, 23], [24, 25], [26, 27], [28, 30], [29, 31], [32, 33], [34, 35], [36, 38], [37, 39], [40, 41], [42, 44]], [[41, 43], [44, 45], [46, 47], [48, 49], [2, 50], [1, 3], [4, 6], [5, 7], [8, 9], [10, 12], [11, 13], [14, 15], [16, 18], [17, 19], [20, 22], [21, 23], [24, 25], [26, 28], [27, 29], [30, 31], [32, 34], [33, 35], [36, 38], [37, 39], [40, 42]], [[2, 3], [4, 5], [6, 7], [8, 9], [10, 11], [12, 14], [13, 15], [16, 17], [18, 20], [19, 21], [22, 23], [24, 25], [26, 27], [28, 30], [29, 31], [32, 34], [33, 35], [36, 38], [37, 39], [40, 41], [42, 44], [43, 45], [46, 48], [47, 49], [1, 50]], [[11, 12], [13, 14], [15, 17], [16, 18], [19, 21], [20, 22], [23, 24], [25, 27], [26, 28], [29, 30], [31, 32], [33, 35], [34, 36], [37, 38], [39, 41], [40, 42], [43, 44], [45, 46], [47, 48], [1, 49], [2, 50], [3, 5], [4, 6], [7, 9], [8, 10]]]",,1,,0.0,46557,setsudenmovement,11,1,1,,0.0,46557,nuclearaccident,25,2,1,,0.0,46557,nuclearaccident,15,3,1,,0.0,46557,nuclear,25,4,1,,0.0,46557,nuclear,22,5,1,,0.0,46557,accident,6,6,1,,0.0,46557,tsunami,18,7,1,,0.0,46557,tsunami,23,8,1,,0.0,46557,nucleardisaster,11,9,1,,0.0,46557,tragedy,5,10,1,,0.0,46557,nuclear,1,11,1,,0.0,46557,hope,15,12,1,,0.0,46557,earthquake,13,13,1,,0.0,46557,tsunami,4,14,1,,0.0,46557,nuclear,14,15,1,,0.0,46557,tsunami,13,16,1,,0.0,46557,tsunami,16,17,1,,0.0,46557,tsunami,23,18,1,,0.0,46557,earthquake,6,19,1,,1.0,46557,tsunami,20,20,1,,1.0,46557,tsunami,16,21,1,,0.0,46557,tsunami,20,22,1,,1.0,46557,tsunami,6,23,1,,0.0,46557,tsunami,5,24,1,,1.0,46557,tsunami,5,25,1,,0.0,46557,tsunami,18,26,1,,1.0,46557,tsunami,23,27,1,,1.0,46557,tsunami,18,28,1,,1.0,46557,tsunami,2,29,1,,0.0,46557,tsunami,5,30,1,,1.0,46557,tsunami,23,31,1,,0.0,46557,tsunami,19,32,1,,1.0,46557,tsunami,4,33,1,,1.0,46557,tsunami,20,34,1,,1.0,46557,tsunami,18,35,1,,0.0,46557,tsunami,6,36,1,,0.0,46557,tsunami,4,37,1,,1.0,46557,tsunami,6,38,1,,0.0,46557,tsunami,25,39,1,,0.0,46557,tsunami,20,40,,,,,,,,,,,,,,,,,,,,,,,,,,,,,,,,,,,,,,,,,,,,,,,,,,,,,,,,,,,,,,,,,,,,,,,,,,,,,,,,,,,,,,,,,,,,,,,,,,,,,,,,,,,,,,,,,,,,,,,,,,,,,,,,,,,,,,,,,,,,,,,,,,,,,,,,,,,,,,,,,,,,,,,,,,,,,,,,,,,,,,,,,,,,,,,,,,,,,,,,,,,,,,,,,,,,,,,,,,,,,,,,,,,,,,,,,,,,,,,,,,,,,,,,,,,,,,,,,,,,,,,,,,,,,,,,,,,,,,,,,,,,,,,,,,,,,,,,,,,,,,,,,,,,,,,,,,,,,,,,,,,,,,,,,,,,,,,,,,,,,,,,,,,,,,,,,,,,,,,,,,,,,,,,,,,,,,,,,,,,,,,,,,,,,,,,,,,,,,,,,,,,,,,,,,,,,,,,,,,,,,,,,,,,,,,,,,,,,,,,,,,,,,,,,,,,,,,,,,,,,,,,,,,,,,,,,,,,,,,,,,,,,,,,,,,,,,,,,,,,,,,,,,,,,,,,,,,,,,,,,,,,,,,,,,,,,,,,,,,,,,,,,,,,,,,,,,,,,,,,,,,,,,,,,,,,,,,,,,,,,,,,,,,,,,,,,,,,,,,,,,,,,,,,,,,,,,,,,,,,,,,,,,,,,,,,,,,,,,,,,,,,,,,,,,,,,,,,,,,,,,,,,,,,,,,,,,,,,,,,,,,,,,,,,,,,,,,,,,,,,,,,,,,,,,,,,,,,,,,,,,,,,,,,,,,,,,,,,,,,,,,,,,,,,,,,,,,,,,,,,,,,,,,,,,,,,,,,,,,,,,,,,,,,,,,,,,,,,,,,,,,,,,,,,,,,,,,,,,,,,,,,,,,,,,,,,,,,,,,,,,,,,,,,,,,,,,,,,,,,,,,,,,,,,,,,,,,,,,,,,,,,,,,,,,,,,,,,,,,,,,,,,,,,,,,,,,,,,,,,,,,,,,,,,,,,,,,,,,,,,,,,,,,,,,,,,,,,,,,,,,,,,,,,,,,,,,,,,,,,,,,,,,,,,,,,,,,,,,,,,,,,,,,,,,,,,,,,,,,,,,,,,,,,,,,,,,,,,,,,,,,,,,,,,,,,,,,,,,,,,,,,,,,,,,,,,,,,,,,,,,,,,,,,,,,,,,,,,,,,,,,,,,,,,,,,,,,,,,,,,,,,,,,,,,,,,,,,,,,,,,,,,,,,,,,,,,,,,,,,,,,,,,,,,,
2,shovap7h,,0,240,240,hashtag_experiment,LastPage,2024-04-17 17:07:08.495631,1,,,9.0,g8k2na6b,,,,,0,0.0,1.0,hashtag_experiment,"[[[30, 31], [32, 33], [34, 35], [36, 38], [37, 39], [40, 42], [41, 43], [44, 46], [45, 47], [48, 50], [1, 49], [2, 4], [3, 5], [6, 7], [8, 10], [9, 11], [12, 13], [14, 15], [16, 17], [18, 19], [20, 21], [22, 23], [24, 25], [26, 27], [28, 29]], [[3, 5], [4, 6], [7, 9], [8, 10], [11, 13], [12, 14], [15, 16], [17, 19], [18, 20], [21, 23], [22, 24], [25, 26], [27, 29], [28, 30], [31, 33], [32, 34], [35, 36], [37, 39], [38, 40], [41, 42], [43, 45], [44, 46], [47, 49], [48, 50], [1, 2]], [[23, 25], [22, 24], [26, 27], [28, 30], [29, 31], [32, 34], [33, 35], [36, 37], [38, 39], [40, 41], [42, 43], [44, 46], [45, 47], [48, 50], [1, 49], [2, 3], [4, 5], [6, 8], [7, 9], [10, 12], [11, 13], [14, 15], [16, 18], [17, 19], [20, 21]], [[3, 5], [4, 6], [7, 8], [9, 10], [11, 12], [13, 15], [14, 16], [17, 19], [18, 20], [21, 23], [22, 24], [25, 27], [26, 28], [29, 31], [30, 32], [33, 34], [35, 37], [36, 38], [39, 41], [40, 42], [43, 44], [45, 46], [47, 49], [48, 50], [1, 2]], [[9, 10], [11, 12], [13, 14], [15, 17], [16, 18], [19, 21], [20, 22], [23, 24], [25, 26], [27, 29], [28, 30], [31, 33], [32, 34], [35, 36], [37, 39], [38, 40], [41, 42], [43, 44], [45, 46], [47, 49], [48, 50], [1, 3], [2, 4], [5, 6], [7, 8]], [[41, 42], [43, 44], [45, 47], [46, 48], [49, 50], [1, 3], [2, 4], [5, 6], [7, 9], [8, 10], [11, 13], [12, 14], [15, 17], [16, 18], [19, 21], [20, 22], [23, 25], [24, 26], [27, 29], [28, 30], [31, 33], [32, 34], [35, 36], [37, 39], [38, 40]], [[16, 17], [18, 19], [20, 22], [21, 23], [24, 25], [26, 28], [27, 29], [30, 31], [32, 33], [34, 35], [36, 38], [37, 39], [40, 41], [42, 44], [43, 45], [46, 47], [48, 50], [1, 49], [2, 4], [3, 5], [6, 7], [8, 10], [9, 11], [12, 14], [13, 15]], [[5, 7], [6, 8], [9, 10], [11, 13], [12, 14], [15, 16], [17, 18], [19, 21], [20, 22], [23, 25], [24, 26], [27, 28], [29, 31], [30, 32], [33, 34], [35, 37], [36, 38], [39, 40], [41, 42], [43, 44], [45, 46], [47, 48], [1, 49], [2, 50], [3, 4]], [[30, 32], [29, 31], [33, 34], [35, 36], [37, 38], [39, 40], [41, 42], [43, 45], [44, 46], [47, 48], [1, 49], [2, 50], [3, 4], [5, 7], [6, 8], [9, 11], [10, 12], [13, 14], [15, 16], [17, 18], [19, 21], [20, 22], [23, 24], [25, 27], [26, 28]], [[44, 46], [43, 45], [47, 49], [48, 50], [1, 2], [3, 4], [5, 6], [7, 8], [9, 10], [11, 13], [12, 14], [15, 17], [16, 18], [19, 20], [21, 22], [23, 25], [24, 26], [27, 28], [29, 31], [30, 32], [33, 34], [35, 37], [36, 38], [39, 40], [41, 42]], [[1, 50], [2, 4], [3, 5], [6, 7], [8, 9], [10, 11], [12, 14], [13, 15], [16, 18], [17, 19], [20, 22], [21, 23], [24, 25], [26, 27], [28, 30], [29, 31], [32, 34], [33, 35], [36, 37], [38, 40], [39, 41], [42, 43], [44, 46], [45, 47], [48, 49]], [[23, 25], [24, 26], [27, 29], [28, 30], [31, 33], [32, 34], [35, 37], [36, 38], [39, 41], [40, 42], [43, 44], [45, 46], [47, 49], [48, 50], [1, 2], [3, 5], [4, 6], [7, 8], [9, 11], [10, 12], [13, 14], [15, 17], [16, 18], [19, 20], [21, 22]], [[26, 28], [27, 29], [30, 31], [32, 34], [33, 35], [36, 37], [38, 39], [40, 42], [41, 43], [44, 45], [46, 47], [48, 49], [1, 50], [2, 3], [4, 5], [6, 7], [8, 9], [10, 11], [12, 14], [13, 15], [16, 18], [17, 19], [20, 21], [22, 23], [24, 25]], [[43, 44], [45, 46], [47, 48], [1, 49], [2, 50], [3, 4], [5, 7], [6, 8], [9, 10], [11, 12], [13, 14], [15, 16], [17, 19], [18, 20], [21, 23], [22, 24], [25, 27], [26, 28], [29, 30], [31, 33], [32, 34], [35, 37], [36, 38], [39, 40], [41, 42]], [[26, 27], [28, 30], [29, 31], [32, 33], [34, 36], [35, 37], [38, 40], [39, 41], [42, 44], [43, 45], [46, 48], [47, 49], [2, 50], [1, 3], [4, 5], [6, 7], [8, 10], [9, 11], [12, 14], [13, 15], [16, 17], [18, 20], [19, 21], [22, 24], [23, 25]], [[25, 27], [26, 28], [29, 30], [31, 32], [33, 35], [34, 36], [37, 39], [38, 40], [41, 43], [42, 44], [45, 47], [46, 48], [1, 49], [2, 50], [3, 4], [5, 7], [6, 8], [9, 11], [10, 12], [13, 14], [15, 16], [17, 18], [19, 20], [21, 23], [22, 24]], [[20, 21], [22, 24], [23, 25], [26, 28], [27, 29], [30, 31], [32, 33], [34, 35], [36, 38], [37, 39], [40, 41], [42, 43], [44, 46], [45, 47], [48, 49], [1, 50], [2, 3], [4, 6], [5, 7], [8, 9], [10, 12], [11, 13], [14, 15], [16, 18], [17, 19]], [[6, 7], [8, 9], [10, 11], [12, 14], [13, 15], [16, 17], [18, 20], [19, 21], [22, 24], [23, 25], [26, 28], [27, 29], [30, 32], [31, 33], [34, 36], [35, 37], [38, 40], [39, 41], [42, 44], [43, 45], [46, 48], [47, 49], [1, 50], [2, 4], [3, 5]], [[41, 43], [40, 42], [44, 45], [46, 48], [47, 49], [1, 50], [2, 4], [3, 5], [6, 8], [7, 9], [10, 12], [11, 13], [14, 16], [15, 17], [18, 19], [20, 22], [21, 23], [24, 25], [26, 28], [27, 29], [30, 31], [32, 34], [33, 35], [36, 38], [37, 39]], [[13, 14], [15, 16], [17, 18], [19, 21], [20, 22], [23, 24], [25, 26], [27, 28], [29, 30], [31, 32], [33, 34], [35, 37], [36, 38], [39, 41], [40, 42], [43, 44], [45, 47], [46, 48], [49, 50], [1, 2], [3, 5], [4, 6], [7, 8], [9, 10], [11, 12]], [[21, 22], [23, 24], [25, 26], [27, 29], [28, 30], [31, 33], [32, 34], [35, 36], [37, 39], [38, 40], [41, 42], [43, 44], [45, 47], [46, 48], [49, 50], [1, 3], [2, 4], [5, 7], [6, 8], [9, 11], [10, 12], [13, 15], [14, 16], [17, 19], [18, 20]], [[12, 14], [13, 15], [16, 18], [17, 19], [20, 22], [21, 23], [24, 26], [25, 27], [28, 30], [29, 31], [32, 34], [33, 35], [36, 38], [37, 39], [40, 42], [41, 43], [44, 46], [45, 47], [48, 50], [1, 49], [2, 4], [3, 5], [6, 8], [7, 9], [10, 11]], [[39, 40], [41, 42], [43, 44], [45, 47], [46, 48], [1, 49], [2, 50], [3, 5], [4, 6], [7, 9], [8, 10], [11, 12], [13, 15], [14, 16], [17, 18], [19, 21], [20, 22], [23, 24], [25, 27], [26, 28], [29, 31], [30, 32], [33, 35], [34, 36], [37, 38]], [[41, 43], [42, 44], [45, 46], [47, 48], [1, 49], [2, 50], [3, 4], [5, 6], [7, 9], [8, 10], [11, 13], [12, 14], [15, 17], [16, 18], [19, 21], [20, 22], [23, 24], [25, 27], [26, 28], [29, 30], [31, 32], [33, 35], [34, 36], [37, 38], [39, 40]], [[43, 45], [46, 47], [48, 49], [2, 50], [1, 3], [4, 6], [5, 7], [8, 10], [9, 11], [12, 13], [14, 16], [15, 17], [18, 20], [19, 21], [22, 23], [24, 25], [26, 27], [28, 29], [30, 32], [31, 33], [34, 35], [36, 37], [38, 40], [39, 41], [42, 44]], [[14, 16], [17, 19], [18, 20], [21, 22], [23, 25], [24, 26], [27, 28], [29, 30], [31, 32], [33, 35], [34, 36], [37, 38], [39, 40], [41, 42], [43, 45], [44, 46], [47, 48], [1, 49], [2, 50], [3, 5], [4, 6], [7, 8], [9, 10], [11, 12], [13, 15]], [[5, 6], [7, 9], [8, 10], [11, 13], [12, 14], [15, 17], [16, 18], [19, 21], [20, 22], [23, 25], [24, 26], [27, 28], [29, 31], [30, 32], [33, 34], [35, 37], [36, 38], [39, 41], [40, 42], [43, 44], [45, 47], [46, 48], [1, 49], [2, 50], [3, 4]], [[18, 19], [20, 22], [21, 23], [24, 25], [26, 28], [27, 29], [30, 32], [31, 33], [34, 36], [35, 37], [38, 40], [39, 41], [42, 44], [43, 45], [46, 48], [47, 49], [2, 50], [1, 3], [4, 5], [6, 8], [7, 9], [10, 12], [11, 13], [14, 16], [15, 17]], [[49, 50], [1, 2], [3, 4], [5, 6], [7, 8], [9, 10], [11, 12], [13, 15], [14, 16], [17, 18], [19, 20], [21, 22], [23, 25], [24, 26], [27, 28], [29, 30], [31, 32], [33, 34], [35, 36], [37, 38], [39, 41], [40, 42], [43, 44], [45, 47], [46, 48]], [[43, 45], [44, 46], [47, 49], [48, 50], [1, 2], [3, 4], [5, 7], [6, 8], [9, 10], [11, 13], [12, 14], [15, 16], [17, 18], [19, 20], [21, 23], [22, 24], [25, 27], [26, 28], [29, 31], [30, 32], [33, 35], [34, 36], [37, 38], [39, 41], [40, 42]], [[7, 8], [9, 10], [11, 13], [12, 14], [15, 17], [16, 18], [19, 21], [20, 22], [23, 24], [25, 27], [26, 28], [29, 31], [30, 32], [33, 34], [35, 36], [37, 39], [38, 40], [41, 43], [42, 44], [45, 46], [47, 49], [48, 50], [1, 2], [3, 4], [5, 6]], [[14, 16], [13, 15], [17, 19], [18, 20], [21, 22], [23, 25], [24, 26], [27, 28], [29, 31], [30, 32], [33, 34], [35, 37], [36, 38], [39, 40], [41, 42], [43, 45], [44, 46], [47, 48], [1, 49], [2, 50], [3, 4], [5, 7], [6, 8], [9, 11], [10, 12]], [[43, 45], [44, 46], [47, 48], [1, 49], [2, 50], [3, 4], [5, 6], [7, 9], [8, 10], [11, 12], [13, 14], [15, 16], [17, 19], [18, 20], [21, 23], [22, 24], [25, 26], [27, 29], [28, 30], [31, 32], [33, 35], [34, 36], [37, 39], [38, 40], [41, 42]], [[14, 15], [16, 17], [18, 19], [20, 21], [22, 24], [23, 25], [26, 27], [28, 29], [30, 32], [31, 33], [34, 36], [35, 37], [38, 39], [40, 42], [41, 43], [44, 45], [46, 47], [48, 49], [2, 50], [1, 3], [4, 5], [6, 8], [7, 9], [10, 12], [11, 13]], [[18, 20], [19, 21], [22, 24], [23, 25], [26, 28], [27, 29], [30, 32], [31, 33], [34, 35], [36, 37], [38, 40], [39, 41], [42, 44], [43, 45], [46, 47], [48, 49], [2, 50], [1, 3], [4, 6], [5, 7], [8, 10], [9, 11], [12, 13], [14, 16], [15, 17]], [[40, 41], [42, 43], [44, 45], [46, 48], [47, 49], [1, 50], [2, 3], [4, 5], [6, 7], [8, 10], [9, 11], [12, 13], [14, 15], [16, 17], [18, 20], [19, 21], [22, 24], [23, 25], [26, 28], [27, 29], [30, 31], [32, 34], [33, 35], [36, 37], [38, 39]], [[43, 45], [46, 47], [48, 50], [1, 49], [2, 4], [3, 5], [6, 7], [8, 10], [9, 11], [12, 14], [13, 15], [16, 18], [17, 19], [20, 22], [21, 23], [24, 25], [26, 27], [28, 30], [29, 31], [32, 33], [34, 35], [36, 38], [37, 39], [40, 41], [42, 44]], [[41, 43], [44, 45], [46, 47], [48, 49], [2, 50], [1, 3], [4, 6], [5, 7], [8, 9], [10, 12], [11, 13], [14, 15], [16, 18], [17, 19], [20, 22], [21, 23], [24, 25], [26, 28], [27, 29], [30, 31], [32, 34], [33, 35], [36, 38], [37, 39], [40, 42]], [[2, 3], [4, 5], [6, 7], [8, 9], [10, 11], [12, 14], [13, 15], [16, 17], [18, 20], [19, 21], [22, 23], [24, 25], [26, 27], [28, 30], [29, 31], [32, 34], [33, 35], [36, 38], [37, 39], [40, 41], [42, 44], [43, 45], [46, 48], [47, 49], [1, 50]], [[11, 12], [13, 14], [15, 17], [16, 18], [19, 21], [20, 22], [23, 24], [25, 27], [26, 28], [29, 30], [31, 32], [33, 35], [34, 36], [37, 38], [39, 41], [40, 42], [43, 44], [45, 46], [47, 48], [1, 49], [2, 50], [3, 5], [4, 6], [7, 9], [8, 10]]]",,1,,0.0,,,12,1,2,,0.0,,,25,2,1,,0.0,,,16,3,2,,0.0,,,25,4,1,,0.0,,,23,5,1,,0.0,,,7,6,1,,0.0,,,19,7,1,,0.0,,disaster,24,8,1,,0.0,,radiation,12,9,2,,0.0,,WHO,5,10,1,,0.0,,nuclearincident,2,11,2,,0.0,,earthquake,15,12,1,,0.0,,nuclearreactor,14,13,1,,0.0,,tsunami,5,14,1,,0.0,,cancer,13,15,1,,0.0,,nuclear_accident,14,16,1,,0.0,,2011nucleardisaster,17,17,1,,0.0,,cancer,24,18,1,,0.0,,nuclearaccident,7,19,2,,1.0,,tsunami,20,20,1,,0.0,,tsunami,17,21,1,,1.0,,earthquake,21,22,1,,0.0,,tsunami,7,23,1,,0.0,,tsunamidisaster,6,24,1,,0.0,,tsunami,4,25,1,,0.0,,earthquake,19,26,1,,0.0,,tsunami,24,27,1,,0.0,,earthquake,17,28,2,,1.0,,tsunami,2,29,2,,0.0,,earthquake,5,30,2,,1.0,,tsunami,23,31,1,,0.0,,earthquake,20,32,1,,1.0,,tsunami,5,33,1,,1.0,,earthquake,19,34,1,,0.0,,nucleardisaster,17,35,1,,1.0,,tsunami,7,36,1,,0.0,,earthquakedisaster,5,37,1,,0.0,,tsunami,5,38,1,,1.0,,tsunami,1,39,1,,1.0,,earthquake,21,40,,,,,,,,,,,,,,,,,,,,,,,,,,,,,,,,,,,,,,,,,,,,,,,,,,,,,,,,,,,,,,,,,,,,,,,,,,,,,,,,,,,,,,,,,,,,,,,,,,,,,,,,,,,,,,,,,,,,,,,,,,,,,,,,,,,,,,,,,,,,,,,,,,,,,,,,,,,,,,,,,,,,,,,,,,,,,,,,,,,,,,,,,,,,,,,,,,,,,,,,,,,,,,,,,,,,,,,,,,,,,,,,,,,,,,,,,,,,,,,,,,,,,,,,,,,,,,,,,,,,,,,,,,,,,,,,,,,,,,,,,,,,,,,,,,,,,,,,,,,,,,,,,,,,,,,,,,,,,,,,,,,,,,,,,,,,,,,,,,,,,,,,,,,,,,,,,,,,,,,,,,,,,,,,,,,,,,,,,,,,,,,,,,,,,,,,,,,,,,,,,,,,,,,,,,,,,,,,,,,,,,,,,,,,,,,,,,,,,,,,,,,,,,,,,,,,,,,,,,,,,,,,,,,,,,,,,,,,,,,,,,,,,,,,,,,,,,,,,,,,,,,,,,,,,,,,,,,,,,,,,,,,,,,,,,,,,,,,,,,,,,,,,,,,,,,,,,,,,,,,,,,,,,,,,,,,,,,,,,,,,,,,,,,,,,,,,,,,,,,,,,,,,,,,,,,,,,,,,,,,,,,,,,,,,,,,,,,,,,,,,,,,,,,,,,,,,,,,,,,,,,,,,,,,,,,,,,,,,,,,,,,,,,,,,,,,,,,,,,,,,,,,,,,,,,,,,,,,,,,,,,,,,,,,,,,,,,,,,,,,,,,,,,,,,,,,,,,,,,,,,,,,,,,,,,,,,,,,,,,,,,,,,,,,,,,,,,,,,,,,,,,,,,,,,,,,,,,,,,,,,,,,,,,,,,,,,,,,,,,,,,,,,,,,,,,,,,,,,,,,,,,,,,,,,,,,,,,,,,,,,,,,,,,,,,,,,,,,,,,,,,,,,,,,,,,,,,,,,,,,,,,,,,,,,,,,,,,,,,,,,,,,,,,,,,,,,,,,,,,,,,,,,,,,,,,,,,,,,,,,,,,,,,,,,,,,,,,,,,,,,,,,,,,,,,,,,,,,,,,,,,,,,,,,,,,,,,,,,,,,,,,,,,,,,,,,,,,,,,,,,,,,,,,,,,,,,,,,,,,,,,,,,,,,,,,,,,,,,,,,,,,,,,,,,,,,,,,,,,,,,,,,,,,,,,,,,,,,,,,,,,,,,,,,,,,,,,,,,,,,,,,,,,,,,,
3,d7gbyn7s,,0,240,240,hashtag_experiment,LastPage,2024-04-17 17:08:14.706669,1,,,28.0,g8k2na6b,,,,,0,0.0,1.0,hashtag_experiment,"[[[30, 31], [32, 33], [34, 35], [36, 38], [37, 39], [40, 42], [41, 43], [44, 46], [45, 47], [48, 50], [1, 49], [2, 4], [3, 5], [6, 7], [8, 10], [9, 11], [12, 13], [14, 15], [16, 17], [18, 19], [20, 21], [22, 23], [24, 25], [26, 27], [28, 29]], [[3, 5], [4, 6], [7, 9], [8, 10], [11, 13], [12, 14], [15, 16], [17, 19], [18, 20], [21, 23], [22, 24], [25, 26], [27, 29], [28, 30], [31, 33], [32, 34], [35, 36], [37, 39], [38, 40], [41, 42], [43, 45], [44, 46], [47, 49], [48, 50], [1, 2]], [[23, 25], [22, 24], [26, 27], [28, 30], [29, 31], [32, 34], [33, 35], [36, 37], [38, 39], [40, 41], [42, 43], [44, 46], [45, 47], [48, 50], [1, 49], [2, 3], [4, 5], [6, 8], [7, 9], [10, 12], [11, 13], [14, 15], [16, 18], [17, 19], [20, 21]], [[3, 5], [4, 6], [7, 8], [9, 10], [11, 12], [13, 15], [14, 16], [17, 19], [18, 20], [21, 23], [22, 24], [25, 27], [26, 28], [29, 31], [30, 32], [33, 34], [35, 37], [36, 38], [39, 41], [40, 42], [43, 44], [45, 46], [47, 49], [48, 50], [1, 2]], [[9, 10], [11, 12], [13, 14], [15, 17], [16, 18], [19, 21], [20, 22], [23, 24], [25, 26], [27, 29], [28, 30], [31, 33], [32, 34], [35, 36], [37, 39], [38, 40], [41, 42], [43, 44], [45, 46], [47, 49], [48, 50], [1, 3], [2, 4], [5, 6], [7, 8]], [[41, 42], [43, 44], [45, 47], [46, 48], [49, 50], [1, 3], [2, 4], [5, 6], [7, 9], [8, 10], [11, 13], [12, 14], [15, 17], [16, 18], [19, 21], [20, 22], [23, 25], [24, 26], [27, 29], [28, 30], [31, 33], [32, 34], [35, 36], [37, 39], [38, 40]], [[16, 17], [18, 19], [20, 22], [21, 23], [24, 25], [26, 28], [27, 29], [30, 31], [32, 33], [34, 35], [36, 38], [37, 39], [40, 41], [42, 44], [43, 45], [46, 47], [48, 50], [1, 49], [2, 4], [3, 5], [6, 7], [8, 10], [9, 11], [12, 14], [13, 15]], [[5, 7], [6, 8], [9, 10], [11, 13], [12, 14], [15, 16], [17, 18], [19, 21], [20, 22], [23, 25], [24, 26], [27, 28], [29, 31], [30, 32], [33, 34], [35, 37], [36, 38], [39, 40], [41, 42], [43, 44], [45, 46], [47, 48], [1, 49], [2, 50], [3, 4]], [[30, 32], [29, 31], [33, 34], [35, 36], [37, 38], [39, 40], [41, 42], [43, 45], [44, 46], [47, 48], [1, 49], [2, 50], [3, 4], [5, 7], [6, 8], [9, 11], [10, 12], [13, 14], [15, 16], [17, 18], [19, 21], [20, 22], [23, 24], [25, 27], [26, 28]], [[44, 46], [43, 45], [47, 49], [48, 50], [1, 2], [3, 4], [5, 6], [7, 8], [9, 10], [11, 13], [12, 14], [15, 17], [16, 18], [19, 20], [21, 22], [23, 25], [24, 26], [27, 28], [29, 31], [30, 32], [33, 34], [35, 37], [36, 38], [39, 40], [41, 42]], [[1, 50], [2, 4], [3, 5], [6, 7], [8, 9], [10, 11], [12, 14], [13, 15], [16, 18], [17, 19], [20, 22], [21, 23], [24, 25], [26, 27], [28, 30], [29, 31], [32, 34], [33, 35], [36, 37], [38, 40], [39, 41], [42, 43], [44, 46], [45, 47], [48, 49]], [[23, 25], [24, 26], [27, 29], [28, 30], [31, 33], [32, 34], [35, 37], [36, 38], [39, 41], [40, 42], [43, 44], [45, 46], [47, 49], [48, 50], [1, 2], [3, 5], [4, 6], [7, 8], [9, 11], [10, 12], [13, 14], [15, 17], [16, 18], [19, 20], [21, 22]], [[26, 28], [27, 29], [30, 31], [32, 34], [33, 35], [36, 37], [38, 39], [40, 42], [41, 43], [44, 45], [46, 47], [48, 49], [1, 50], [2, 3], [4, 5], [6, 7], [8, 9], [10, 11], [12, 14], [13, 15], [16, 18], [17, 19], [20, 21], [22, 23], [24, 25]], [[43, 44], [45, 46], [47, 48], [1, 49], [2, 50], [3, 4], [5, 7], [6, 8], [9, 10], [11, 12], [13, 14], [15, 16], [17, 19], [18, 20], [21, 23], [22, 24], [25, 27], [26, 28], [29, 30], [31, 33], [32, 34], [35, 37], [36, 38], [39, 40], [41, 42]], [[26, 27], [28, 30], [29, 31], [32, 33], [34, 36], [35, 37], [38, 40], [39, 41], [42, 44], [43, 45], [46, 48], [47, 49], [2, 50], [1, 3], [4, 5], [6, 7], [8, 10], [9, 11], [12, 14], [13, 15], [16, 17], [18, 20], [19, 21], [22, 24], [23, 25]], [[25, 27], [26, 28], [29, 30], [31, 32], [33, 35], [34, 36], [37, 39], [38, 40], [41, 43], [42, 44], [45, 47], [46, 48], [1, 49], [2, 50], [3, 4], [5, 7], [6, 8], [9, 11], [10, 12], [13, 14], [15, 16], [17, 18], [19, 20], [21, 23], [22, 24]], [[20, 21], [22, 24], [23, 25], [26, 28], [27, 29], [30, 31], [32, 33], [34, 35], [36, 38], [37, 39], [40, 41], [42, 43], [44, 46], [45, 47], [48, 49], [1, 50], [2, 3], [4, 6], [5, 7], [8, 9], [10, 12], [11, 13], [14, 15], [16, 18], [17, 19]], [[6, 7], [8, 9], [10, 11], [12, 14], [13, 15], [16, 17], [18, 20], [19, 21], [22, 24], [23, 25], [26, 28], [27, 29], [30, 32], [31, 33], [34, 36], [35, 37], [38, 40], [39, 41], [42, 44], [43, 45], [46, 48], [47, 49], [1, 50], [2, 4], [3, 5]], [[41, 43], [40, 42], [44, 45], [46, 48], [47, 49], [1, 50], [2, 4], [3, 5], [6, 8], [7, 9], [10, 12], [11, 13], [14, 16], [15, 17], [18, 19], [20, 22], [21, 23], [24, 25], [26, 28], [27, 29], [30, 31], [32, 34], [33, 35], [36, 38], [37, 39]], [[13, 14], [15, 16], [17, 18], [19, 21], [20, 22], [23, 24], [25, 26], [27, 28], [29, 30], [31, 32], [33, 34], [35, 37], [36, 38], [39, 41], [40, 42], [43, 44], [45, 47], [46, 48], [49, 50], [1, 2], [3, 5], [4, 6], [7, 8], [9, 10], [11, 12]], [[21, 22], [23, 24], [25, 26], [27, 29], [28, 30], [31, 33], [32, 34], [35, 36], [37, 39], [38, 40], [41, 42], [43, 44], [45, 47], [46, 48], [49, 50], [1, 3], [2, 4], [5, 7], [6, 8], [9, 11], [10, 12], [13, 15], [14, 16], [17, 19], [18, 20]], [[12, 14], [13, 15], [16, 18], [17, 19], [20, 22], [21, 23], [24, 26], [25, 27], [28, 30], [29, 31], [32, 34], [33, 35], [36, 38], [37, 39], [40, 42], [41, 43], [44, 46], [45, 47], [48, 50], [1, 49], [2, 4], [3, 5], [6, 8], [7, 9], [10, 11]], [[39, 40], [41, 42], [43, 44], [45, 47], [46, 48], [1, 49], [2, 50], [3, 5], [4, 6], [7, 9], [8, 10], [11, 12], [13, 15], [14, 16], [17, 18], [19, 21], [20, 22], [23, 24], [25, 27], [26, 28], [29, 31], [30, 32], [33, 35], [34, 36], [37, 38]], [[41, 43], [42, 44], [45, 46], [47, 48], [1, 49], [2, 50], [3, 4], [5, 6], [7, 9], [8, 10], [11, 13], [12, 14], [15, 17], [16, 18], [19, 21], [20, 22], [23, 24], [25, 27], [26, 28], [29, 30], [31, 32], [33, 35], [34, 36], [37, 38], [39, 40]], [[43, 45], [46, 47], [48, 49], [2, 50], [1, 3], [4, 6], [5, 7], [8, 10], [9, 11], [12, 13], [14, 16], [15, 17], [18, 20], [19, 21], [22, 23], [24, 25], [26, 27], [28, 29], [30, 32], [31, 33], [34, 35], [36, 37], [38, 40], [39, 41], [42, 44]], [[14, 16], [17, 19], [18, 20], [21, 22], [23, 25], [24, 26], [27, 28], [29, 30], [31, 32], [33, 35], [34, 36], [37, 38], [39, 40], [41, 42], [43, 45], [44, 46], [47, 48], [1, 49], [2, 50], [3, 5], [4, 6], [7, 8], [9, 10], [11, 12], [13, 15]], [[5, 6], [7, 9], [8, 10], [11, 13], [12, 14], [15, 17], [16, 18], [19, 21], [20, 22], [23, 25], [24, 26], [27, 28], [29, 31], [30, 32], [33, 34], [35, 37], [36, 38], [39, 41], [40, 42], [43, 44], [45, 47], [46, 48], [1, 49], [2, 50], [3, 4]], [[18, 19], [20, 22], [21, 23], [24, 25], [26, 28], [27, 29], [30, 32], [31, 33], [34, 36], [35, 37], [38, 40], [39, 41], [42, 44], [43, 45], [46, 48], [47, 49], [2, 50], [1, 3], [4, 5], [6, 8], [7, 9], [10, 12], [11, 13], [14, 16], [15, 17]], [[49, 50], [1, 2], [3, 4], [5, 6], [7, 8], [9, 10], [11, 12], [13, 15], [14, 16], [17, 18], [19, 20], [21, 22], [23, 25], [24, 26], [27, 28], [29, 30], [31, 32], [33, 34], [35, 36], [37, 38], [39, 41], [40, 42], [43, 44], [45, 47], [46, 48]], [[43, 45], [44, 46], [47, 49], [48, 50], [1, 2], [3, 4], [5, 7], [6, 8], [9, 10], [11, 13], [12, 14], [15, 16], [17, 18], [19, 20], [21, 23], [22, 24], [25, 27], [26, 28], [29, 31], [30, 32], [33, 35], [34, 36], [37, 38], [39, 41], [40, 42]], [[7, 8], [9, 10], [11, 13], [12, 14], [15, 17], [16, 18], [19, 21], [20, 22], [23, 24], [25, 27], [26, 28], [29, 31], [30, 32], [33, 34], [35, 36], [37, 39], [38, 40], [41, 43], [42, 44], [45, 46], [47, 49], [48, 50], [1, 2], [3, 4], [5, 6]], [[14, 16], [13, 15], [17, 19], [18, 20], [21, 22], [23, 25], [24, 26], [27, 28], [29, 31], [30, 32], [33, 34], [35, 37], [36, 38], [39, 40], [41, 42], [43, 45], [44, 46], [47, 48], [1, 49], [2, 50], [3, 4], [5, 7], [6, 8], [9, 11], [10, 12]], [[43, 45], [44, 46], [47, 48], [1, 49], [2, 50], [3, 4], [5, 6], [7, 9], [8, 10], [11, 12], [13, 14], [15, 16], [17, 19], [18, 20], [21, 23], [22, 24], [25, 26], [27, 29], [28, 30], [31, 32], [33, 35], [34, 36], [37, 39], [38, 40], [41, 42]], [[14, 15], [16, 17], [18, 19], [20, 21], [22, 24], [23, 25], [26, 27], [28, 29], [30, 32], [31, 33], [34, 36], [35, 37], [38, 39], [40, 42], [41, 43], [44, 45], [46, 47], [48, 49], [2, 50], [1, 3], [4, 5], [6, 8], [7, 9], [10, 12], [11, 13]], [[18, 20], [19, 21], [22, 24], [23, 25], [26, 28], [27, 29], [30, 32], [31, 33], [34, 35], [36, 37], [38, 40], [39, 41], [42, 44], [43, 45], [46, 47], [48, 49], [2, 50], [1, 3], [4, 6], [5, 7], [8, 10], [9, 11], [12, 13], [14, 16], [15, 17]], [[40, 41], [42, 43], [44, 45], [46, 48], [47, 49], [1, 50], [2, 3], [4, 5], [6, 7], [8, 10], [9, 11], [12, 13], [14, 15], [16, 17], [18, 20], [19, 21], [22, 24], [23, 25], [26, 28], [27, 29], [30, 31], [32, 34], [33, 35], [36, 37], [38, 39]], [[43, 45], [46, 47], [48, 50], [1, 49], [2, 4], [3, 5], [6, 7], [8, 10], [9, 11], [12, 14], [13, 15], [16, 18], [17, 19], [20, 22], [21, 23], [24, 25], [26, 27], [28, 30], [29, 31], [32, 33], [34, 35], [36, 38], [37, 39], [40, 41], [42, 44]], [[41, 43], [44, 45], [46, 47], [48, 49], [2, 50], [1, 3], [4, 6], [5, 7], [8, 9], [10, 12], [11, 13], [14, 15], [16, 18], [17, 19], [20, 22], [21, 23], [24, 25], [26, 28], [27, 29], [30, 31], [32, 34], [33, 35], [36, 38], [37, 39], [40, 42]], [[2, 3], [4, 5], [6, 7], [8, 9], [10, 11], [12, 14], [13, 15], [16, 17], [18, 20], [19, 21], [22, 23], [24, 25], [26, 27], [28, 30], [29, 31], [32, 34], [33, 35], [36, 38], [37, 39], [40, 41], [42, 44], [43, 45], [46, 48], [47, 49], [1, 50]], [[11, 12], [13, 14], [15, 17], [16, 18], [19, 21], [20, 22], [23, 24], [25, 27], [26, 28], [29, 30], [31, 32], [33, 35], [34, 36], [37, 38], [39, 41], [40, 42], [43, 44], [45, 46], [47, 48], [1, 49], [2, 50], [3, 5], [4, 6], [7, 9], [8, 10]]]",,1,,0.0,92544,Tsunami,13,1,1,,0.0,92544,earthquake,1,2,2,,0.0,92544,Tsunami,16,3,1,,1.0,92544,Tsunami,1,4,2,,0.0,92544,tsunami,22,5,2,,0.0,92544,tsunami,6,6,1,,1.0,92544,tsunami,20,7,1,,0.0,92544,tsunami,25,8,1,,0.0,92544,tsunami,13,9,1,,1.0,92544,tsunami,6,10,1,,1.0,92544,tsunami,3,11,1,,1.0,92544,tsunami,16,12,2,,0.0,92544,tsunami,14,13,1,,0.0,92544,tsunami,6,14,2,,0.0,92544,tsunami,14,15,1,,1.0,92544,tsunami,15,16,2,,0.0,92544,tsunami,17,17,1,,1.0,92544,tsunami,25,18,1,,1.0,92544,tsunami,8,19,1,,1.0,92544,tsunami,21,20,2,,1.0,92544,tsunami,16,21,1,,1.0,92544,tsunami,22,22,1,,1.0,92544,tsunami,8,23,1,,0.0,92544,tsunami,7,24,2,,1.0,92544,tsunami,5,25,1,,1.0,92544,tsunami,20,26,1,,1.0,92544,tsunami,25,27,2,,1.0,92544,tsunami,18,28,1,,1.0,92544,tsunami,3,29,1,,1.0,92544,tsunami,6,30,1,,1.0,92544,tsunami,24,31,1,,1.0,92544,tsunami,21,32,1,,1.0,92544,tsunami,6,33,2,,1.0,92544,tsunami,20,34,2,,1.0,92544,tsunami,18,35,2,,1.0,92544,tsunami,7,36,1,,1.0,92544,tsunami,6,37,2,,1.0,92544,tsunami,6,38,2,,1.0,92544,tsunami,1,39,1,,1.0,92544,tsunami,22,40,,,,,,,,,,,,,,,,,,,,,,,,,,,,,,,,,,,,,,,,,,,,,,,,,,,,,,,,,,,,,,,,,,,,,,,,,,,,,,,,,,,,,,,,,,,,,,,,,,,,,,,,,,,,,,,,,,,,,,,,,,,,,,,,,,,,,,,,,,,,,,,,,,,,,,,,,,,,,,,,,,,,,,,,,,,,,,,,,,,,,,,,,,,,,,,,,,,,,,,,,,,,,,,,,,,,,,,,,,,,,,,,,,,,,,,,,,,,,,,,,,,,,,,,,,,,,,,,,,,,,,,,,,,,,,,,,,,,,,,,,,,,,,,,,,,,,,,,,,,,,,,,,,,,,,,,,,,,,,,,,,,,,,,,,,,,,,,,,,,,,,,,,,,,,,,,,,,,,,,,,,,,,,,,,,,,,,,,,,,,,,,,,,,,,,,,,,,,,,,,,,,,,,,,,,,,,,,,,,,,,,,,,,,,,,,,,,,,,,,,,,,,,,,,,,,,,,,,,,,,,,,,,,,,,,,,,,,,,,,,,,,,,,,,,,,,,,,,,,,,,,,,,,,,,,,,,,,,,,,,,,,,,,,,,,,,,,,,,,,,,,,,,,,,,,,,,,,,,,,,,,,,,,,,,,,,,,,,,,,,,,,,,,,,,,,,,,,,,,,,,,,,,,,,,,,,,,,,,,,,,,,,,,,,,,,,,,,,,,,,,,,,,,,,,,,,,,,,,,,,,,,,,,,,,,,,,,,,,,,,,,,,,,,,,,,,,,,,,,,,,,,,,,,,,,,,,,,,,,,,,,,,,,,,,,,,,,,,,,,,,,,,,,,,,,,,,,,,,,,,,,,,,,,,,,,,,,,,,,,,,,,,,,,,,,,,,,,,,,,,,,,,,,,,,,,,,,,,,,,,,,,,,,,,,,,,,,,,,,,,,,,,,,,,,,,,,,,,,,,,,,,,,,,,,,,,,,,,,,,,,,,,,,,,,,,,,,,,,,,,,,,,,,,,,,,,,,,,,,,,,,,,,,,,,,,,,,,,,,,,,,,,,,,,,,,,,,,,,,,,,,,,,,,,,,,,,,,,,,,,,,,,,,,,,,,,,,,,,,,,,,,,,,,,,,,,,,,,,,,,,,,,,,,,,,,,,,,,,,,,,,,,,,,,,,,,,,,,,,,,,,,,,,,,,,,,,,,,,,,,,,,,,,,,,,,,,,,,,,,,,,,,,,,,,,,,,,,,,,,,,,,,,,,,,,,,,,,,,,,,,,,,,,,,,,,,,,,,,,,,,,,,,,,,,,
4,fr65jbo1,,0,240,240,hashtag_experiment,LastPage,2024-04-17 17:08:33.639017,1,,,19.0,g8k2na6b,,,,,0,0.0,1.0,hashtag_experiment,"[[[30, 31], [32, 33], [34, 35], [36, 38], [37, 39], [40, 42], [41, 43], [44, 46], [45, 47], [48, 50], [1, 49], [2, 4], [3, 5], [6, 7], [8, 10], [9, 11], [12, 13], [14, 15], [16, 17], [18, 19], [20, 21], [22, 23], [24, 25], [26, 27], [28, 29]], [[3, 5], [4, 6], [7, 9], [8, 10], [11, 13], [12, 14], [15, 16], [17, 19], [18, 20], [21, 23], [22, 24], [25, 26], [27, 29], [28, 30], [31, 33], [32, 34], [35, 36], [37, 39], [38, 40], [41, 42], [43, 45], [44, 46], [47, 49], [48, 50], [1, 2]], [[23, 25], [22, 24], [26, 27], [28, 30], [29, 31], [32, 34], [33, 35], [36, 37], [38, 39], [40, 41], [42, 43], [44, 46], [45, 47], [48, 50], [1, 49], [2, 3], [4, 5], [6, 8], [7, 9], [10, 12], [11, 13], [14, 15], [16, 18], [17, 19], [20, 21]], [[3, 5], [4, 6], [7, 8], [9, 10], [11, 12], [13, 15], [14, 16], [17, 19], [18, 20], [21, 23], [22, 24], [25, 27], [26, 28], [29, 31], [30, 32], [33, 34], [35, 37], [36, 38], [39, 41], [40, 42], [43, 44], [45, 46], [47, 49], [48, 50], [1, 2]], [[9, 10], [11, 12], [13, 14], [15, 17], [16, 18], [19, 21], [20, 22], [23, 24], [25, 26], [27, 29], [28, 30], [31, 33], [32, 34], [35, 36], [37, 39], [38, 40], [41, 42], [43, 44], [45, 46], [47, 49], [48, 50], [1, 3], [2, 4], [5, 6], [7, 8]], [[41, 42], [43, 44], [45, 47], [46, 48], [49, 50], [1, 3], [2, 4], [5, 6], [7, 9], [8, 10], [11, 13], [12, 14], [15, 17], [16, 18], [19, 21], [20, 22], [23, 25], [24, 26], [27, 29], [28, 30], [31, 33], [32, 34], [35, 36], [37, 39], [38, 40]], [[16, 17], [18, 19], [20, 22], [21, 23], [24, 25], [26, 28], [27, 29], [30, 31], [32, 33], [34, 35], [36, 38], [37, 39], [40, 41], [42, 44], [43, 45], [46, 47], [48, 50], [1, 49], [2, 4], [3, 5], [6, 7], [8, 10], [9, 11], [12, 14], [13, 15]], [[5, 7], [6, 8], [9, 10], [11, 13], [12, 14], [15, 16], [17, 18], [19, 21], [20, 22], [23, 25], [24, 26], [27, 28], [29, 31], [30, 32], [33, 34], [35, 37], [36, 38], [39, 40], [41, 42], [43, 44], [45, 46], [47, 48], [1, 49], [2, 50], [3, 4]], [[30, 32], [29, 31], [33, 34], [35, 36], [37, 38], [39, 40], [41, 42], [43, 45], [44, 46], [47, 48], [1, 49], [2, 50], [3, 4], [5, 7], [6, 8], [9, 11], [10, 12], [13, 14], [15, 16], [17, 18], [19, 21], [20, 22], [23, 24], [25, 27], [26, 28]], [[44, 46], [43, 45], [47, 49], [48, 50], [1, 2], [3, 4], [5, 6], [7, 8], [9, 10], [11, 13], [12, 14], [15, 17], [16, 18], [19, 20], [21, 22], [23, 25], [24, 26], [27, 28], [29, 31], [30, 32], [33, 34], [35, 37], [36, 38], [39, 40], [41, 42]], [[1, 50], [2, 4], [3, 5], [6, 7], [8, 9], [10, 11], [12, 14], [13, 15], [16, 18], [17, 19], [20, 22], [21, 23], [24, 25], [26, 27], [28, 30], [29, 31], [32, 34], [33, 35], [36, 37], [38, 40], [39, 41], [42, 43], [44, 46], [45, 47], [48, 49]], [[23, 25], [24, 26], [27, 29], [28, 30], [31, 33], [32, 34], [35, 37], [36, 38], [39, 41], [40, 42], [43, 44], [45, 46], [47, 49], [48, 50], [1, 2], [3, 5], [4, 6], [7, 8], [9, 11], [10, 12], [13, 14], [15, 17], [16, 18], [19, 20], [21, 22]], [[26, 28], [27, 29], [30, 31], [32, 34], [33, 35], [36, 37], [38, 39], [40, 42], [41, 43], [44, 45], [46, 47], [48, 49], [1, 50], [2, 3], [4, 5], [6, 7], [8, 9], [10, 11], [12, 14], [13, 15], [16, 18], [17, 19], [20, 21], [22, 23], [24, 25]], [[43, 44], [45, 46], [47, 48], [1, 49], [2, 50], [3, 4], [5, 7], [6, 8], [9, 10], [11, 12], [13, 14], [15, 16], [17, 19], [18, 20], [21, 23], [22, 24], [25, 27], [26, 28], [29, 30], [31, 33], [32, 34], [35, 37], [36, 38], [39, 40], [41, 42]], [[26, 27], [28, 30], [29, 31], [32, 33], [34, 36], [35, 37], [38, 40], [39, 41], [42, 44], [43, 45], [46, 48], [47, 49], [2, 50], [1, 3], [4, 5], [6, 7], [8, 10], [9, 11], [12, 14], [13, 15], [16, 17], [18, 20], [19, 21], [22, 24], [23, 25]], [[25, 27], [26, 28], [29, 30], [31, 32], [33, 35], [34, 36], [37, 39], [38, 40], [41, 43], [42, 44], [45, 47], [46, 48], [1, 49], [2, 50], [3, 4], [5, 7], [6, 8], [9, 11], [10, 12], [13, 14], [15, 16], [17, 18], [19, 20], [21, 23], [22, 24]], [[20, 21], [22, 24], [23, 25], [26, 28], [27, 29], [30, 31], [32, 33], [34, 35], [36, 38], [37, 39], [40, 41], [42, 43], [44, 46], [45, 47], [48, 49], [1, 50], [2, 3], [4, 6], [5, 7], [8, 9], [10, 12], [11, 13], [14, 15], [16, 18], [17, 19]], [[6, 7], [8, 9], [10, 11], [12, 14], [13, 15], [16, 17], [18, 20], [19, 21], [22, 24], [23, 25], [26, 28], [27, 29], [30, 32], [31, 33], [34, 36], [35, 37], [38, 40], [39, 41], [42, 44], [43, 45], [46, 48], [47, 49], [1, 50], [2, 4], [3, 5]], [[41, 43], [40, 42], [44, 45], [46, 48], [47, 49], [1, 50], [2, 4], [3, 5], [6, 8], [7, 9], [10, 12], [11, 13], [14, 16], [15, 17], [18, 19], [20, 22], [21, 23], [24, 25], [26, 28], [27, 29], [30, 31], [32, 34], [33, 35], [36, 38], [37, 39]], [[13, 14], [15, 16], [17, 18], [19, 21], [20, 22], [23, 24], [25, 26], [27, 28], [29, 30], [31, 32], [33, 34], [35, 37], [36, 38], [39, 41], [40, 42], [43, 44], [45, 47], [46, 48], [49, 50], [1, 2], [3, 5], [4, 6], [7, 8], [9, 10], [11, 12]], [[21, 22], [23, 24], [25, 26], [27, 29], [28, 30], [31, 33], [32, 34], [35, 36], [37, 39], [38, 40], [41, 42], [43, 44], [45, 47], [46, 48], [49, 50], [1, 3], [2, 4], [5, 7], [6, 8], [9, 11], [10, 12], [13, 15], [14, 16], [17, 19], [18, 20]], [[12, 14], [13, 15], [16, 18], [17, 19], [20, 22], [21, 23], [24, 26], [25, 27], [28, 30], [29, 31], [32, 34], [33, 35], [36, 38], [37, 39], [40, 42], [41, 43], [44, 46], [45, 47], [48, 50], [1, 49], [2, 4], [3, 5], [6, 8], [7, 9], [10, 11]], [[39, 40], [41, 42], [43, 44], [45, 47], [46, 48], [1, 49], [2, 50], [3, 5], [4, 6], [7, 9], [8, 10], [11, 12], [13, 15], [14, 16], [17, 18], [19, 21], [20, 22], [23, 24], [25, 27], [26, 28], [29, 31], [30, 32], [33, 35], [34, 36], [37, 38]], [[41, 43], [42, 44], [45, 46], [47, 48], [1, 49], [2, 50], [3, 4], [5, 6], [7, 9], [8, 10], [11, 13], [12, 14], [15, 17], [16, 18], [19, 21], [20, 22], [23, 24], [25, 27], [26, 28], [29, 30], [31, 32], [33, 35], [34, 36], [37, 38], [39, 40]], [[43, 45], [46, 47], [48, 49], [2, 50], [1, 3], [4, 6], [5, 7], [8, 10], [9, 11], [12, 13], [14, 16], [15, 17], [18, 20], [19, 21], [22, 23], [24, 25], [26, 27], [28, 29], [30, 32], [31, 33], [34, 35], [36, 37], [38, 40], [39, 41], [42, 44]], [[14, 16], [17, 19], [18, 20], [21, 22], [23, 25], [24, 26], [27, 28], [29, 30], [31, 32], [33, 35], [34, 36], [37, 38], [39, 40], [41, 42], [43, 45], [44, 46], [47, 48], [1, 49], [2, 50], [3, 5], [4, 6], [7, 8], [9, 10], [11, 12], [13, 15]], [[5, 6], [7, 9], [8, 10], [11, 13], [12, 14], [15, 17], [16, 18], [19, 21], [20, 22], [23, 25], [24, 26], [27, 28], [29, 31], [30, 32], [33, 34], [35, 37], [36, 38], [39, 41], [40, 42], [43, 44], [45, 47], [46, 48], [1, 49], [2, 50], [3, 4]], [[18, 19], [20, 22], [21, 23], [24, 25], [26, 28], [27, 29], [30, 32], [31, 33], [34, 36], [35, 37], [38, 40], [39, 41], [42, 44], [43, 45], [46, 48], [47, 49], [2, 50], [1, 3], [4, 5], [6, 8], [7, 9], [10, 12], [11, 13], [14, 16], [15, 17]], [[49, 50], [1, 2], [3, 4], [5, 6], [7, 8], [9, 10], [11, 12], [13, 15], [14, 16], [17, 18], [19, 20], [21, 22], [23, 25], [24, 26], [27, 28], [29, 30], [31, 32], [33, 34], [35, 36], [37, 38], [39, 41], [40, 42], [43, 44], [45, 47], [46, 48]], [[43, 45], [44, 46], [47, 49], [48, 50], [1, 2], [3, 4], [5, 7], [6, 8], [9, 10], [11, 13], [12, 14], [15, 16], [17, 18], [19, 20], [21, 23], [22, 24], [25, 27], [26, 28], [29, 31], [30, 32], [33, 35], [34, 36], [37, 38], [39, 41], [40, 42]], [[7, 8], [9, 10], [11, 13], [12, 14], [15, 17], [16, 18], [19, 21], [20, 22], [23, 24], [25, 27], [26, 28], [29, 31], [30, 32], [33, 34], [35, 36], [37, 39], [38, 40], [41, 43], [42, 44], [45, 46], [47, 49], [48, 50], [1, 2], [3, 4], [5, 6]], [[14, 16], [13, 15], [17, 19], [18, 20], [21, 22], [23, 25], [24, 26], [27, 28], [29, 31], [30, 32], [33, 34], [35, 37], [36, 38], [39, 40], [41, 42], [43, 45], [44, 46], [47, 48], [1, 49], [2, 50], [3, 4], [5, 7], [6, 8], [9, 11], [10, 12]], [[43, 45], [44, 46], [47, 48], [1, 49], [2, 50], [3, 4], [5, 6], [7, 9], [8, 10], [11, 12], [13, 14], [15, 16], [17, 19], [18, 20], [21, 23], [22, 24], [25, 26], [27, 29], [28, 30], [31, 32], [33, 35], [34, 36], [37, 39], [38, 40], [41, 42]], [[14, 15], [16, 17], [18, 19], [20, 21], [22, 24], [23, 25], [26, 27], [28, 29], [30, 32], [31, 33], [34, 36], [35, 37], [38, 39], [40, 42], [41, 43], [44, 45], [46, 47], [48, 49], [2, 50], [1, 3], [4, 5], [6, 8], [7, 9], [10, 12], [11, 13]], [[18, 20], [19, 21], [22, 24], [23, 25], [26, 28], [27, 29], [30, 32], [31, 33], [34, 35], [36, 37], [38, 40], [39, 41], [42, 44], [43, 45], [46, 47], [48, 49], [2, 50], [1, 3], [4, 6], [5, 7], [8, 10], [9, 11], [12, 13], [14, 16], [15, 17]], [[40, 41], [42, 43], [44, 45], [46, 48], [47, 49], [1, 50], [2, 3], [4, 5], [6, 7], [8, 10], [9, 11], [12, 13], [14, 15], [16, 17], [18, 20], [19, 21], [22, 24], [23, 25], [26, 28], [27, 29], [30, 31], [32, 34], [33, 35], [36, 37], [38, 39]], [[43, 45], [46, 47], [48, 50], [1, 49], [2, 4], [3, 5], [6, 7], [8, 10], [9, 11], [12, 14], [13, 15], [16, 18], [17, 19], [20, 22], [21, 23], [24, 25], [26, 27], [28, 30], [29, 31], [32, 33], [34, 35], [36, 38], [37, 39], [40, 41], [42, 44]], [[41, 43], [44, 45], [46, 47], [48, 49], [2, 50], [1, 3], [4, 6], [5, 7], [8, 9], [10, 12], [11, 13], [14, 15], [16, 18], [17, 19], [20, 22], [21, 23], [24, 25], [26, 28], [27, 29], [30, 31], [32, 34], [33, 35], [36, 38], [37, 39], [40, 42]], [[2, 3], [4, 5], [6, 7], [8, 9], [10, 11], [12, 14], [13, 15], [16, 17], [18, 20], [19, 21], [22, 23], [24, 25], [26, 27], [28, 30], [29, 31], [32, 34], [33, 35], [36, 38], [37, 39], [40, 41], [42, 44], [43, 45], [46, 48], [47, 49], [1, 50]], [[11, 12], [13, 14], [15, 17], [16, 18], [19, 21], [20, 22], [23, 24], [25, 27], [26, 28], [29, 30], [31, 32], [33, 35], [34, 36], [37, 38], [39, 41], [40, 42], [43, 44], [45, 46], [47, 48], [1, 49], [2, 50], [3, 5], [4, 6], [7, 9], [8, 10]]]",,2,,0.0,33021,Disaster,12,1,1,,0.0,33021,Setsuden,2,2,1,,0.0,33021,Earthquake,17,3,1,,0.0,33021,Daiichi,2,4,2,,0.0,33021,Waves,23,5,2,,0.0,33021,nuclear,7,6,2,,0.0,33021,Fallout,19,7,2,,0.0,33021,Island,25,8,2,,0.0,33021,Daiichi,13,9,2,,1.0,33021,Tsunami,6,10,2,,0.0,33021,tsunami,2,11,1,,0.0,33021,NuclearDisaster,17,12,1,,0.0,33021,Waves,15,13,2,,0.0,33021,Disaster,6,14,1,,1.0,33021,tsunami,15,15,2,,1.0,33021,tsunami,15,16,1,,1.0,33021,tsunami,18,17,2,,0.0,33021,tsunami,24,18,2,,0.0,33021,tsunami,7,19,1,,0.0,33021,tsunami,22,20,2,,0.0,33021,earthquake,17,21,2,,1.0,33021,earthquake,21,22,1,,1.0,33021,tsunami,9,23,2,,0.0,33021,nuclear,7,24,1,,1.0,33021,tsunami,6,25,1,,0.0,33021,earthquake,21,26,2,,1.0,33021,tsunami,25,27,1,,0.0,33021,earthquake,19,28,2,,1.0,33021,tsunami,3,29,2,,1.0,33021,tsunami,6,30,2,,1.0,33021,tsunami,24,31,2,,1.0,33021,tsunami,21,32,2,,1.0,33021,tsunami,6,33,1,,1.0,33021,tsunami,21,34,1,,1.0,33021,tsunami,19,35,1,,1.0,33021,tsunami,8,36,2,,0.0,33021,tsunami,5,37,1,,1.0,33021,Tsunami,7,38,1,,1.0,33021,tsunami,2,39,1,,1.0,33021,tsunami,23,40,,,,,,,,,,,,,,,,,,,,,,,,,,,,,,,,,,,,,,,,,,,,,,,,,,,,,,,,,,,,,,,,,,,,,,,,,,,,,,,,,,,,,,,,,,,,,,,,,,,,,,,,,,,,,,,,,,,,,,,,,,,,,,,,,,,,,,,,,,,,,,,,,,,,,,,,,,,,,,,,,,,,,,,,,,,,,,,,,,,,,,,,,,,,,,,,,,,,,,,,,,,,,,,,,,,,,,,,,,,,,,,,,,,,,,,,,,,,,,,,,,,,,,,,,,,,,,,,,,,,,,,,,,,,,,,,,,,,,,,,,,,,,,,,,,,,,,,,,,,,,,,,,,,,,,,,,,,,,,,,,,,,,,,,,,,,,,,,,,,,,,,,,,,,,,,,,,,,,,,,,,,,,,,,,,,,,,,,,,,,,,,,,,,,,,,,,,,,,,,,,,,,,,,,,,,,,,,,,,,,,,,,,,,,,,,,,,,,,,,,,,,,,,,,,,,,,,,,,,,,,,,,,,,,,,,,,,,,,,,,,,,,,,,,,,,,,,,,,,,,,,,,,,,,,,,,,,,,,,,,,,,,,,,,,,,,,,,,,,,,,,,,,,,,,,,,,,,,,,,,,,,,,,,,,,,,,,,,,,,,,,,,,,,,,,,,,,,,,,,,,,,,,,,,,,,,,,,,,,,,,,,,,,,,,,,,,,,,,,,,,,,,,,,,,,,,,,,,,,,,,,,,,,,,,,,,,,,,,,,,,,,,,,,,,,,,,,,,,,,,,,,,,,,,,,,,,,,,,,,,,,,,,,,,,,,,,,,,,,,,,,,,,,,,,,,,,,,,,,,,,,,,,,,,,,,,,,,,,,,,,,,,,,,,,,,,,,,,,,,,,,,,,,,,,,,,,,,,,,,,,,,,,,,,,,,,,,,,,,,,,,,,,,,,,,,,,,,,,,,,,,,,,,,,,,,,,,,,,,,,,,,,,,,,,,,,,,,,,,,,,,,,,,,,,,,,,,,,,,,,,,,,,,,,,,,,,,,,,,,,,,,,,,,,,,,,,,,,,,,,,,,,,,,,,,,,,,,,,,,,,,,,,,,,,,,,,,,,,,,,,,,,,,,,,,,,,,,,,,,,,,,,,,,,,,,,,,,,,,,,,,,,,,,,,,,,,,,,,,,,,,,,,,,,,,,,,,,,,,,,,,,,,,,,,,,,,,,,,,,,,,,,,,,,,,,,,,,,,,,,,,,,,,,,,,,,,,,,,,,,,,,,,,,,,,,,,,,,,,,,,,,,,,,,,,
5,ww4rlu9z,,0,240,240,hashtag_experiment,LastPage,2024-04-17 17:09:19.511673,1,,,27.0,g8k2na6b,,,,,0,0.0,1.0,hashtag_experiment,"[[[30, 31], [32, 33], [34, 35], [36, 38], [37, 39], [40, 42], [41, 43], [44, 46], [45, 47], [48, 50], [1, 49], [2, 4], [3, 5], [6, 7], [8, 10], [9, 11], [12, 13], [14, 15], [16, 17], [18, 19], [20, 21], [22, 23], [24, 25], [26, 27], [28, 29]], [[3, 5], [4, 6], [7, 9], [8, 10], [11, 13], [12, 14], [15, 16], [17, 19], [18, 20], [21, 23], [22, 24], [25, 26], [27, 29], [28, 30], [31, 33], [32, 34], [35, 36], [37, 39], [38, 40], [41, 42], [43, 45], [44, 46], [47, 49], [48, 50], [1, 2]], [[23, 25], [22, 24], [26, 27], [28, 30], [29, 31], [32, 34], [33, 35], [36, 37], [38, 39], [40, 41], [42, 43], [44, 46], [45, 47], [48, 50], [1, 49], [2, 3], [4, 5], [6, 8], [7, 9], [10, 12], [11, 13], [14, 15], [16, 18], [17, 19], [20, 21]], [[3, 5], [4, 6], [7, 8], [9, 10], [11, 12], [13, 15], [14, 16], [17, 19], [18, 20], [21, 23], [22, 24], [25, 27], [26, 28], [29, 31], [30, 32], [33, 34], [35, 37], [36, 38], [39, 41], [40, 42], [43, 44], [45, 46], [47, 49], [48, 50], [1, 2]], [[9, 10], [11, 12], [13, 14], [15, 17], [16, 18], [19, 21], [20, 22], [23, 24], [25, 26], [27, 29], [28, 30], [31, 33], [32, 34], [35, 36], [37, 39], [38, 40], [41, 42], [43, 44], [45, 46], [47, 49], [48, 50], [1, 3], [2, 4], [5, 6], [7, 8]], [[41, 42], [43, 44], [45, 47], [46, 48], [49, 50], [1, 3], [2, 4], [5, 6], [7, 9], [8, 10], [11, 13], [12, 14], [15, 17], [16, 18], [19, 21], [20, 22], [23, 25], [24, 26], [27, 29], [28, 30], [31, 33], [32, 34], [35, 36], [37, 39], [38, 40]], [[16, 17], [18, 19], [20, 22], [21, 23], [24, 25], [26, 28], [27, 29], [30, 31], [32, 33], [34, 35], [36, 38], [37, 39], [40, 41], [42, 44], [43, 45], [46, 47], [48, 50], [1, 49], [2, 4], [3, 5], [6, 7], [8, 10], [9, 11], [12, 14], [13, 15]], [[5, 7], [6, 8], [9, 10], [11, 13], [12, 14], [15, 16], [17, 18], [19, 21], [20, 22], [23, 25], [24, 26], [27, 28], [29, 31], [30, 32], [33, 34], [35, 37], [36, 38], [39, 40], [41, 42], [43, 44], [45, 46], [47, 48], [1, 49], [2, 50], [3, 4]], [[30, 32], [29, 31], [33, 34], [35, 36], [37, 38], [39, 40], [41, 42], [43, 45], [44, 46], [47, 48], [1, 49], [2, 50], [3, 4], [5, 7], [6, 8], [9, 11], [10, 12], [13, 14], [15, 16], [17, 18], [19, 21], [20, 22], [23, 24], [25, 27], [26, 28]], [[44, 46], [43, 45], [47, 49], [48, 50], [1, 2], [3, 4], [5, 6], [7, 8], [9, 10], [11, 13], [12, 14], [15, 17], [16, 18], [19, 20], [21, 22], [23, 25], [24, 26], [27, 28], [29, 31], [30, 32], [33, 34], [35, 37], [36, 38], [39, 40], [41, 42]], [[1, 50], [2, 4], [3, 5], [6, 7], [8, 9], [10, 11], [12, 14], [13, 15], [16, 18], [17, 19], [20, 22], [21, 23], [24, 25], [26, 27], [28, 30], [29, 31], [32, 34], [33, 35], [36, 37], [38, 40], [39, 41], [42, 43], [44, 46], [45, 47], [48, 49]], [[23, 25], [24, 26], [27, 29], [28, 30], [31, 33], [32, 34], [35, 37], [36, 38], [39, 41], [40, 42], [43, 44], [45, 46], [47, 49], [48, 50], [1, 2], [3, 5], [4, 6], [7, 8], [9, 11], [10, 12], [13, 14], [15, 17], [16, 18], [19, 20], [21, 22]], [[26, 28], [27, 29], [30, 31], [32, 34], [33, 35], [36, 37], [38, 39], [40, 42], [41, 43], [44, 45], [46, 47], [48, 49], [1, 50], [2, 3], [4, 5], [6, 7], [8, 9], [10, 11], [12, 14], [13, 15], [16, 18], [17, 19], [20, 21], [22, 23], [24, 25]], [[43, 44], [45, 46], [47, 48], [1, 49], [2, 50], [3, 4], [5, 7], [6, 8], [9, 10], [11, 12], [13, 14], [15, 16], [17, 19], [18, 20], [21, 23], [22, 24], [25, 27], [26, 28], [29, 30], [31, 33], [32, 34], [35, 37], [36, 38], [39, 40], [41, 42]], [[26, 27], [28, 30], [29, 31], [32, 33], [34, 36], [35, 37], [38, 40], [39, 41], [42, 44], [43, 45], [46, 48], [47, 49], [2, 50], [1, 3], [4, 5], [6, 7], [8, 10], [9, 11], [12, 14], [13, 15], [16, 17], [18, 20], [19, 21], [22, 24], [23, 25]], [[25, 27], [26, 28], [29, 30], [31, 32], [33, 35], [34, 36], [37, 39], [38, 40], [41, 43], [42, 44], [45, 47], [46, 48], [1, 49], [2, 50], [3, 4], [5, 7], [6, 8], [9, 11], [10, 12], [13, 14], [15, 16], [17, 18], [19, 20], [21, 23], [22, 24]], [[20, 21], [22, 24], [23, 25], [26, 28], [27, 29], [30, 31], [32, 33], [34, 35], [36, 38], [37, 39], [40, 41], [42, 43], [44, 46], [45, 47], [48, 49], [1, 50], [2, 3], [4, 6], [5, 7], [8, 9], [10, 12], [11, 13], [14, 15], [16, 18], [17, 19]], [[6, 7], [8, 9], [10, 11], [12, 14], [13, 15], [16, 17], [18, 20], [19, 21], [22, 24], [23, 25], [26, 28], [27, 29], [30, 32], [31, 33], [34, 36], [35, 37], [38, 40], [39, 41], [42, 44], [43, 45], [46, 48], [47, 49], [1, 50], [2, 4], [3, 5]], [[41, 43], [40, 42], [44, 45], [46, 48], [47, 49], [1, 50], [2, 4], [3, 5], [6, 8], [7, 9], [10, 12], [11, 13], [14, 16], [15, 17], [18, 19], [20, 22], [21, 23], [24, 25], [26, 28], [27, 29], [30, 31], [32, 34], [33, 35], [36, 38], [37, 39]], [[13, 14], [15, 16], [17, 18], [19, 21], [20, 22], [23, 24], [25, 26], [27, 28], [29, 30], [31, 32], [33, 34], [35, 37], [36, 38], [39, 41], [40, 42], [43, 44], [45, 47], [46, 48], [49, 50], [1, 2], [3, 5], [4, 6], [7, 8], [9, 10], [11, 12]], [[21, 22], [23, 24], [25, 26], [27, 29], [28, 30], [31, 33], [32, 34], [35, 36], [37, 39], [38, 40], [41, 42], [43, 44], [45, 47], [46, 48], [49, 50], [1, 3], [2, 4], [5, 7], [6, 8], [9, 11], [10, 12], [13, 15], [14, 16], [17, 19], [18, 20]], [[12, 14], [13, 15], [16, 18], [17, 19], [20, 22], [21, 23], [24, 26], [25, 27], [28, 30], [29, 31], [32, 34], [33, 35], [36, 38], [37, 39], [40, 42], [41, 43], [44, 46], [45, 47], [48, 50], [1, 49], [2, 4], [3, 5], [6, 8], [7, 9], [10, 11]], [[39, 40], [41, 42], [43, 44], [45, 47], [46, 48], [1, 49], [2, 50], [3, 5], [4, 6], [7, 9], [8, 10], [11, 12], [13, 15], [14, 16], [17, 18], [19, 21], [20, 22], [23, 24], [25, 27], [26, 28], [29, 31], [30, 32], [33, 35], [34, 36], [37, 38]], [[41, 43], [42, 44], [45, 46], [47, 48], [1, 49], [2, 50], [3, 4], [5, 6], [7, 9], [8, 10], [11, 13], [12, 14], [15, 17], [16, 18], [19, 21], [20, 22], [23, 24], [25, 27], [26, 28], [29, 30], [31, 32], [33, 35], [34, 36], [37, 38], [39, 40]], [[43, 45], [46, 47], [48, 49], [2, 50], [1, 3], [4, 6], [5, 7], [8, 10], [9, 11], [12, 13], [14, 16], [15, 17], [18, 20], [19, 21], [22, 23], [24, 25], [26, 27], [28, 29], [30, 32], [31, 33], [34, 35], [36, 37], [38, 40], [39, 41], [42, 44]], [[14, 16], [17, 19], [18, 20], [21, 22], [23, 25], [24, 26], [27, 28], [29, 30], [31, 32], [33, 35], [34, 36], [37, 38], [39, 40], [41, 42], [43, 45], [44, 46], [47, 48], [1, 49], [2, 50], [3, 5], [4, 6], [7, 8], [9, 10], [11, 12], [13, 15]], [[5, 6], [7, 9], [8, 10], [11, 13], [12, 14], [15, 17], [16, 18], [19, 21], [20, 22], [23, 25], [24, 26], [27, 28], [29, 31], [30, 32], [33, 34], [35, 37], [36, 38], [39, 41], [40, 42], [43, 44], [45, 47], [46, 48], [1, 49], [2, 50], [3, 4]], [[18, 19], [20, 22], [21, 23], [24, 25], [26, 28], [27, 29], [30, 32], [31, 33], [34, 36], [35, 37], [38, 40], [39, 41], [42, 44], [43, 45], [46, 48], [47, 49], [2, 50], [1, 3], [4, 5], [6, 8], [7, 9], [10, 12], [11, 13], [14, 16], [15, 17]], [[49, 50], [1, 2], [3, 4], [5, 6], [7, 8], [9, 10], [11, 12], [13, 15], [14, 16], [17, 18], [19, 20], [21, 22], [23, 25], [24, 26], [27, 28], [29, 30], [31, 32], [33, 34], [35, 36], [37, 38], [39, 41], [40, 42], [43, 44], [45, 47], [46, 48]], [[43, 45], [44, 46], [47, 49], [48, 50], [1, 2], [3, 4], [5, 7], [6, 8], [9, 10], [11, 13], [12, 14], [15, 16], [17, 18], [19, 20], [21, 23], [22, 24], [25, 27], [26, 28], [29, 31], [30, 32], [33, 35], [34, 36], [37, 38], [39, 41], [40, 42]], [[7, 8], [9, 10], [11, 13], [12, 14], [15, 17], [16, 18], [19, 21], [20, 22], [23, 24], [25, 27], [26, 28], [29, 31], [30, 32], [33, 34], [35, 36], [37, 39], [38, 40], [41, 43], [42, 44], [45, 46], [47, 49], [48, 50], [1, 2], [3, 4], [5, 6]], [[14, 16], [13, 15], [17, 19], [18, 20], [21, 22], [23, 25], [24, 26], [27, 28], [29, 31], [30, 32], [33, 34], [35, 37], [36, 38], [39, 40], [41, 42], [43, 45], [44, 46], [47, 48], [1, 49], [2, 50], [3, 4], [5, 7], [6, 8], [9, 11], [10, 12]], [[43, 45], [44, 46], [47, 48], [1, 49], [2, 50], [3, 4], [5, 6], [7, 9], [8, 10], [11, 12], [13, 14], [15, 16], [17, 19], [18, 20], [21, 23], [22, 24], [25, 26], [27, 29], [28, 30], [31, 32], [33, 35], [34, 36], [37, 39], [38, 40], [41, 42]], [[14, 15], [16, 17], [18, 19], [20, 21], [22, 24], [23, 25], [26, 27], [28, 29], [30, 32], [31, 33], [34, 36], [35, 37], [38, 39], [40, 42], [41, 43], [44, 45], [46, 47], [48, 49], [2, 50], [1, 3], [4, 5], [6, 8], [7, 9], [10, 12], [11, 13]], [[18, 20], [19, 21], [22, 24], [23, 25], [26, 28], [27, 29], [30, 32], [31, 33], [34, 35], [36, 37], [38, 40], [39, 41], [42, 44], [43, 45], [46, 47], [48, 49], [2, 50], [1, 3], [4, 6], [5, 7], [8, 10], [9, 11], [12, 13], [14, 16], [15, 17]], [[40, 41], [42, 43], [44, 45], [46, 48], [47, 49], [1, 50], [2, 3], [4, 5], [6, 7], [8, 10], [9, 11], [12, 13], [14, 15], [16, 17], [18, 20], [19, 21], [22, 24], [23, 25], [26, 28], [27, 29], [30, 31], [32, 34], [33, 35], [36, 37], [38, 39]], [[43, 45], [46, 47], [48, 50], [1, 49], [2, 4], [3, 5], [6, 7], [8, 10], [9, 11], [12, 14], [13, 15], [16, 18], [17, 19], [20, 22], [21, 23], [24, 25], [26, 27], [28, 30], [29, 31], [32, 33], [34, 35], [36, 38], [37, 39], [40, 41], [42, 44]], [[41, 43], [44, 45], [46, 47], [48, 49], [2, 50], [1, 3], [4, 6], [5, 7], [8, 9], [10, 12], [11, 13], [14, 15], [16, 18], [17, 19], [20, 22], [21, 23], [24, 25], [26, 28], [27, 29], [30, 31], [32, 34], [33, 35], [36, 38], [37, 39], [40, 42]], [[2, 3], [4, 5], [6, 7], [8, 9], [10, 11], [12, 14], [13, 15], [16, 17], [18, 20], [19, 21], [22, 23], [24, 25], [26, 27], [28, 30], [29, 31], [32, 34], [33, 35], [36, 38], [37, 39], [40, 41], [42, 44], [43, 45], [46, 48], [47, 49], [1, 50]], [[11, 12], [13, 14], [15, 17], [16, 18], [19, 21], [20, 22], [23, 24], [25, 27], [26, 28], [29, 30], [31, 32], [33, 35], [34, 36], [37, 38], [39, 41], [40, 42], [43, 44], [45, 46], [47, 48], [1, 49], [2, 50], [3, 5], [4, 6], [7, 9], [8, 10]]]",,2,,0.0,53112,Earthquake,13,1,2,,0.0,53112,Tsunami,1,2,2,,0.0,53112,tsunami,17,3,2,,1.0,53112,tsunami,1,4,1,,0.0,53112,tsunami,24,5,1,,0.0,53112,tsunami,8,6,2,,1.0,53112,tsunami,20,7,1,,0.0,53112,tsunami,1,8,1,,0.0,53112,tsunami,14,9,1,,0.0,53112,tsunami,7,10,2,,1.0,53112,tsunami,3,11,2,,1.0,53112,tsunami,16,12,2,,0.0,53112,tsunami,15,13,1,,1.0,53112,tsunami,7,14,2,,1.0,53112,tsunami,15,15,1,,0.0,53112,tsunami,16,16,1,,1.0,53112,tsunami,19,17,2,,1.0,53112,tsunami,25,18,2,,1.0,53112,tsunami,8,19,2,,1.0,53112,tsunami,21,20,1,,0.0,53112,tsunami,18,21,2,,1.0,53112,tsunami,22,22,2,,1.0,53112,tsunami,8,23,1,,1.0,53112,tsunami,8,24,1,,0.0,53112,tsunami,7,25,2,,1.0,53112,tsunami,20,26,1,,1.0,53112,tsunami,1,27,2,,0.0,53112,tsunami,19,28,1,,1.0,53112,tsunami,4,29,1,,1.0,53112,tsunami,7,30,1,,1.0,53112,tsunami,25,31,1,,1.0,53112,tsunami,22,32,1,,1.0,53112,tsunami,7,33,2,,1.0,53112,tsunami,21,34,1,,1.0,53112,tsunami,20,35,2,,1.0,53112,tsunami,8,36,2,,1.0,53112,tsunami,6,37,1,,1.0,53112,tsunami,8,38,2,,1.0,53112,tsunami,2,39,2,,1.0,53112,tsunami,22,40,,,,,,,,,,,,,,,,,,,,,,,,,,,,,,,,,,,,,,,,,,,,,,,,,,,,,,,,,,,,,,,,,,,,,,,,,,,,,,,,,,,,,,,,,,,,,,,,,,,,,,,,,,,,,,,,,,,,,,,,,,,,,,,,,,,,,,,,,,,,,,,,,,,,,,,,,,,,,,,,,,,,,,,,,,,,,,,,,,,,,,,,,,,,,,,,,,,,,,,,,,,,,,,,,,,,,,,,,,,,,,,,,,,,,,,,,,,,,,,,,,,,,,,,,,,,,,,,,,,,,,,,,,,,,,,,,,,,,,,,,,,,,,,,,,,,,,,,,,,,,,,,,,,,,,,,,,,,,,,,,,,,,,,,,,,,,,,,,,,,,,,,,,,,,,,,,,,,,,,,,,,,,,,,,,,,,,,,,,,,,,,,,,,,,,,,,,,,,,,,,,,,,,,,,,,,,,,,,,,,,,,,,,,,,,,,,,,,,,,,,,,,,,,,,,,,,,,,,,,,,,,,,,,,,,,,,,,,,,,,,,,,,,,,,,,,,,,,,,,,,,,,,,,,,,,,,,,,,,,,,,,,,,,,,,,,,,,,,,,,,,,,,,,,,,,,,,,,,,,,,,,,,,,,,,,,,,,,,,,,,,,,,,,,,,,,,,,,,,,,,,,,,,,,,,,,,,,,,,,,,,,,,,,,,,,,,,,,,,,,,,,,,,,,,,,,,,,,,,,,,,,,,,,,,,,,,,,,,,,,,,,,,,,,,,,,,,,,,,,,,,,,,,,,,,,,,,,,,,,,,,,,,,,,,,,,,,,,,,,,,,,,,,,,,,,,,,,,,,,,,,,,,,,,,,,,,,,,,,,,,,,,,,,,,,,,,,,,,,,,,,,,,,,,,,,,,,,,,,,,,,,,,,,,,,,,,,,,,,,,,,,,,,,,,,,,,,,,,,,,,,,,,,,,,,,,,,,,,,,,,,,,,,,,,,,,,,,,,,,,,,,,,,,,,,,,,,,,,,,,,,,,,,,,,,,,,,,,,,,,,,,,,,,,,,,,,,,,,,,,,,,,,,,,,,,,,,,,,,,,,,,,,,,,,,,,,,,,,,,,,,,,,,,,,,,,,,,,,,,,,,,,,,,,,,,,,,,,,,,,,,,,,,,,,,,,,,,,,,,,,,,,,,,,,,,,,,,,,,,,,,,,,,,,,,,,,,,,,,,,,,,,,,,,,,,,,,,,,,,,,,,,,,,,,,,,,,,,,,,,,,,,,,,,,,,,,,,,,,,,,,,,,,,,,,
6,04azvmnp,,0,240,240,hashtag_experiment,LastPage,2024-04-17 17:09:23.071700,1,,,18.0,g8k2na6b,,,,,0,0.0,1.0,hashtag_experiment,"[[[30, 31], [32, 33], [34, 35], [36, 38], [37, 39], [40, 42], [41, 43], [44, 46], [45, 47], [48, 50], [1, 49], [2, 4], [3, 5], [6, 7], [8, 10], [9, 11], [12, 13], [14, 15], [16, 17], [18, 19], [20, 21], [22, 23], [24, 25], [26, 27], [28, 29]], [[3, 5], [4, 6], [7, 9], [8, 10], [11, 13], [12, 14], [15, 16], [17, 19], [18, 20], [21, 23], [22, 24], [25, 26], [27, 29], [28, 30], [31, 33], [32, 34], [35, 36], [37, 39], [38, 40], [41, 42], [43, 45], [44, 46], [47, 49], [48, 50], [1, 2]], [[23, 25], [22, 24], [26, 27], [28, 30], [29, 31], [32, 34], [33, 35], [36, 37], [38, 39], [40, 41], [42, 43], [44, 46], [45, 47], [48, 50], [1, 49], [2, 3], [4, 5], [6, 8], [7, 9], [10, 12], [11, 13], [14, 15], [16, 18], [17, 19], [20, 21]], [[3, 5], [4, 6], [7, 8], [9, 10], [11, 12], [13, 15], [14, 16], [17, 19], [18, 20], [21, 23], [22, 24], [25, 27], [26, 28], [29, 31], [30, 32], [33, 34], [35, 37], [36, 38], [39, 41], [40, 42], [43, 44], [45, 46], [47, 49], [48, 50], [1, 2]], [[9, 10], [11, 12], [13, 14], [15, 17], [16, 18], [19, 21], [20, 22], [23, 24], [25, 26], [27, 29], [28, 30], [31, 33], [32, 34], [35, 36], [37, 39], [38, 40], [41, 42], [43, 44], [45, 46], [47, 49], [48, 50], [1, 3], [2, 4], [5, 6], [7, 8]], [[41, 42], [43, 44], [45, 47], [46, 48], [49, 50], [1, 3], [2, 4], [5, 6], [7, 9], [8, 10], [11, 13], [12, 14], [15, 17], [16, 18], [19, 21], [20, 22], [23, 25], [24, 26], [27, 29], [28, 30], [31, 33], [32, 34], [35, 36], [37, 39], [38, 40]], [[16, 17], [18, 19], [20, 22], [21, 23], [24, 25], [26, 28], [27, 29], [30, 31], [32, 33], [34, 35], [36, 38], [37, 39], [40, 41], [42, 44], [43, 45], [46, 47], [48, 50], [1, 49], [2, 4], [3, 5], [6, 7], [8, 10], [9, 11], [12, 14], [13, 15]], [[5, 7], [6, 8], [9, 10], [11, 13], [12, 14], [15, 16], [17, 18], [19, 21], [20, 22], [23, 25], [24, 26], [27, 28], [29, 31], [30, 32], [33, 34], [35, 37], [36, 38], [39, 40], [41, 42], [43, 44], [45, 46], [47, 48], [1, 49], [2, 50], [3, 4]], [[30, 32], [29, 31], [33, 34], [35, 36], [37, 38], [39, 40], [41, 42], [43, 45], [44, 46], [47, 48], [1, 49], [2, 50], [3, 4], [5, 7], [6, 8], [9, 11], [10, 12], [13, 14], [15, 16], [17, 18], [19, 21], [20, 22], [23, 24], [25, 27], [26, 28]], [[44, 46], [43, 45], [47, 49], [48, 50], [1, 2], [3, 4], [5, 6], [7, 8], [9, 10], [11, 13], [12, 14], [15, 17], [16, 18], [19, 20], [21, 22], [23, 25], [24, 26], [27, 28], [29, 31], [30, 32], [33, 34], [35, 37], [36, 38], [39, 40], [41, 42]], [[1, 50], [2, 4], [3, 5], [6, 7], [8, 9], [10, 11], [12, 14], [13, 15], [16, 18], [17, 19], [20, 22], [21, 23], [24, 25], [26, 27], [28, 30], [29, 31], [32, 34], [33, 35], [36, 37], [38, 40], [39, 41], [42, 43], [44, 46], [45, 47], [48, 49]], [[23, 25], [24, 26], [27, 29], [28, 30], [31, 33], [32, 34], [35, 37], [36, 38], [39, 41], [40, 42], [43, 44], [45, 46], [47, 49], [48, 50], [1, 2], [3, 5], [4, 6], [7, 8], [9, 11], [10, 12], [13, 14], [15, 17], [16, 18], [19, 20], [21, 22]], [[26, 28], [27, 29], [30, 31], [32, 34], [33, 35], [36, 37], [38, 39], [40, 42], [41, 43], [44, 45], [46, 47], [48, 49], [1, 50], [2, 3], [4, 5], [6, 7], [8, 9], [10, 11], [12, 14], [13, 15], [16, 18], [17, 19], [20, 21], [22, 23], [24, 25]], [[43, 44], [45, 46], [47, 48], [1, 49], [2, 50], [3, 4], [5, 7], [6, 8], [9, 10], [11, 12], [13, 14], [15, 16], [17, 19], [18, 20], [21, 23], [22, 24], [25, 27], [26, 28], [29, 30], [31, 33], [32, 34], [35, 37], [36, 38], [39, 40], [41, 42]], [[26, 27], [28, 30], [29, 31], [32, 33], [34, 36], [35, 37], [38, 40], [39, 41], [42, 44], [43, 45], [46, 48], [47, 49], [2, 50], [1, 3], [4, 5], [6, 7], [8, 10], [9, 11], [12, 14], [13, 15], [16, 17], [18, 20], [19, 21], [22, 24], [23, 25]], [[25, 27], [26, 28], [29, 30], [31, 32], [33, 35], [34, 36], [37, 39], [38, 40], [41, 43], [42, 44], [45, 47], [46, 48], [1, 49], [2, 50], [3, 4], [5, 7], [6, 8], [9, 11], [10, 12], [13, 14], [15, 16], [17, 18], [19, 20], [21, 23], [22, 24]], [[20, 21], [22, 24], [23, 25], [26, 28], [27, 29], [30, 31], [32, 33], [34, 35], [36, 38], [37, 39], [40, 41], [42, 43], [44, 46], [45, 47], [48, 49], [1, 50], [2, 3], [4, 6], [5, 7], [8, 9], [10, 12], [11, 13], [14, 15], [16, 18], [17, 19]], [[6, 7], [8, 9], [10, 11], [12, 14], [13, 15], [16, 17], [18, 20], [19, 21], [22, 24], [23, 25], [26, 28], [27, 29], [30, 32], [31, 33], [34, 36], [35, 37], [38, 40], [39, 41], [42, 44], [43, 45], [46, 48], [47, 49], [1, 50], [2, 4], [3, 5]], [[41, 43], [40, 42], [44, 45], [46, 48], [47, 49], [1, 50], [2, 4], [3, 5], [6, 8], [7, 9], [10, 12], [11, 13], [14, 16], [15, 17], [18, 19], [20, 22], [21, 23], [24, 25], [26, 28], [27, 29], [30, 31], [32, 34], [33, 35], [36, 38], [37, 39]], [[13, 14], [15, 16], [17, 18], [19, 21], [20, 22], [23, 24], [25, 26], [27, 28], [29, 30], [31, 32], [33, 34], [35, 37], [36, 38], [39, 41], [40, 42], [43, 44], [45, 47], [46, 48], [49, 50], [1, 2], [3, 5], [4, 6], [7, 8], [9, 10], [11, 12]], [[21, 22], [23, 24], [25, 26], [27, 29], [28, 30], [31, 33], [32, 34], [35, 36], [37, 39], [38, 40], [41, 42], [43, 44], [45, 47], [46, 48], [49, 50], [1, 3], [2, 4], [5, 7], [6, 8], [9, 11], [10, 12], [13, 15], [14, 16], [17, 19], [18, 20]], [[12, 14], [13, 15], [16, 18], [17, 19], [20, 22], [21, 23], [24, 26], [25, 27], [28, 30], [29, 31], [32, 34], [33, 35], [36, 38], [37, 39], [40, 42], [41, 43], [44, 46], [45, 47], [48, 50], [1, 49], [2, 4], [3, 5], [6, 8], [7, 9], [10, 11]], [[39, 40], [41, 42], [43, 44], [45, 47], [46, 48], [1, 49], [2, 50], [3, 5], [4, 6], [7, 9], [8, 10], [11, 12], [13, 15], [14, 16], [17, 18], [19, 21], [20, 22], [23, 24], [25, 27], [26, 28], [29, 31], [30, 32], [33, 35], [34, 36], [37, 38]], [[41, 43], [42, 44], [45, 46], [47, 48], [1, 49], [2, 50], [3, 4], [5, 6], [7, 9], [8, 10], [11, 13], [12, 14], [15, 17], [16, 18], [19, 21], [20, 22], [23, 24], [25, 27], [26, 28], [29, 30], [31, 32], [33, 35], [34, 36], [37, 38], [39, 40]], [[43, 45], [46, 47], [48, 49], [2, 50], [1, 3], [4, 6], [5, 7], [8, 10], [9, 11], [12, 13], [14, 16], [15, 17], [18, 20], [19, 21], [22, 23], [24, 25], [26, 27], [28, 29], [30, 32], [31, 33], [34, 35], [36, 37], [38, 40], [39, 41], [42, 44]], [[14, 16], [17, 19], [18, 20], [21, 22], [23, 25], [24, 26], [27, 28], [29, 30], [31, 32], [33, 35], [34, 36], [37, 38], [39, 40], [41, 42], [43, 45], [44, 46], [47, 48], [1, 49], [2, 50], [3, 5], [4, 6], [7, 8], [9, 10], [11, 12], [13, 15]], [[5, 6], [7, 9], [8, 10], [11, 13], [12, 14], [15, 17], [16, 18], [19, 21], [20, 22], [23, 25], [24, 26], [27, 28], [29, 31], [30, 32], [33, 34], [35, 37], [36, 38], [39, 41], [40, 42], [43, 44], [45, 47], [46, 48], [1, 49], [2, 50], [3, 4]], [[18, 19], [20, 22], [21, 23], [24, 25], [26, 28], [27, 29], [30, 32], [31, 33], [34, 36], [35, 37], [38, 40], [39, 41], [42, 44], [43, 45], [46, 48], [47, 49], [2, 50], [1, 3], [4, 5], [6, 8], [7, 9], [10, 12], [11, 13], [14, 16], [15, 17]], [[49, 50], [1, 2], [3, 4], [5, 6], [7, 8], [9, 10], [11, 12], [13, 15], [14, 16], [17, 18], [19, 20], [21, 22], [23, 25], [24, 26], [27, 28], [29, 30], [31, 32], [33, 34], [35, 36], [37, 38], [39, 41], [40, 42], [43, 44], [45, 47], [46, 48]], [[43, 45], [44, 46], [47, 49], [48, 50], [1, 2], [3, 4], [5, 7], [6, 8], [9, 10], [11, 13], [12, 14], [15, 16], [17, 18], [19, 20], [21, 23], [22, 24], [25, 27], [26, 28], [29, 31], [30, 32], [33, 35], [34, 36], [37, 38], [39, 41], [40, 42]], [[7, 8], [9, 10], [11, 13], [12, 14], [15, 17], [16, 18], [19, 21], [20, 22], [23, 24], [25, 27], [26, 28], [29, 31], [30, 32], [33, 34], [35, 36], [37, 39], [38, 40], [41, 43], [42, 44], [45, 46], [47, 49], [48, 50], [1, 2], [3, 4], [5, 6]], [[14, 16], [13, 15], [17, 19], [18, 20], [21, 22], [23, 25], [24, 26], [27, 28], [29, 31], [30, 32], [33, 34], [35, 37], [36, 38], [39, 40], [41, 42], [43, 45], [44, 46], [47, 48], [1, 49], [2, 50], [3, 4], [5, 7], [6, 8], [9, 11], [10, 12]], [[43, 45], [44, 46], [47, 48], [1, 49], [2, 50], [3, 4], [5, 6], [7, 9], [8, 10], [11, 12], [13, 14], [15, 16], [17, 19], [18, 20], [21, 23], [22, 24], [25, 26], [27, 29], [28, 30], [31, 32], [33, 35], [34, 36], [37, 39], [38, 40], [41, 42]], [[14, 15], [16, 17], [18, 19], [20, 21], [22, 24], [23, 25], [26, 27], [28, 29], [30, 32], [31, 33], [34, 36], [35, 37], [38, 39], [40, 42], [41, 43], [44, 45], [46, 47], [48, 49], [2, 50], [1, 3], [4, 5], [6, 8], [7, 9], [10, 12], [11, 13]], [[18, 20], [19, 21], [22, 24], [23, 25], [26, 28], [27, 29], [30, 32], [31, 33], [34, 35], [36, 37], [38, 40], [39, 41], [42, 44], [43, 45], [46, 47], [48, 49], [2, 50], [1, 3], [4, 6], [5, 7], [8, 10], [9, 11], [12, 13], [14, 16], [15, 17]], [[40, 41], [42, 43], [44, 45], [46, 48], [47, 49], [1, 50], [2, 3], [4, 5], [6, 7], [8, 10], [9, 11], [12, 13], [14, 15], [16, 17], [18, 20], [19, 21], [22, 24], [23, 25], [26, 28], [27, 29], [30, 31], [32, 34], [33, 35], [36, 37], [38, 39]], [[43, 45], [46, 47], [48, 50], [1, 49], [2, 4], [3, 5], [6, 7], [8, 10], [9, 11], [12, 14], [13, 15], [16, 18], [17, 19], [20, 22], [21, 23], [24, 25], [26, 27], [28, 30], [29, 31], [32, 33], [34, 35], [36, 38], [37, 39], [40, 41], [42, 44]], [[41, 43], [44, 45], [46, 47], [48, 49], [2, 50], [1, 3], [4, 6], [5, 7], [8, 9], [10, 12], [11, 13], [14, 15], [16, 18], [17, 19], [20, 22], [21, 23], [24, 25], [26, 28], [27, 29], [30, 31], [32, 34], [33, 35], [36, 38], [37, 39], [40, 42]], [[2, 3], [4, 5], [6, 7], [8, 9], [10, 11], [12, 14], [13, 15], [16, 17], [18, 20], [19, 21], [22, 23], [24, 25], [26, 27], [28, 30], [29, 31], [32, 34], [33, 35], [36, 38], [37, 39], [40, 41], [42, 44], [43, 45], [46, 48], [47, 49], [1, 50]], [[11, 12], [13, 14], [15, 17], [16, 18], [19, 21], [20, 22], [23, 24], [25, 27], [26, 28], [29, 30], [31, 32], [33, 35], [34, 36], [37, 38], [39, 41], [40, 42], [43, 44], [45, 46], [47, 48], [1, 49], [2, 50], [3, 5], [4, 6], [7, 9], [8, 10]]]",,1,,0.0,27849,earthquake,14,1,2,,0.0,27849,earthquake,2,2,1,,0.0,27849,tsunami,18,3,2,,0.0,27849,healthcrisis,2,4,2,,0.0,27849,radiation,24,5,2,,0.0,27849,,8,6,1,,0.0,27849,,21,7,1,,0.0,27849,nuclear,2,8,1,,0.0,27849,WHO,15,9,2,,0.0,27849,tohoku,7,10,1,,0.0,27849,tsunami,4,11,2,,0.0,27849,tsunami,17,12,1,,0.0,27849,tsunami,16,13,1,,0.0,27849,shortages,8,14,1,,0.0,27849,danger,16,15,1,,0.0,27849,tsunami,17,16,2,,1.0,27849,tsunami,18,17,1,,1.0,27849,tsunami,1,18,1,,0.0,27849,tsunami,9,19,2,,0.0,27849,earthquake,22,20,1,,0.0,27849,tsunami,19,21,1,,1.0,27849,tsunami,23,22,2,,1.0,27849,tsunami,9,23,2,,1.0,27849,tsunami,8,24,2,,1.0,27849,tsunami,6,25,2,,0.0,27849,tsunami,21,26,2,,1.0,27849,tsunami,1,27,1,,0.0,27849,tsunami,20,28,2,,1.0,27849,tsunami,4,29,1,,1.0,27849,tsunami,8,30,2,,1.0,27849,tsunami,25,31,1,,1.0,27849,tsunami,23,32,2,,1.0,27849,tsunami,7,33,1,,0.0,27849,tsunami,22,34,2,,1.0,27849,tsunami,19,35,1,,1.0,27849,tsunami,9,36,1,,1.0,27849,tsunami,7,37,2,,1.0,27849,tsunami,7,38,1,,1.0,27849,tsunami,3,39,2,,1.0,27849,tsunami,23,40,,,,,,,,,,,,,,,,,,,,,,,,,,,,,,,,,,,,,,,,,,,,,,,,,,,,,,,,,,,,,,,,,,,,,,,,,,,,,,,,,,,,,,,,,,,,,,,,,,,,,,,,,,,,,,,,,,,,,,,,,,,,,,,,,,,,,,,,,,,,,,,,,,,,,,,,,,,,,,,,,,,,,,,,,,,,,,,,,,,,,,,,,,,,,,,,,,,,,,,,,,,,,,,,,,,,,,,,,,,,,,,,,,,,,,,,,,,,,,,,,,,,,,,,,,,,,,,,,,,,,,,,,,,,,,,,,,,,,,,,,,,,,,,,,,,,,,,,,,,,,,,,,,,,,,,,,,,,,,,,,,,,,,,,,,,,,,,,,,,,,,,,,,,,,,,,,,,,,,,,,,,,,,,,,,,,,,,,,,,,,,,,,,,,,,,,,,,,,,,,,,,,,,,,,,,,,,,,,,,,,,,,,,,,,,,,,,,,,,,,,,,,,,,,,,,,,,,,,,,,,,,,,,,,,,,,,,,,,,,,,,,,,,,,,,,,,,,,,,,,,,,,,,,,,,,,,,,,,,,,,,,,,,,,,,,,,,,,,,,,,,,,,,,,,,,,,,,,,,,,,,,,,,,,,,,,,,,,,,,,,,,,,,,,,,,,,,,,,,,,,,,,,,,,,,,,,,,,,,,,,,,,,,,,,,,,,,,,,,,,,,,,,,,,,,,,,,,,,,,,,,,,,,,,,,,,,,,,,,,,,,,,,,,,,,,,,,,,,,,,,,,,,,,,,,,,,,,,,,,,,,,,,,,,,,,,,,,,,,,,,,,,,,,,,,,,,,,,,,,,,,,,,,,,,,,,,,,,,,,,,,,,,,,,,,,,,,,,,,,,,,,,,,,,,,,,,,,,,,,,,,,,,,,,,,,,,,,,,,,,,,,,,,,,,,,,,,,,,,,,,,,,,,,,,,,,,,,,,,,,,,,,,,,,,,,,,,,,,,,,,,,,,,,,,,,,,,,,,,,,,,,,,,,,,,,,,,,,,,,,,,,,,,,,,,,,,,,,,,,,,,,,,,,,,,,,,,,,,,,,,,,,,,,,,,,,,,,,,,,,,,,,,,,,,,,,,,,,,,,,,,,,,,,,,,,,,,,,,,,,,,,,,,,,,,,,,,,,,,,,,,,,,,,,,,,,,,,,,,,,,,,,,,,,,,,,,,,,,,,,,,,,,,,,,,,,,,,,,,,,,,,,,,,,,,,,,,,,,,,,,,,,,,,,,,,,,,,,,,,,,,,,,,,,,,
7,mpzegf05,,0,240,240,hashtag_experiment,LastPage,2024-04-17 17:09:26.139703,1,,,16.0,g8k2na6b,,,,,0,0.0,1.0,hashtag_experiment,"[[[30, 31], [32, 33], [34, 35], [36, 38], [37, 39], [40, 42], [41, 43], [44, 46], [45, 47], [48, 50], [1, 49], [2, 4], [3, 5], [6, 7], [8, 10], [9, 11], [12, 13], [14, 15], [16, 17], [18, 19], [20, 21], [22, 23], [24, 25], [26, 27], [28, 29]], [[3, 5], [4, 6], [7, 9], [8, 10], [11, 13], [12, 14], [15, 16], [17, 19], [18, 20], [21, 23], [22, 24], [25, 26], [27, 29], [28, 30], [31, 33], [32, 34], [35, 36], [37, 39], [38, 40], [41, 42], [43, 45], [44, 46], [47, 49], [48, 50], [1, 2]], [[23, 25], [22, 24], [26, 27], [28, 30], [29, 31], [32, 34], [33, 35], [36, 37], [38, 39], [40, 41], [42, 43], [44, 46], [45, 47], [48, 50], [1, 49], [2, 3], [4, 5], [6, 8], [7, 9], [10, 12], [11, 13], [14, 15], [16, 18], [17, 19], [20, 21]], [[3, 5], [4, 6], [7, 8], [9, 10], [11, 12], [13, 15], [14, 16], [17, 19], [18, 20], [21, 23], [22, 24], [25, 27], [26, 28], [29, 31], [30, 32], [33, 34], [35, 37], [36, 38], [39, 41], [40, 42], [43, 44], [45, 46], [47, 49], [48, 50], [1, 2]], [[9, 10], [11, 12], [13, 14], [15, 17], [16, 18], [19, 21], [20, 22], [23, 24], [25, 26], [27, 29], [28, 30], [31, 33], [32, 34], [35, 36], [37, 39], [38, 40], [41, 42], [43, 44], [45, 46], [47, 49], [48, 50], [1, 3], [2, 4], [5, 6], [7, 8]], [[41, 42], [43, 44], [45, 47], [46, 48], [49, 50], [1, 3], [2, 4], [5, 6], [7, 9], [8, 10], [11, 13], [12, 14], [15, 17], [16, 18], [19, 21], [20, 22], [23, 25], [24, 26], [27, 29], [28, 30], [31, 33], [32, 34], [35, 36], [37, 39], [38, 40]], [[16, 17], [18, 19], [20, 22], [21, 23], [24, 25], [26, 28], [27, 29], [30, 31], [32, 33], [34, 35], [36, 38], [37, 39], [40, 41], [42, 44], [43, 45], [46, 47], [48, 50], [1, 49], [2, 4], [3, 5], [6, 7], [8, 10], [9, 11], [12, 14], [13, 15]], [[5, 7], [6, 8], [9, 10], [11, 13], [12, 14], [15, 16], [17, 18], [19, 21], [20, 22], [23, 25], [24, 26], [27, 28], [29, 31], [30, 32], [33, 34], [35, 37], [36, 38], [39, 40], [41, 42], [43, 44], [45, 46], [47, 48], [1, 49], [2, 50], [3, 4]], [[30, 32], [29, 31], [33, 34], [35, 36], [37, 38], [39, 40], [41, 42], [43, 45], [44, 46], [47, 48], [1, 49], [2, 50], [3, 4], [5, 7], [6, 8], [9, 11], [10, 12], [13, 14], [15, 16], [17, 18], [19, 21], [20, 22], [23, 24], [25, 27], [26, 28]], [[44, 46], [43, 45], [47, 49], [48, 50], [1, 2], [3, 4], [5, 6], [7, 8], [9, 10], [11, 13], [12, 14], [15, 17], [16, 18], [19, 20], [21, 22], [23, 25], [24, 26], [27, 28], [29, 31], [30, 32], [33, 34], [35, 37], [36, 38], [39, 40], [41, 42]], [[1, 50], [2, 4], [3, 5], [6, 7], [8, 9], [10, 11], [12, 14], [13, 15], [16, 18], [17, 19], [20, 22], [21, 23], [24, 25], [26, 27], [28, 30], [29, 31], [32, 34], [33, 35], [36, 37], [38, 40], [39, 41], [42, 43], [44, 46], [45, 47], [48, 49]], [[23, 25], [24, 26], [27, 29], [28, 30], [31, 33], [32, 34], [35, 37], [36, 38], [39, 41], [40, 42], [43, 44], [45, 46], [47, 49], [48, 50], [1, 2], [3, 5], [4, 6], [7, 8], [9, 11], [10, 12], [13, 14], [15, 17], [16, 18], [19, 20], [21, 22]], [[26, 28], [27, 29], [30, 31], [32, 34], [33, 35], [36, 37], [38, 39], [40, 42], [41, 43], [44, 45], [46, 47], [48, 49], [1, 50], [2, 3], [4, 5], [6, 7], [8, 9], [10, 11], [12, 14], [13, 15], [16, 18], [17, 19], [20, 21], [22, 23], [24, 25]], [[43, 44], [45, 46], [47, 48], [1, 49], [2, 50], [3, 4], [5, 7], [6, 8], [9, 10], [11, 12], [13, 14], [15, 16], [17, 19], [18, 20], [21, 23], [22, 24], [25, 27], [26, 28], [29, 30], [31, 33], [32, 34], [35, 37], [36, 38], [39, 40], [41, 42]], [[26, 27], [28, 30], [29, 31], [32, 33], [34, 36], [35, 37], [38, 40], [39, 41], [42, 44], [43, 45], [46, 48], [47, 49], [2, 50], [1, 3], [4, 5], [6, 7], [8, 10], [9, 11], [12, 14], [13, 15], [16, 17], [18, 20], [19, 21], [22, 24], [23, 25]], [[25, 27], [26, 28], [29, 30], [31, 32], [33, 35], [34, 36], [37, 39], [38, 40], [41, 43], [42, 44], [45, 47], [46, 48], [1, 49], [2, 50], [3, 4], [5, 7], [6, 8], [9, 11], [10, 12], [13, 14], [15, 16], [17, 18], [19, 20], [21, 23], [22, 24]], [[20, 21], [22, 24], [23, 25], [26, 28], [27, 29], [30, 31], [32, 33], [34, 35], [36, 38], [37, 39], [40, 41], [42, 43], [44, 46], [45, 47], [48, 49], [1, 50], [2, 3], [4, 6], [5, 7], [8, 9], [10, 12], [11, 13], [14, 15], [16, 18], [17, 19]], [[6, 7], [8, 9], [10, 11], [12, 14], [13, 15], [16, 17], [18, 20], [19, 21], [22, 24], [23, 25], [26, 28], [27, 29], [30, 32], [31, 33], [34, 36], [35, 37], [38, 40], [39, 41], [42, 44], [43, 45], [46, 48], [47, 49], [1, 50], [2, 4], [3, 5]], [[41, 43], [40, 42], [44, 45], [46, 48], [47, 49], [1, 50], [2, 4], [3, 5], [6, 8], [7, 9], [10, 12], [11, 13], [14, 16], [15, 17], [18, 19], [20, 22], [21, 23], [24, 25], [26, 28], [27, 29], [30, 31], [32, 34], [33, 35], [36, 38], [37, 39]], [[13, 14], [15, 16], [17, 18], [19, 21], [20, 22], [23, 24], [25, 26], [27, 28], [29, 30], [31, 32], [33, 34], [35, 37], [36, 38], [39, 41], [40, 42], [43, 44], [45, 47], [46, 48], [49, 50], [1, 2], [3, 5], [4, 6], [7, 8], [9, 10], [11, 12]], [[21, 22], [23, 24], [25, 26], [27, 29], [28, 30], [31, 33], [32, 34], [35, 36], [37, 39], [38, 40], [41, 42], [43, 44], [45, 47], [46, 48], [49, 50], [1, 3], [2, 4], [5, 7], [6, 8], [9, 11], [10, 12], [13, 15], [14, 16], [17, 19], [18, 20]], [[12, 14], [13, 15], [16, 18], [17, 19], [20, 22], [21, 23], [24, 26], [25, 27], [28, 30], [29, 31], [32, 34], [33, 35], [36, 38], [37, 39], [40, 42], [41, 43], [44, 46], [45, 47], [48, 50], [1, 49], [2, 4], [3, 5], [6, 8], [7, 9], [10, 11]], [[39, 40], [41, 42], [43, 44], [45, 47], [46, 48], [1, 49], [2, 50], [3, 5], [4, 6], [7, 9], [8, 10], [11, 12], [13, 15], [14, 16], [17, 18], [19, 21], [20, 22], [23, 24], [25, 27], [26, 28], [29, 31], [30, 32], [33, 35], [34, 36], [37, 38]], [[41, 43], [42, 44], [45, 46], [47, 48], [1, 49], [2, 50], [3, 4], [5, 6], [7, 9], [8, 10], [11, 13], [12, 14], [15, 17], [16, 18], [19, 21], [20, 22], [23, 24], [25, 27], [26, 28], [29, 30], [31, 32], [33, 35], [34, 36], [37, 38], [39, 40]], [[43, 45], [46, 47], [48, 49], [2, 50], [1, 3], [4, 6], [5, 7], [8, 10], [9, 11], [12, 13], [14, 16], [15, 17], [18, 20], [19, 21], [22, 23], [24, 25], [26, 27], [28, 29], [30, 32], [31, 33], [34, 35], [36, 37], [38, 40], [39, 41], [42, 44]], [[14, 16], [17, 19], [18, 20], [21, 22], [23, 25], [24, 26], [27, 28], [29, 30], [31, 32], [33, 35], [34, 36], [37, 38], [39, 40], [41, 42], [43, 45], [44, 46], [47, 48], [1, 49], [2, 50], [3, 5], [4, 6], [7, 8], [9, 10], [11, 12], [13, 15]], [[5, 6], [7, 9], [8, 10], [11, 13], [12, 14], [15, 17], [16, 18], [19, 21], [20, 22], [23, 25], [24, 26], [27, 28], [29, 31], [30, 32], [33, 34], [35, 37], [36, 38], [39, 41], [40, 42], [43, 44], [45, 47], [46, 48], [1, 49], [2, 50], [3, 4]], [[18, 19], [20, 22], [21, 23], [24, 25], [26, 28], [27, 29], [30, 32], [31, 33], [34, 36], [35, 37], [38, 40], [39, 41], [42, 44], [43, 45], [46, 48], [47, 49], [2, 50], [1, 3], [4, 5], [6, 8], [7, 9], [10, 12], [11, 13], [14, 16], [15, 17]], [[49, 50], [1, 2], [3, 4], [5, 6], [7, 8], [9, 10], [11, 12], [13, 15], [14, 16], [17, 18], [19, 20], [21, 22], [23, 25], [24, 26], [27, 28], [29, 30], [31, 32], [33, 34], [35, 36], [37, 38], [39, 41], [40, 42], [43, 44], [45, 47], [46, 48]], [[43, 45], [44, 46], [47, 49], [48, 50], [1, 2], [3, 4], [5, 7], [6, 8], [9, 10], [11, 13], [12, 14], [15, 16], [17, 18], [19, 20], [21, 23], [22, 24], [25, 27], [26, 28], [29, 31], [30, 32], [33, 35], [34, 36], [37, 38], [39, 41], [40, 42]], [[7, 8], [9, 10], [11, 13], [12, 14], [15, 17], [16, 18], [19, 21], [20, 22], [23, 24], [25, 27], [26, 28], [29, 31], [30, 32], [33, 34], [35, 36], [37, 39], [38, 40], [41, 43], [42, 44], [45, 46], [47, 49], [48, 50], [1, 2], [3, 4], [5, 6]], [[14, 16], [13, 15], [17, 19], [18, 20], [21, 22], [23, 25], [24, 26], [27, 28], [29, 31], [30, 32], [33, 34], [35, 37], [36, 38], [39, 40], [41, 42], [43, 45], [44, 46], [47, 48], [1, 49], [2, 50], [3, 4], [5, 7], [6, 8], [9, 11], [10, 12]], [[43, 45], [44, 46], [47, 48], [1, 49], [2, 50], [3, 4], [5, 6], [7, 9], [8, 10], [11, 12], [13, 14], [15, 16], [17, 19], [18, 20], [21, 23], [22, 24], [25, 26], [27, 29], [28, 30], [31, 32], [33, 35], [34, 36], [37, 39], [38, 40], [41, 42]], [[14, 15], [16, 17], [18, 19], [20, 21], [22, 24], [23, 25], [26, 27], [28, 29], [30, 32], [31, 33], [34, 36], [35, 37], [38, 39], [40, 42], [41, 43], [44, 45], [46, 47], [48, 49], [2, 50], [1, 3], [4, 5], [6, 8], [7, 9], [10, 12], [11, 13]], [[18, 20], [19, 21], [22, 24], [23, 25], [26, 28], [27, 29], [30, 32], [31, 33], [34, 35], [36, 37], [38, 40], [39, 41], [42, 44], [43, 45], [46, 47], [48, 49], [2, 50], [1, 3], [4, 6], [5, 7], [8, 10], [9, 11], [12, 13], [14, 16], [15, 17]], [[40, 41], [42, 43], [44, 45], [46, 48], [47, 49], [1, 50], [2, 3], [4, 5], [6, 7], [8, 10], [9, 11], [12, 13], [14, 15], [16, 17], [18, 20], [19, 21], [22, 24], [23, 25], [26, 28], [27, 29], [30, 31], [32, 34], [33, 35], [36, 37], [38, 39]], [[43, 45], [46, 47], [48, 50], [1, 49], [2, 4], [3, 5], [6, 7], [8, 10], [9, 11], [12, 14], [13, 15], [16, 18], [17, 19], [20, 22], [21, 23], [24, 25], [26, 27], [28, 30], [29, 31], [32, 33], [34, 35], [36, 38], [37, 39], [40, 41], [42, 44]], [[41, 43], [44, 45], [46, 47], [48, 49], [2, 50], [1, 3], [4, 6], [5, 7], [8, 9], [10, 12], [11, 13], [14, 15], [16, 18], [17, 19], [20, 22], [21, 23], [24, 25], [26, 28], [27, 29], [30, 31], [32, 34], [33, 35], [36, 38], [37, 39], [40, 42]], [[2, 3], [4, 5], [6, 7], [8, 9], [10, 11], [12, 14], [13, 15], [16, 17], [18, 20], [19, 21], [22, 23], [24, 25], [26, 27], [28, 30], [29, 31], [32, 34], [33, 35], [36, 38], [37, 39], [40, 41], [42, 44], [43, 45], [46, 48], [47, 49], [1, 50]], [[11, 12], [13, 14], [15, 17], [16, 18], [19, 21], [20, 22], [23, 24], [25, 27], [26, 28], [29, 30], [31, 32], [33, 35], [34, 36], [37, 38], [39, 41], [40, 42], [43, 44], [45, 46], [47, 48], [1, 49], [2, 50], [3, 5], [4, 6], [7, 9], [8, 10]]]",,2,,0.0,43940,RadiationProtection,14,1,1,,0.0,43940,CleanEnergy,3,2,1,,0.0,43940,Earthquake,19,3,1,,0.0,43940,GreenEnergy,3,4,1,,0.0,43940,NuclerAccident,25,5,1,,0.0,43940,Emergency,9,6,2,,0.0,43940,RadiationMonitoring,21,7,2,,0.0,43940,DisasterAwareness,1,8,2,,0.0,43940,JapanAid,14,9,1,,0.0,43940,tsunami,8,10,2,,0.0,43940,PlanetSafety,4,11,1,,0.0,43940,crisismanagement,18,12,2,,0.0,43940,sustainablenergy,16,13,2,,1.0,43940,tsunami,7,14,2,,0.0,43940,tsunami,16,15,2,,0.0,43940,danger,16,16,2,,1.0,43940,tsunami,19,17,2,,1.0,43940,tsunami,1,18,1,,0.0,43940,tsunami,10,19,1,,0.0,43940,tsunami,23,20,2,,0.0,43940,NuclearImpact,18,21,1,,1.0,43940,tsunami,24,22,1,,0.0,43940,tsunami,10,23,1,,0.0,43940,tsunami,9,24,2,,0.0,43940,powerplant,7,25,1,,0.0,43940,powerplant,22,26,1,,0.0,43940,earthquake,2,27,1,,1.0,43940,tsunami,21,28,1,,1.0,43940,tsunami,5,29,2,,1.0,43940,tsunami,7,30,1,,1.0,43940,tsunami,1,31,2,,1.0,43940,tsunami,22,32,1,,1.0,43940,tsunami,8,33,1,,0.0,43940,tsunami,23,34,2,,1.0,43940,tsunami,20,35,2,,1.0,43940,tsunami,9,36,2,,1.0,43940,tsunami,7,37,2,,1.0,43940,tsunami,8,38,2,,1.0,43940,tsunami,3,39,1,,1.0,43940,tsunami,24,40,,,,,,,,,,,,,,,,,,,,,,,,,,,,,,,,,,,,,,,,,,,,,,,,,,,,,,,,,,,,,,,,,,,,,,,,,,,,,,,,,,,,,,,,,,,,,,,,,,,,,,,,,,,,,,,,,,,,,,,,,,,,,,,,,,,,,,,,,,,,,,,,,,,,,,,,,,,,,,,,,,,,,,,,,,,,,,,,,,,,,,,,,,,,,,,,,,,,,,,,,,,,,,,,,,,,,,,,,,,,,,,,,,,,,,,,,,,,,,,,,,,,,,,,,,,,,,,,,,,,,,,,,,,,,,,,,,,,,,,,,,,,,,,,,,,,,,,,,,,,,,,,,,,,,,,,,,,,,,,,,,,,,,,,,,,,,,,,,,,,,,,,,,,,,,,,,,,,,,,,,,,,,,,,,,,,,,,,,,,,,,,,,,,,,,,,,,,,,,,,,,,,,,,,,,,,,,,,,,,,,,,,,,,,,,,,,,,,,,,,,,,,,,,,,,,,,,,,,,,,,,,,,,,,,,,,,,,,,,,,,,,,,,,,,,,,,,,,,,,,,,,,,,,,,,,,,,,,,,,,,,,,,,,,,,,,,,,,,,,,,,,,,,,,,,,,,,,,,,,,,,,,,,,,,,,,,,,,,,,,,,,,,,,,,,,,,,,,,,,,,,,,,,,,,,,,,,,,,,,,,,,,,,,,,,,,,,,,,,,,,,,,,,,,,,,,,,,,,,,,,,,,,,,,,,,,,,,,,,,,,,,,,,,,,,,,,,,,,,,,,,,,,,,,,,,,,,,,,,,,,,,,,,,,,,,,,,,,,,,,,,,,,,,,,,,,,,,,,,,,,,,,,,,,,,,,,,,,,,,,,,,,,,,,,,,,,,,,,,,,,,,,,,,,,,,,,,,,,,,,,,,,,,,,,,,,,,,,,,,,,,,,,,,,,,,,,,,,,,,,,,,,,,,,,,,,,,,,,,,,,,,,,,,,,,,,,,,,,,,,,,,,,,,,,,,,,,,,,,,,,,,,,,,,,,,,,,,,,,,,,,,,,,,,,,,,,,,,,,,,,,,,,,,,,,,,,,,,,,,,,,,,,,,,,,,,,,,,,,,,,,,,,,,,,,,,,,,,,,,,,,,,,,,,,,,,,,,,,,,,,,,,,,,,,,,,,,,,,,,,,,,,,,,,,,,,,,,,,,,,,,,,,,,,,,,,,,,,,,,,,,,,,,,,,,,,,,,,,,,,,,,,,,,,,,,,,,,,,,,,,,,,,,,,,,,,,,,,,,,,,,,,,,,,,,
8,m3ofg4oo,,0,240,240,hashtag_experiment,LastPage,2024-04-17 17:09:53.226265,1,,,5.0,g8k2na6b,,,,,0,0.0,1.0,hashtag_experiment,"[[[30, 31], [32, 33], [34, 35], [36, 38], [37, 39], [40, 42], [41, 43], [44, 46], [45, 47], [48, 50], [1, 49], [2, 4], [3, 5], [6, 7], [8, 10], [9, 11], [12, 13], [14, 15], [16, 17], [18, 19], [20, 21], [22, 23], [24, 25], [26, 27], [28, 29]], [[3, 5], [4, 6], [7, 9], [8, 10], [11, 13], [12, 14], [15, 16], [17, 19], [18, 20], [21, 23], [22, 24], [25, 26], [27, 29], [28, 30], [31, 33], [32, 34], [35, 36], [37, 39], [38, 40], [41, 42], [43, 45], [44, 46], [47, 49], [48, 50], [1, 2]], [[23, 25], [22, 24], [26, 27], [28, 30], [29, 31], [32, 34], [33, 35], [36, 37], [38, 39], [40, 41], [42, 43], [44, 46], [45, 47], [48, 50], [1, 49], [2, 3], [4, 5], [6, 8], [7, 9], [10, 12], [11, 13], [14, 15], [16, 18], [17, 19], [20, 21]], [[3, 5], [4, 6], [7, 8], [9, 10], [11, 12], [13, 15], [14, 16], [17, 19], [18, 20], [21, 23], [22, 24], [25, 27], [26, 28], [29, 31], [30, 32], [33, 34], [35, 37], [36, 38], [39, 41], [40, 42], [43, 44], [45, 46], [47, 49], [48, 50], [1, 2]], [[9, 10], [11, 12], [13, 14], [15, 17], [16, 18], [19, 21], [20, 22], [23, 24], [25, 26], [27, 29], [28, 30], [31, 33], [32, 34], [35, 36], [37, 39], [38, 40], [41, 42], [43, 44], [45, 46], [47, 49], [48, 50], [1, 3], [2, 4], [5, 6], [7, 8]], [[41, 42], [43, 44], [45, 47], [46, 48], [49, 50], [1, 3], [2, 4], [5, 6], [7, 9], [8, 10], [11, 13], [12, 14], [15, 17], [16, 18], [19, 21], [20, 22], [23, 25], [24, 26], [27, 29], [28, 30], [31, 33], [32, 34], [35, 36], [37, 39], [38, 40]], [[16, 17], [18, 19], [20, 22], [21, 23], [24, 25], [26, 28], [27, 29], [30, 31], [32, 33], [34, 35], [36, 38], [37, 39], [40, 41], [42, 44], [43, 45], [46, 47], [48, 50], [1, 49], [2, 4], [3, 5], [6, 7], [8, 10], [9, 11], [12, 14], [13, 15]], [[5, 7], [6, 8], [9, 10], [11, 13], [12, 14], [15, 16], [17, 18], [19, 21], [20, 22], [23, 25], [24, 26], [27, 28], [29, 31], [30, 32], [33, 34], [35, 37], [36, 38], [39, 40], [41, 42], [43, 44], [45, 46], [47, 48], [1, 49], [2, 50], [3, 4]], [[30, 32], [29, 31], [33, 34], [35, 36], [37, 38], [39, 40], [41, 42], [43, 45], [44, 46], [47, 48], [1, 49], [2, 50], [3, 4], [5, 7], [6, 8], [9, 11], [10, 12], [13, 14], [15, 16], [17, 18], [19, 21], [20, 22], [23, 24], [25, 27], [26, 28]], [[44, 46], [43, 45], [47, 49], [48, 50], [1, 2], [3, 4], [5, 6], [7, 8], [9, 10], [11, 13], [12, 14], [15, 17], [16, 18], [19, 20], [21, 22], [23, 25], [24, 26], [27, 28], [29, 31], [30, 32], [33, 34], [35, 37], [36, 38], [39, 40], [41, 42]], [[1, 50], [2, 4], [3, 5], [6, 7], [8, 9], [10, 11], [12, 14], [13, 15], [16, 18], [17, 19], [20, 22], [21, 23], [24, 25], [26, 27], [28, 30], [29, 31], [32, 34], [33, 35], [36, 37], [38, 40], [39, 41], [42, 43], [44, 46], [45, 47], [48, 49]], [[23, 25], [24, 26], [27, 29], [28, 30], [31, 33], [32, 34], [35, 37], [36, 38], [39, 41], [40, 42], [43, 44], [45, 46], [47, 49], [48, 50], [1, 2], [3, 5], [4, 6], [7, 8], [9, 11], [10, 12], [13, 14], [15, 17], [16, 18], [19, 20], [21, 22]], [[26, 28], [27, 29], [30, 31], [32, 34], [33, 35], [36, 37], [38, 39], [40, 42], [41, 43], [44, 45], [46, 47], [48, 49], [1, 50], [2, 3], [4, 5], [6, 7], [8, 9], [10, 11], [12, 14], [13, 15], [16, 18], [17, 19], [20, 21], [22, 23], [24, 25]], [[43, 44], [45, 46], [47, 48], [1, 49], [2, 50], [3, 4], [5, 7], [6, 8], [9, 10], [11, 12], [13, 14], [15, 16], [17, 19], [18, 20], [21, 23], [22, 24], [25, 27], [26, 28], [29, 30], [31, 33], [32, 34], [35, 37], [36, 38], [39, 40], [41, 42]], [[26, 27], [28, 30], [29, 31], [32, 33], [34, 36], [35, 37], [38, 40], [39, 41], [42, 44], [43, 45], [46, 48], [47, 49], [2, 50], [1, 3], [4, 5], [6, 7], [8, 10], [9, 11], [12, 14], [13, 15], [16, 17], [18, 20], [19, 21], [22, 24], [23, 25]], [[25, 27], [26, 28], [29, 30], [31, 32], [33, 35], [34, 36], [37, 39], [38, 40], [41, 43], [42, 44], [45, 47], [46, 48], [1, 49], [2, 50], [3, 4], [5, 7], [6, 8], [9, 11], [10, 12], [13, 14], [15, 16], [17, 18], [19, 20], [21, 23], [22, 24]], [[20, 21], [22, 24], [23, 25], [26, 28], [27, 29], [30, 31], [32, 33], [34, 35], [36, 38], [37, 39], [40, 41], [42, 43], [44, 46], [45, 47], [48, 49], [1, 50], [2, 3], [4, 6], [5, 7], [8, 9], [10, 12], [11, 13], [14, 15], [16, 18], [17, 19]], [[6, 7], [8, 9], [10, 11], [12, 14], [13, 15], [16, 17], [18, 20], [19, 21], [22, 24], [23, 25], [26, 28], [27, 29], [30, 32], [31, 33], [34, 36], [35, 37], [38, 40], [39, 41], [42, 44], [43, 45], [46, 48], [47, 49], [1, 50], [2, 4], [3, 5]], [[41, 43], [40, 42], [44, 45], [46, 48], [47, 49], [1, 50], [2, 4], [3, 5], [6, 8], [7, 9], [10, 12], [11, 13], [14, 16], [15, 17], [18, 19], [20, 22], [21, 23], [24, 25], [26, 28], [27, 29], [30, 31], [32, 34], [33, 35], [36, 38], [37, 39]], [[13, 14], [15, 16], [17, 18], [19, 21], [20, 22], [23, 24], [25, 26], [27, 28], [29, 30], [31, 32], [33, 34], [35, 37], [36, 38], [39, 41], [40, 42], [43, 44], [45, 47], [46, 48], [49, 50], [1, 2], [3, 5], [4, 6], [7, 8], [9, 10], [11, 12]], [[21, 22], [23, 24], [25, 26], [27, 29], [28, 30], [31, 33], [32, 34], [35, 36], [37, 39], [38, 40], [41, 42], [43, 44], [45, 47], [46, 48], [49, 50], [1, 3], [2, 4], [5, 7], [6, 8], [9, 11], [10, 12], [13, 15], [14, 16], [17, 19], [18, 20]], [[12, 14], [13, 15], [16, 18], [17, 19], [20, 22], [21, 23], [24, 26], [25, 27], [28, 30], [29, 31], [32, 34], [33, 35], [36, 38], [37, 39], [40, 42], [41, 43], [44, 46], [45, 47], [48, 50], [1, 49], [2, 4], [3, 5], [6, 8], [7, 9], [10, 11]], [[39, 40], [41, 42], [43, 44], [45, 47], [46, 48], [1, 49], [2, 50], [3, 5], [4, 6], [7, 9], [8, 10], [11, 12], [13, 15], [14, 16], [17, 18], [19, 21], [20, 22], [23, 24], [25, 27], [26, 28], [29, 31], [30, 32], [33, 35], [34, 36], [37, 38]], [[41, 43], [42, 44], [45, 46], [47, 48], [1, 49], [2, 50], [3, 4], [5, 6], [7, 9], [8, 10], [11, 13], [12, 14], [15, 17], [16, 18], [19, 21], [20, 22], [23, 24], [25, 27], [26, 28], [29, 30], [31, 32], [33, 35], [34, 36], [37, 38], [39, 40]], [[43, 45], [46, 47], [48, 49], [2, 50], [1, 3], [4, 6], [5, 7], [8, 10], [9, 11], [12, 13], [14, 16], [15, 17], [18, 20], [19, 21], [22, 23], [24, 25], [26, 27], [28, 29], [30, 32], [31, 33], [34, 35], [36, 37], [38, 40], [39, 41], [42, 44]], [[14, 16], [17, 19], [18, 20], [21, 22], [23, 25], [24, 26], [27, 28], [29, 30], [31, 32], [33, 35], [34, 36], [37, 38], [39, 40], [41, 42], [43, 45], [44, 46], [47, 48], [1, 49], [2, 50], [3, 5], [4, 6], [7, 8], [9, 10], [11, 12], [13, 15]], [[5, 6], [7, 9], [8, 10], [11, 13], [12, 14], [15, 17], [16, 18], [19, 21], [20, 22], [23, 25], [24, 26], [27, 28], [29, 31], [30, 32], [33, 34], [35, 37], [36, 38], [39, 41], [40, 42], [43, 44], [45, 47], [46, 48], [1, 49], [2, 50], [3, 4]], [[18, 19], [20, 22], [21, 23], [24, 25], [26, 28], [27, 29], [30, 32], [31, 33], [34, 36], [35, 37], [38, 40], [39, 41], [42, 44], [43, 45], [46, 48], [47, 49], [2, 50], [1, 3], [4, 5], [6, 8], [7, 9], [10, 12], [11, 13], [14, 16], [15, 17]], [[49, 50], [1, 2], [3, 4], [5, 6], [7, 8], [9, 10], [11, 12], [13, 15], [14, 16], [17, 18], [19, 20], [21, 22], [23, 25], [24, 26], [27, 28], [29, 30], [31, 32], [33, 34], [35, 36], [37, 38], [39, 41], [40, 42], [43, 44], [45, 47], [46, 48]], [[43, 45], [44, 46], [47, 49], [48, 50], [1, 2], [3, 4], [5, 7], [6, 8], [9, 10], [11, 13], [12, 14], [15, 16], [17, 18], [19, 20], [21, 23], [22, 24], [25, 27], [26, 28], [29, 31], [30, 32], [33, 35], [34, 36], [37, 38], [39, 41], [40, 42]], [[7, 8], [9, 10], [11, 13], [12, 14], [15, 17], [16, 18], [19, 21], [20, 22], [23, 24], [25, 27], [26, 28], [29, 31], [30, 32], [33, 34], [35, 36], [37, 39], [38, 40], [41, 43], [42, 44], [45, 46], [47, 49], [48, 50], [1, 2], [3, 4], [5, 6]], [[14, 16], [13, 15], [17, 19], [18, 20], [21, 22], [23, 25], [24, 26], [27, 28], [29, 31], [30, 32], [33, 34], [35, 37], [36, 38], [39, 40], [41, 42], [43, 45], [44, 46], [47, 48], [1, 49], [2, 50], [3, 4], [5, 7], [6, 8], [9, 11], [10, 12]], [[43, 45], [44, 46], [47, 48], [1, 49], [2, 50], [3, 4], [5, 6], [7, 9], [8, 10], [11, 12], [13, 14], [15, 16], [17, 19], [18, 20], [21, 23], [22, 24], [25, 26], [27, 29], [28, 30], [31, 32], [33, 35], [34, 36], [37, 39], [38, 40], [41, 42]], [[14, 15], [16, 17], [18, 19], [20, 21], [22, 24], [23, 25], [26, 27], [28, 29], [30, 32], [31, 33], [34, 36], [35, 37], [38, 39], [40, 42], [41, 43], [44, 45], [46, 47], [48, 49], [2, 50], [1, 3], [4, 5], [6, 8], [7, 9], [10, 12], [11, 13]], [[18, 20], [19, 21], [22, 24], [23, 25], [26, 28], [27, 29], [30, 32], [31, 33], [34, 35], [36, 37], [38, 40], [39, 41], [42, 44], [43, 45], [46, 47], [48, 49], [2, 50], [1, 3], [4, 6], [5, 7], [8, 10], [9, 11], [12, 13], [14, 16], [15, 17]], [[40, 41], [42, 43], [44, 45], [46, 48], [47, 49], [1, 50], [2, 3], [4, 5], [6, 7], [8, 10], [9, 11], [12, 13], [14, 15], [16, 17], [18, 20], [19, 21], [22, 24], [23, 25], [26, 28], [27, 29], [30, 31], [32, 34], [33, 35], [36, 37], [38, 39]], [[43, 45], [46, 47], [48, 50], [1, 49], [2, 4], [3, 5], [6, 7], [8, 10], [9, 11], [12, 14], [13, 15], [16, 18], [17, 19], [20, 22], [21, 23], [24, 25], [26, 27], [28, 30], [29, 31], [32, 33], [34, 35], [36, 38], [37, 39], [40, 41], [42, 44]], [[41, 43], [44, 45], [46, 47], [48, 49], [2, 50], [1, 3], [4, 6], [5, 7], [8, 9], [10, 12], [11, 13], [14, 15], [16, 18], [17, 19], [20, 22], [21, 23], [24, 25], [26, 28], [27, 29], [30, 31], [32, 34], [33, 35], [36, 38], [37, 39], [40, 42]], [[2, 3], [4, 5], [6, 7], [8, 9], [10, 11], [12, 14], [13, 15], [16, 17], [18, 20], [19, 21], [22, 23], [24, 25], [26, 27], [28, 30], [29, 31], [32, 34], [33, 35], [36, 38], [37, 39], [40, 41], [42, 44], [43, 45], [46, 48], [47, 49], [1, 50]], [[11, 12], [13, 14], [15, 17], [16, 18], [19, 21], [20, 22], [23, 24], [25, 27], [26, 28], [29, 30], [31, 32], [33, 35], [34, 36], [37, 38], [39, 41], [40, 42], [43, 44], [45, 46], [47, 48], [1, 49], [2, 50], [3, 5], [4, 6], [7, 9], [8, 10]]]",,1,,0.0,99058,terrible,15,1,1,,0.0,99058,lastingeffects,4,2,2,,0.0,99058,hurtful,18,3,2,,0.0,99058,preventable,3,4,2,,0.0,99058,naturaldisaster,25,5,1,,0.0,99058,nuclearfear,10,6,1,,0.0,99058,hurtful,22,7,2,,0.0,99058,lastingsuffering,2,8,2,,0.0,99058,isthisreal,15,9,2,,0.0,99058,why,8,10,1,,0.0,99058,fake,5,11,2,,0.0,99058,powerplantfailure,18,12,1,,0.0,99058,infinitepain,17,13,2,,0.0,99058,wrong,8,14,1,,0.0,99058,shortage,17,15,2,,0.0,99058,together,17,16,1,,0.0,99058,wrong,20,17,1,,0.0,99058,cancer,2,18,2,,0.0,99058,bad,9,19,2,,0.0,99058,tears,23,20,2,,0.0,99058,longwait,19,21,2,,1.0,99058,tsunami,23,22,1,,0.0,99058,waves,11,23,1,,0.0,99058,flood,10,24,1,,0.0,99058,pain,8,25,2,,0.0,99058,earthquake,22,26,1,,0.0,99058,powerplant,3,27,2,,0.0,99058,earthquake,20,28,2,,1.0,99058,tsunami,5,29,2,,1.0,99058,tsunami,8,30,2,,1.0,99058,tsunami,1,31,2,,1.0,99058,tsunami,23,32,1,,0.0,99058,tsunami,9,33,2,,0.0,99058,flooded,22,34,1,,0.0,99058,tsunami,21,35,1,,0.0,99058,earthquake,10,36,1,,0.0,99058,flood,8,37,1,,0.0,99058,earthquake,9,38,1,,0.0,99058,painful,4,39,1,,0.0,99058,earthquake,25,40,,,,,,,,,,,,,,,,,,,,,,,,,,,,,,,,,,,,,,,,,,,,,,,,,,,,,,,,,,,,,,,,,,,,,,,,,,,,,,,,,,,,,,,,,,,,,,,,,,,,,,,,,,,,,,,,,,,,,,,,,,,,,,,,,,,,,,,,,,,,,,,,,,,,,,,,,,,,,,,,,,,,,,,,,,,,,,,,,,,,,,,,,,,,,,,,,,,,,,,,,,,,,,,,,,,,,,,,,,,,,,,,,,,,,,,,,,,,,,,,,,,,,,,,,,,,,,,,,,,,,,,,,,,,,,,,,,,,,,,,,,,,,,,,,,,,,,,,,,,,,,,,,,,,,,,,,,,,,,,,,,,,,,,,,,,,,,,,,,,,,,,,,,,,,,,,,,,,,,,,,,,,,,,,,,,,,,,,,,,,,,,,,,,,,,,,,,,,,,,,,,,,,,,,,,,,,,,,,,,,,,,,,,,,,,,,,,,,,,,,,,,,,,,,,,,,,,,,,,,,,,,,,,,,,,,,,,,,,,,,,,,,,,,,,,,,,,,,,,,,,,,,,,,,,,,,,,,,,,,,,,,,,,,,,,,,,,,,,,,,,,,,,,,,,,,,,,,,,,,,,,,,,,,,,,,,,,,,,,,,,,,,,,,,,,,,,,,,,,,,,,,,,,,,,,,,,,,,,,,,,,,,,,,,,,,,,,,,,,,,,,,,,,,,,,,,,,,,,,,,,,,,,,,,,,,,,,,,,,,,,,,,,,,,,,,,,,,,,,,,,,,,,,,,,,,,,,,,,,,,,,,,,,,,,,,,,,,,,,,,,,,,,,,,,,,,,,,,,,,,,,,,,,,,,,,,,,,,,,,,,,,,,,,,,,,,,,,,,,,,,,,,,,,,,,,,,,,,,,,,,,,,,,,,,,,,,,,,,,,,,,,,,,,,,,,,,,,,,,,,,,,,,,,,,,,,,,,,,,,,,,,,,,,,,,,,,,,,,,,,,,,,,,,,,,,,,,,,,,,,,,,,,,,,,,,,,,,,,,,,,,,,,,,,,,,,,,,,,,,,,,,,,,,,,,,,,,,,,,,,,,,,,,,,,,,,,,,,,,,,,,,,,,,,,,,,,,,,,,,,,,,,,,,,,,,,,,,,,,,,,,,,,,,,,,,,,,,,,,,,,,,,,,,,,,,,,,,,,,,,,,,,,,,,,,,,,,,,,,,,,,,,,,,,,,,,,,,,,,,,,,,,,,,,,,,,,,,,,,,,,,,,,,,,,,,,,,,,,,,,,,,,,,,,,,
9,h9jykyxj,,0,240,240,hashtag_experiment,LastPage,2024-04-17 17:09:54.873318,1,,,11.0,g8k2na6b,,,,,0,0.0,1.0,hashtag_experiment,"[[[30, 31], [32, 33], [34, 35], [36, 38], [37, 39], [40, 42], [41, 43], [44, 46], [45, 47], [48, 50], [1, 49], [2, 4], [3, 5], [6, 7], [8, 10], [9, 11], [12, 13], [14, 15], [16, 17], [18, 19], [20, 21], [22, 23], [24, 25], [26, 27], [28, 29]], [[3, 5], [4, 6], [7, 9], [8, 10], [11, 13], [12, 14], [15, 16], [17, 19], [18, 20], [21, 23], [22, 24], [25, 26], [27, 29], [28, 30], [31, 33], [32, 34], [35, 36], [37, 39], [38, 40], [41, 42], [43, 45], [44, 46], [47, 49], [48, 50], [1, 2]], [[23, 25], [22, 24], [26, 27], [28, 30], [29, 31], [32, 34], [33, 35], [36, 37], [38, 39], [40, 41], [42, 43], [44, 46], [45, 47], [48, 50], [1, 49], [2, 3], [4, 5], [6, 8], [7, 9], [10, 12], [11, 13], [14, 15], [16, 18], [17, 19], [20, 21]], [[3, 5], [4, 6], [7, 8], [9, 10], [11, 12], [13, 15], [14, 16], [17, 19], [18, 20], [21, 23], [22, 24], [25, 27], [26, 28], [29, 31], [30, 32], [33, 34], [35, 37], [36, 38], [39, 41], [40, 42], [43, 44], [45, 46], [47, 49], [48, 50], [1, 2]], [[9, 10], [11, 12], [13, 14], [15, 17], [16, 18], [19, 21], [20, 22], [23, 24], [25, 26], [27, 29], [28, 30], [31, 33], [32, 34], [35, 36], [37, 39], [38, 40], [41, 42], [43, 44], [45, 46], [47, 49], [48, 50], [1, 3], [2, 4], [5, 6], [7, 8]], [[41, 42], [43, 44], [45, 47], [46, 48], [49, 50], [1, 3], [2, 4], [5, 6], [7, 9], [8, 10], [11, 13], [12, 14], [15, 17], [16, 18], [19, 21], [20, 22], [23, 25], [24, 26], [27, 29], [28, 30], [31, 33], [32, 34], [35, 36], [37, 39], [38, 40]], [[16, 17], [18, 19], [20, 22], [21, 23], [24, 25], [26, 28], [27, 29], [30, 31], [32, 33], [34, 35], [36, 38], [37, 39], [40, 41], [42, 44], [43, 45], [46, 47], [48, 50], [1, 49], [2, 4], [3, 5], [6, 7], [8, 10], [9, 11], [12, 14], [13, 15]], [[5, 7], [6, 8], [9, 10], [11, 13], [12, 14], [15, 16], [17, 18], [19, 21], [20, 22], [23, 25], [24, 26], [27, 28], [29, 31], [30, 32], [33, 34], [35, 37], [36, 38], [39, 40], [41, 42], [43, 44], [45, 46], [47, 48], [1, 49], [2, 50], [3, 4]], [[30, 32], [29, 31], [33, 34], [35, 36], [37, 38], [39, 40], [41, 42], [43, 45], [44, 46], [47, 48], [1, 49], [2, 50], [3, 4], [5, 7], [6, 8], [9, 11], [10, 12], [13, 14], [15, 16], [17, 18], [19, 21], [20, 22], [23, 24], [25, 27], [26, 28]], [[44, 46], [43, 45], [47, 49], [48, 50], [1, 2], [3, 4], [5, 6], [7, 8], [9, 10], [11, 13], [12, 14], [15, 17], [16, 18], [19, 20], [21, 22], [23, 25], [24, 26], [27, 28], [29, 31], [30, 32], [33, 34], [35, 37], [36, 38], [39, 40], [41, 42]], [[1, 50], [2, 4], [3, 5], [6, 7], [8, 9], [10, 11], [12, 14], [13, 15], [16, 18], [17, 19], [20, 22], [21, 23], [24, 25], [26, 27], [28, 30], [29, 31], [32, 34], [33, 35], [36, 37], [38, 40], [39, 41], [42, 43], [44, 46], [45, 47], [48, 49]], [[23, 25], [24, 26], [27, 29], [28, 30], [31, 33], [32, 34], [35, 37], [36, 38], [39, 41], [40, 42], [43, 44], [45, 46], [47, 49], [48, 50], [1, 2], [3, 5], [4, 6], [7, 8], [9, 11], [10, 12], [13, 14], [15, 17], [16, 18], [19, 20], [21, 22]], [[26, 28], [27, 29], [30, 31], [32, 34], [33, 35], [36, 37], [38, 39], [40, 42], [41, 43], [44, 45], [46, 47], [48, 49], [1, 50], [2, 3], [4, 5], [6, 7], [8, 9], [10, 11], [12, 14], [13, 15], [16, 18], [17, 19], [20, 21], [22, 23], [24, 25]], [[43, 44], [45, 46], [47, 48], [1, 49], [2, 50], [3, 4], [5, 7], [6, 8], [9, 10], [11, 12], [13, 14], [15, 16], [17, 19], [18, 20], [21, 23], [22, 24], [25, 27], [26, 28], [29, 30], [31, 33], [32, 34], [35, 37], [36, 38], [39, 40], [41, 42]], [[26, 27], [28, 30], [29, 31], [32, 33], [34, 36], [35, 37], [38, 40], [39, 41], [42, 44], [43, 45], [46, 48], [47, 49], [2, 50], [1, 3], [4, 5], [6, 7], [8, 10], [9, 11], [12, 14], [13, 15], [16, 17], [18, 20], [19, 21], [22, 24], [23, 25]], [[25, 27], [26, 28], [29, 30], [31, 32], [33, 35], [34, 36], [37, 39], [38, 40], [41, 43], [42, 44], [45, 47], [46, 48], [1, 49], [2, 50], [3, 4], [5, 7], [6, 8], [9, 11], [10, 12], [13, 14], [15, 16], [17, 18], [19, 20], [21, 23], [22, 24]], [[20, 21], [22, 24], [23, 25], [26, 28], [27, 29], [30, 31], [32, 33], [34, 35], [36, 38], [37, 39], [40, 41], [42, 43], [44, 46], [45, 47], [48, 49], [1, 50], [2, 3], [4, 6], [5, 7], [8, 9], [10, 12], [11, 13], [14, 15], [16, 18], [17, 19]], [[6, 7], [8, 9], [10, 11], [12, 14], [13, 15], [16, 17], [18, 20], [19, 21], [22, 24], [23, 25], [26, 28], [27, 29], [30, 32], [31, 33], [34, 36], [35, 37], [38, 40], [39, 41], [42, 44], [43, 45], [46, 48], [47, 49], [1, 50], [2, 4], [3, 5]], [[41, 43], [40, 42], [44, 45], [46, 48], [47, 49], [1, 50], [2, 4], [3, 5], [6, 8], [7, 9], [10, 12], [11, 13], [14, 16], [15, 17], [18, 19], [20, 22], [21, 23], [24, 25], [26, 28], [27, 29], [30, 31], [32, 34], [33, 35], [36, 38], [37, 39]], [[13, 14], [15, 16], [17, 18], [19, 21], [20, 22], [23, 24], [25, 26], [27, 28], [29, 30], [31, 32], [33, 34], [35, 37], [36, 38], [39, 41], [40, 42], [43, 44], [45, 47], [46, 48], [49, 50], [1, 2], [3, 5], [4, 6], [7, 8], [9, 10], [11, 12]], [[21, 22], [23, 24], [25, 26], [27, 29], [28, 30], [31, 33], [32, 34], [35, 36], [37, 39], [38, 40], [41, 42], [43, 44], [45, 47], [46, 48], [49, 50], [1, 3], [2, 4], [5, 7], [6, 8], [9, 11], [10, 12], [13, 15], [14, 16], [17, 19], [18, 20]], [[12, 14], [13, 15], [16, 18], [17, 19], [20, 22], [21, 23], [24, 26], [25, 27], [28, 30], [29, 31], [32, 34], [33, 35], [36, 38], [37, 39], [40, 42], [41, 43], [44, 46], [45, 47], [48, 50], [1, 49], [2, 4], [3, 5], [6, 8], [7, 9], [10, 11]], [[39, 40], [41, 42], [43, 44], [45, 47], [46, 48], [1, 49], [2, 50], [3, 5], [4, 6], [7, 9], [8, 10], [11, 12], [13, 15], [14, 16], [17, 18], [19, 21], [20, 22], [23, 24], [25, 27], [26, 28], [29, 31], [30, 32], [33, 35], [34, 36], [37, 38]], [[41, 43], [42, 44], [45, 46], [47, 48], [1, 49], [2, 50], [3, 4], [5, 6], [7, 9], [8, 10], [11, 13], [12, 14], [15, 17], [16, 18], [19, 21], [20, 22], [23, 24], [25, 27], [26, 28], [29, 30], [31, 32], [33, 35], [34, 36], [37, 38], [39, 40]], [[43, 45], [46, 47], [48, 49], [2, 50], [1, 3], [4, 6], [5, 7], [8, 10], [9, 11], [12, 13], [14, 16], [15, 17], [18, 20], [19, 21], [22, 23], [24, 25], [26, 27], [28, 29], [30, 32], [31, 33], [34, 35], [36, 37], [38, 40], [39, 41], [42, 44]], [[14, 16], [17, 19], [18, 20], [21, 22], [23, 25], [24, 26], [27, 28], [29, 30], [31, 32], [33, 35], [34, 36], [37, 38], [39, 40], [41, 42], [43, 45], [44, 46], [47, 48], [1, 49], [2, 50], [3, 5], [4, 6], [7, 8], [9, 10], [11, 12], [13, 15]], [[5, 6], [7, 9], [8, 10], [11, 13], [12, 14], [15, 17], [16, 18], [19, 21], [20, 22], [23, 25], [24, 26], [27, 28], [29, 31], [30, 32], [33, 34], [35, 37], [36, 38], [39, 41], [40, 42], [43, 44], [45, 47], [46, 48], [1, 49], [2, 50], [3, 4]], [[18, 19], [20, 22], [21, 23], [24, 25], [26, 28], [27, 29], [30, 32], [31, 33], [34, 36], [35, 37], [38, 40], [39, 41], [42, 44], [43, 45], [46, 48], [47, 49], [2, 50], [1, 3], [4, 5], [6, 8], [7, 9], [10, 12], [11, 13], [14, 16], [15, 17]], [[49, 50], [1, 2], [3, 4], [5, 6], [7, 8], [9, 10], [11, 12], [13, 15], [14, 16], [17, 18], [19, 20], [21, 22], [23, 25], [24, 26], [27, 28], [29, 30], [31, 32], [33, 34], [35, 36], [37, 38], [39, 41], [40, 42], [43, 44], [45, 47], [46, 48]], [[43, 45], [44, 46], [47, 49], [48, 50], [1, 2], [3, 4], [5, 7], [6, 8], [9, 10], [11, 13], [12, 14], [15, 16], [17, 18], [19, 20], [21, 23], [22, 24], [25, 27], [26, 28], [29, 31], [30, 32], [33, 35], [34, 36], [37, 38], [39, 41], [40, 42]], [[7, 8], [9, 10], [11, 13], [12, 14], [15, 17], [16, 18], [19, 21], [20, 22], [23, 24], [25, 27], [26, 28], [29, 31], [30, 32], [33, 34], [35, 36], [37, 39], [38, 40], [41, 43], [42, 44], [45, 46], [47, 49], [48, 50], [1, 2], [3, 4], [5, 6]], [[14, 16], [13, 15], [17, 19], [18, 20], [21, 22], [23, 25], [24, 26], [27, 28], [29, 31], [30, 32], [33, 34], [35, 37], [36, 38], [39, 40], [41, 42], [43, 45], [44, 46], [47, 48], [1, 49], [2, 50], [3, 4], [5, 7], [6, 8], [9, 11], [10, 12]], [[43, 45], [44, 46], [47, 48], [1, 49], [2, 50], [3, 4], [5, 6], [7, 9], [8, 10], [11, 12], [13, 14], [15, 16], [17, 19], [18, 20], [21, 23], [22, 24], [25, 26], [27, 29], [28, 30], [31, 32], [33, 35], [34, 36], [37, 39], [38, 40], [41, 42]], [[14, 15], [16, 17], [18, 19], [20, 21], [22, 24], [23, 25], [26, 27], [28, 29], [30, 32], [31, 33], [34, 36], [35, 37], [38, 39], [40, 42], [41, 43], [44, 45], [46, 47], [48, 49], [2, 50], [1, 3], [4, 5], [6, 8], [7, 9], [10, 12], [11, 13]], [[18, 20], [19, 21], [22, 24], [23, 25], [26, 28], [27, 29], [30, 32], [31, 33], [34, 35], [36, 37], [38, 40], [39, 41], [42, 44], [43, 45], [46, 47], [48, 49], [2, 50], [1, 3], [4, 6], [5, 7], [8, 10], [9, 11], [12, 13], [14, 16], [15, 17]], [[40, 41], [42, 43], [44, 45], [46, 48], [47, 49], [1, 50], [2, 3], [4, 5], [6, 7], [8, 10], [9, 11], [12, 13], [14, 15], [16, 17], [18, 20], [19, 21], [22, 24], [23, 25], [26, 28], [27, 29], [30, 31], [32, 34], [33, 35], [36, 37], [38, 39]], [[43, 45], [46, 47], [48, 50], [1, 49], [2, 4], [3, 5], [6, 7], [8, 10], [9, 11], [12, 14], [13, 15], [16, 18], [17, 19], [20, 22], [21, 23], [24, 25], [26, 27], [28, 30], [29, 31], [32, 33], [34, 35], [36, 38], [37, 39], [40, 41], [42, 44]], [[41, 43], [44, 45], [46, 47], [48, 49], [2, 50], [1, 3], [4, 6], [5, 7], [8, 9], [10, 12], [11, 13], [14, 15], [16, 18], [17, 19], [20, 22], [21, 23], [24, 25], [26, 28], [27, 29], [30, 31], [32, 34], [33, 35], [36, 38], [37, 39], [40, 42]], [[2, 3], [4, 5], [6, 7], [8, 9], [10, 11], [12, 14], [13, 15], [16, 17], [18, 20], [19, 21], [22, 23], [24, 25], [26, 27], [28, 30], [29, 31], [32, 34], [33, 35], [36, 38], [37, 39], [40, 41], [42, 44], [43, 45], [46, 48], [47, 49], [1, 50]], [[11, 12], [13, 14], [15, 17], [16, 18], [19, 21], [20, 22], [23, 24], [25, 27], [26, 28], [29, 30], [31, 32], [33, 35], [34, 36], [37, 38], [39, 41], [40, 42], [43, 44], [45, 46], [47, 48], [1, 49], [2, 50], [3, 5], [4, 6], [7, 9], [8, 10]]]",,1,,0.0,88603,earthquake,16,1,2,,0.0,88603,tsunami,3,2,2,,0.0,88603,nuclearenergy,19,3,1,,0.0,88603,tsunami,4,4,1,,0.0,88603,nucleardisaster,1,5,2,,0.0,88603,WHOreport,9,6,1,,1.0,88603,earthquake,23,7,1,,0.0,88603,nuclear_accident,3,8,1,,0.0,88603,powerplant,16,9,1,,0.0,88603,Daiichi,9,10,2,,0.0,88603,Daiichipowerplant,5,11,1,,0.0,88603,globaldisaster,19,12,2,,0.0,88603,nuclearaccident,17,13,1,,0.0,88603,pain,9,14,1,,0.0,88603,tsunami,18,15,1,,0.0,88603,waves,18,16,2,,0.0,88603,tsunami,20,17,2,,0.0,88603,fake,2,18,2,,0.0,88603,Daciichidisaster,10,19,1,,1.0,88603,earthquake,24,20,1,,0.0,88603,painful,20,21,2,,1.0,88603,tsunami,24,22,2,,0.0,88603,powerplant,10,23,2,,0.0,88603,powerplant,9,24,1,,1.0,88603,earthquake,9,25,1,,0.0,88603,tsunami,23,26,2,,0.0,88603,tsunami,2,27,2,,1.0,88603,tsunami,21,28,1,,1.0,88603,earthquake,6,29,1,,1.0,88603,flood,9,30,1,,0.0,88603,earthquake,2,31,1,,0.0,88603,powerplant,24,32,2,,1.0,88603,tsunami,8,33,2,,0.0,88603,Daiichi,23,34,1,,1.0,88603,earthquake,22,35,1,,1.0,88603,tsunami,11,36,1,,0.0,88603,Daiichi,9,37,2,,0.0,88603,painful,9,38,2,,0.0,88603,earthquake,4,39,2,,1.0,88603,tsunami,24,40,,,,,,,,,,,,,,,,,,,,,,,,,,,,,,,,,,,,,,,,,,,,,,,,,,,,,,,,,,,,,,,,,,,,,,,,,,,,,,,,,,,,,,,,,,,,,,,,,,,,,,,,,,,,,,,,,,,,,,,,,,,,,,,,,,,,,,,,,,,,,,,,,,,,,,,,,,,,,,,,,,,,,,,,,,,,,,,,,,,,,,,,,,,,,,,,,,,,,,,,,,,,,,,,,,,,,,,,,,,,,,,,,,,,,,,,,,,,,,,,,,,,,,,,,,,,,,,,,,,,,,,,,,,,,,,,,,,,,,,,,,,,,,,,,,,,,,,,,,,,,,,,,,,,,,,,,,,,,,,,,,,,,,,,,,,,,,,,,,,,,,,,,,,,,,,,,,,,,,,,,,,,,,,,,,,,,,,,,,,,,,,,,,,,,,,,,,,,,,,,,,,,,,,,,,,,,,,,,,,,,,,,,,,,,,,,,,,,,,,,,,,,,,,,,,,,,,,,,,,,,,,,,,,,,,,,,,,,,,,,,,,,,,,,,,,,,,,,,,,,,,,,,,,,,,,,,,,,,,,,,,,,,,,,,,,,,,,,,,,,,,,,,,,,,,,,,,,,,,,,,,,,,,,,,,,,,,,,,,,,,,,,,,,,,,,,,,,,,,,,,,,,,,,,,,,,,,,,,,,,,,,,,,,,,,,,,,,,,,,,,,,,,,,,,,,,,,,,,,,,,,,,,,,,,,,,,,,,,,,,,,,,,,,,,,,,,,,,,,,,,,,,,,,,,,,,,,,,,,,,,,,,,,,,,,,,,,,,,,,,,,,,,,,,,,,,,,,,,,,,,,,,,,,,,,,,,,,,,,,,,,,,,,,,,,,,,,,,,,,,,,,,,,,,,,,,,,,,,,,,,,,,,,,,,,,,,,,,,,,,,,,,,,,,,,,,,,,,,,,,,,,,,,,,,,,,,,,,,,,,,,,,,,,,,,,,,,,,,,,,,,,,,,,,,,,,,,,,,,,,,,,,,,,,,,,,,,,,,,,,,,,,,,,,,,,,,,,,,,,,,,,,,,,,,,,,,,,,,,,,,,,,,,,,,,,,,,,,,,,,,,,,,,,,,,,,,,,,,,,,,,,,,,,,,,,,,,,,,,,,,,,,,,,,,,,,,,,,,,,,,,,,,,,,,,,,,,,,,,,,,,,,,,,,,,,,,,,,,,,,,,,,,,,,,,,,,,,,,,,,,,,,,,,,,,,,,,,,,,,,,,,,,,,,,,,,,,,,,,,,,,,,,,,,,,
10,wcza0fv3,,0,240,240,hashtag_experiment,LastPage,2024-04-17 17:10:09.720452,1,,,6.0,g8k2na6b,,,,,0,0.0,1.0,hashtag_experiment,"[[[30, 31], [32, 33], [34, 35], [36, 38], [37, 39], [40, 42], [41, 43], [44, 46], [45, 47], [48, 50], [1, 49], [2, 4], [3, 5], [6, 7], [8, 10], [9, 11], [12, 13], [14, 15], [16, 17], [18, 19], [20, 21], [22, 23], [24, 25], [26, 27], [28, 29]], [[3, 5], [4, 6], [7, 9], [8, 10], [11, 13], [12, 14], [15, 16], [17, 19], [18, 20], [21, 23], [22, 24], [25, 26], [27, 29], [28, 30], [31, 33], [32, 34], [35, 36], [37, 39], [38, 40], [41, 42], [43, 45], [44, 46], [47, 49], [48, 50], [1, 2]], [[23, 25], [22, 24], [26, 27], [28, 30], [29, 31], [32, 34], [33, 35], [36, 37], [38, 39], [40, 41], [42, 43], [44, 46], [45, 47], [48, 50], [1, 49], [2, 3], [4, 5], [6, 8], [7, 9], [10, 12], [11, 13], [14, 15], [16, 18], [17, 19], [20, 21]], [[3, 5], [4, 6], [7, 8], [9, 10], [11, 12], [13, 15], [14, 16], [17, 19], [18, 20], [21, 23], [22, 24], [25, 27], [26, 28], [29, 31], [30, 32], [33, 34], [35, 37], [36, 38], [39, 41], [40, 42], [43, 44], [45, 46], [47, 49], [48, 50], [1, 2]], [[9, 10], [11, 12], [13, 14], [15, 17], [16, 18], [19, 21], [20, 22], [23, 24], [25, 26], [27, 29], [28, 30], [31, 33], [32, 34], [35, 36], [37, 39], [38, 40], [41, 42], [43, 44], [45, 46], [47, 49], [48, 50], [1, 3], [2, 4], [5, 6], [7, 8]], [[41, 42], [43, 44], [45, 47], [46, 48], [49, 50], [1, 3], [2, 4], [5, 6], [7, 9], [8, 10], [11, 13], [12, 14], [15, 17], [16, 18], [19, 21], [20, 22], [23, 25], [24, 26], [27, 29], [28, 30], [31, 33], [32, 34], [35, 36], [37, 39], [38, 40]], [[16, 17], [18, 19], [20, 22], [21, 23], [24, 25], [26, 28], [27, 29], [30, 31], [32, 33], [34, 35], [36, 38], [37, 39], [40, 41], [42, 44], [43, 45], [46, 47], [48, 50], [1, 49], [2, 4], [3, 5], [6, 7], [8, 10], [9, 11], [12, 14], [13, 15]], [[5, 7], [6, 8], [9, 10], [11, 13], [12, 14], [15, 16], [17, 18], [19, 21], [20, 22], [23, 25], [24, 26], [27, 28], [29, 31], [30, 32], [33, 34], [35, 37], [36, 38], [39, 40], [41, 42], [43, 44], [45, 46], [47, 48], [1, 49], [2, 50], [3, 4]], [[30, 32], [29, 31], [33, 34], [35, 36], [37, 38], [39, 40], [41, 42], [43, 45], [44, 46], [47, 48], [1, 49], [2, 50], [3, 4], [5, 7], [6, 8], [9, 11], [10, 12], [13, 14], [15, 16], [17, 18], [19, 21], [20, 22], [23, 24], [25, 27], [26, 28]], [[44, 46], [43, 45], [47, 49], [48, 50], [1, 2], [3, 4], [5, 6], [7, 8], [9, 10], [11, 13], [12, 14], [15, 17], [16, 18], [19, 20], [21, 22], [23, 25], [24, 26], [27, 28], [29, 31], [30, 32], [33, 34], [35, 37], [36, 38], [39, 40], [41, 42]], [[1, 50], [2, 4], [3, 5], [6, 7], [8, 9], [10, 11], [12, 14], [13, 15], [16, 18], [17, 19], [20, 22], [21, 23], [24, 25], [26, 27], [28, 30], [29, 31], [32, 34], [33, 35], [36, 37], [38, 40], [39, 41], [42, 43], [44, 46], [45, 47], [48, 49]], [[23, 25], [24, 26], [27, 29], [28, 30], [31, 33], [32, 34], [35, 37], [36, 38], [39, 41], [40, 42], [43, 44], [45, 46], [47, 49], [48, 50], [1, 2], [3, 5], [4, 6], [7, 8], [9, 11], [10, 12], [13, 14], [15, 17], [16, 18], [19, 20], [21, 22]], [[26, 28], [27, 29], [30, 31], [32, 34], [33, 35], [36, 37], [38, 39], [40, 42], [41, 43], [44, 45], [46, 47], [48, 49], [1, 50], [2, 3], [4, 5], [6, 7], [8, 9], [10, 11], [12, 14], [13, 15], [16, 18], [17, 19], [20, 21], [22, 23], [24, 25]], [[43, 44], [45, 46], [47, 48], [1, 49], [2, 50], [3, 4], [5, 7], [6, 8], [9, 10], [11, 12], [13, 14], [15, 16], [17, 19], [18, 20], [21, 23], [22, 24], [25, 27], [26, 28], [29, 30], [31, 33], [32, 34], [35, 37], [36, 38], [39, 40], [41, 42]], [[26, 27], [28, 30], [29, 31], [32, 33], [34, 36], [35, 37], [38, 40], [39, 41], [42, 44], [43, 45], [46, 48], [47, 49], [2, 50], [1, 3], [4, 5], [6, 7], [8, 10], [9, 11], [12, 14], [13, 15], [16, 17], [18, 20], [19, 21], [22, 24], [23, 25]], [[25, 27], [26, 28], [29, 30], [31, 32], [33, 35], [34, 36], [37, 39], [38, 40], [41, 43], [42, 44], [45, 47], [46, 48], [1, 49], [2, 50], [3, 4], [5, 7], [6, 8], [9, 11], [10, 12], [13, 14], [15, 16], [17, 18], [19, 20], [21, 23], [22, 24]], [[20, 21], [22, 24], [23, 25], [26, 28], [27, 29], [30, 31], [32, 33], [34, 35], [36, 38], [37, 39], [40, 41], [42, 43], [44, 46], [45, 47], [48, 49], [1, 50], [2, 3], [4, 6], [5, 7], [8, 9], [10, 12], [11, 13], [14, 15], [16, 18], [17, 19]], [[6, 7], [8, 9], [10, 11], [12, 14], [13, 15], [16, 17], [18, 20], [19, 21], [22, 24], [23, 25], [26, 28], [27, 29], [30, 32], [31, 33], [34, 36], [35, 37], [38, 40], [39, 41], [42, 44], [43, 45], [46, 48], [47, 49], [1, 50], [2, 4], [3, 5]], [[41, 43], [40, 42], [44, 45], [46, 48], [47, 49], [1, 50], [2, 4], [3, 5], [6, 8], [7, 9], [10, 12], [11, 13], [14, 16], [15, 17], [18, 19], [20, 22], [21, 23], [24, 25], [26, 28], [27, 29], [30, 31], [32, 34], [33, 35], [36, 38], [37, 39]], [[13, 14], [15, 16], [17, 18], [19, 21], [20, 22], [23, 24], [25, 26], [27, 28], [29, 30], [31, 32], [33, 34], [35, 37], [36, 38], [39, 41], [40, 42], [43, 44], [45, 47], [46, 48], [49, 50], [1, 2], [3, 5], [4, 6], [7, 8], [9, 10], [11, 12]], [[21, 22], [23, 24], [25, 26], [27, 29], [28, 30], [31, 33], [32, 34], [35, 36], [37, 39], [38, 40], [41, 42], [43, 44], [45, 47], [46, 48], [49, 50], [1, 3], [2, 4], [5, 7], [6, 8], [9, 11], [10, 12], [13, 15], [14, 16], [17, 19], [18, 20]], [[12, 14], [13, 15], [16, 18], [17, 19], [20, 22], [21, 23], [24, 26], [25, 27], [28, 30], [29, 31], [32, 34], [33, 35], [36, 38], [37, 39], [40, 42], [41, 43], [44, 46], [45, 47], [48, 50], [1, 49], [2, 4], [3, 5], [6, 8], [7, 9], [10, 11]], [[39, 40], [41, 42], [43, 44], [45, 47], [46, 48], [1, 49], [2, 50], [3, 5], [4, 6], [7, 9], [8, 10], [11, 12], [13, 15], [14, 16], [17, 18], [19, 21], [20, 22], [23, 24], [25, 27], [26, 28], [29, 31], [30, 32], [33, 35], [34, 36], [37, 38]], [[41, 43], [42, 44], [45, 46], [47, 48], [1, 49], [2, 50], [3, 4], [5, 6], [7, 9], [8, 10], [11, 13], [12, 14], [15, 17], [16, 18], [19, 21], [20, 22], [23, 24], [25, 27], [26, 28], [29, 30], [31, 32], [33, 35], [34, 36], [37, 38], [39, 40]], [[43, 45], [46, 47], [48, 49], [2, 50], [1, 3], [4, 6], [5, 7], [8, 10], [9, 11], [12, 13], [14, 16], [15, 17], [18, 20], [19, 21], [22, 23], [24, 25], [26, 27], [28, 29], [30, 32], [31, 33], [34, 35], [36, 37], [38, 40], [39, 41], [42, 44]], [[14, 16], [17, 19], [18, 20], [21, 22], [23, 25], [24, 26], [27, 28], [29, 30], [31, 32], [33, 35], [34, 36], [37, 38], [39, 40], [41, 42], [43, 45], [44, 46], [47, 48], [1, 49], [2, 50], [3, 5], [4, 6], [7, 8], [9, 10], [11, 12], [13, 15]], [[5, 6], [7, 9], [8, 10], [11, 13], [12, 14], [15, 17], [16, 18], [19, 21], [20, 22], [23, 25], [24, 26], [27, 28], [29, 31], [30, 32], [33, 34], [35, 37], [36, 38], [39, 41], [40, 42], [43, 44], [45, 47], [46, 48], [1, 49], [2, 50], [3, 4]], [[18, 19], [20, 22], [21, 23], [24, 25], [26, 28], [27, 29], [30, 32], [31, 33], [34, 36], [35, 37], [38, 40], [39, 41], [42, 44], [43, 45], [46, 48], [47, 49], [2, 50], [1, 3], [4, 5], [6, 8], [7, 9], [10, 12], [11, 13], [14, 16], [15, 17]], [[49, 50], [1, 2], [3, 4], [5, 6], [7, 8], [9, 10], [11, 12], [13, 15], [14, 16], [17, 18], [19, 20], [21, 22], [23, 25], [24, 26], [27, 28], [29, 30], [31, 32], [33, 34], [35, 36], [37, 38], [39, 41], [40, 42], [43, 44], [45, 47], [46, 48]], [[43, 45], [44, 46], [47, 49], [48, 50], [1, 2], [3, 4], [5, 7], [6, 8], [9, 10], [11, 13], [12, 14], [15, 16], [17, 18], [19, 20], [21, 23], [22, 24], [25, 27], [26, 28], [29, 31], [30, 32], [33, 35], [34, 36], [37, 38], [39, 41], [40, 42]], [[7, 8], [9, 10], [11, 13], [12, 14], [15, 17], [16, 18], [19, 21], [20, 22], [23, 24], [25, 27], [26, 28], [29, 31], [30, 32], [33, 34], [35, 36], [37, 39], [38, 40], [41, 43], [42, 44], [45, 46], [47, 49], [48, 50], [1, 2], [3, 4], [5, 6]], [[14, 16], [13, 15], [17, 19], [18, 20], [21, 22], [23, 25], [24, 26], [27, 28], [29, 31], [30, 32], [33, 34], [35, 37], [36, 38], [39, 40], [41, 42], [43, 45], [44, 46], [47, 48], [1, 49], [2, 50], [3, 4], [5, 7], [6, 8], [9, 11], [10, 12]], [[43, 45], [44, 46], [47, 48], [1, 49], [2, 50], [3, 4], [5, 6], [7, 9], [8, 10], [11, 12], [13, 14], [15, 16], [17, 19], [18, 20], [21, 23], [22, 24], [25, 26], [27, 29], [28, 30], [31, 32], [33, 35], [34, 36], [37, 39], [38, 40], [41, 42]], [[14, 15], [16, 17], [18, 19], [20, 21], [22, 24], [23, 25], [26, 27], [28, 29], [30, 32], [31, 33], [34, 36], [35, 37], [38, 39], [40, 42], [41, 43], [44, 45], [46, 47], [48, 49], [2, 50], [1, 3], [4, 5], [6, 8], [7, 9], [10, 12], [11, 13]], [[18, 20], [19, 21], [22, 24], [23, 25], [26, 28], [27, 29], [30, 32], [31, 33], [34, 35], [36, 37], [38, 40], [39, 41], [42, 44], [43, 45], [46, 47], [48, 49], [2, 50], [1, 3], [4, 6], [5, 7], [8, 10], [9, 11], [12, 13], [14, 16], [15, 17]], [[40, 41], [42, 43], [44, 45], [46, 48], [47, 49], [1, 50], [2, 3], [4, 5], [6, 7], [8, 10], [9, 11], [12, 13], [14, 15], [16, 17], [18, 20], [19, 21], [22, 24], [23, 25], [26, 28], [27, 29], [30, 31], [32, 34], [33, 35], [36, 37], [38, 39]], [[43, 45], [46, 47], [48, 50], [1, 49], [2, 4], [3, 5], [6, 7], [8, 10], [9, 11], [12, 14], [13, 15], [16, 18], [17, 19], [20, 22], [21, 23], [24, 25], [26, 27], [28, 30], [29, 31], [32, 33], [34, 35], [36, 38], [37, 39], [40, 41], [42, 44]], [[41, 43], [44, 45], [46, 47], [48, 49], [2, 50], [1, 3], [4, 6], [5, 7], [8, 9], [10, 12], [11, 13], [14, 15], [16, 18], [17, 19], [20, 22], [21, 23], [24, 25], [26, 28], [27, 29], [30, 31], [32, 34], [33, 35], [36, 38], [37, 39], [40, 42]], [[2, 3], [4, 5], [6, 7], [8, 9], [10, 11], [12, 14], [13, 15], [16, 17], [18, 20], [19, 21], [22, 23], [24, 25], [26, 27], [28, 30], [29, 31], [32, 34], [33, 35], [36, 38], [37, 39], [40, 41], [42, 44], [43, 45], [46, 48], [47, 49], [1, 50]], [[11, 12], [13, 14], [15, 17], [16, 18], [19, 21], [20, 22], [23, 24], [25, 27], [26, 28], [29, 30], [31, 32], [33, 35], [34, 36], [37, 38], [39, 41], [40, 42], [43, 44], [45, 46], [47, 48], [1, 49], [2, 50], [3, 5], [4, 6], [7, 9], [8, 10]]]",,2,,0.0,33353,tragedy,15,1,2,,0.0,33353,disaster,4,2,1,,0.0,33353,community,20,3,2,,0.0,33353,earthquake,4,4,2,,0.0,33353,reactor,1,5,2,,0.0,33353,nucleardisaster,10,6,2,,0.0,33353,suffering,22,7,2,,0.0,33353,painful,3,8,1,,0.0,33353,accident,17,9,2,,0.0,33353,terribleloss,9,10,1,,0.0,33353,loss,6,11,1,,0.0,33353,earthquake,20,12,1,,0.0,33353,terrible,18,13,2,,0.0,33353,daiichi,9,14,2,,0.0,33353,community,17,15,1,,0.0,33353,energy,19,16,1,,0.0,33353,earthquake,21,17,1,,0.0,33353,earthquake,3,18,1,,1.0,33353,tsunami,11,19,2,,1.0,33353,earthquake,24,20,1,,0.0,33353,pain,21,21,1,,1.0,33353,earthquake,25,22,2,,0.0,33353,flood,11,23,2,,0.0,33353,pain,10,24,2,,0.0,33353,earthquake,8,25,2,,0.0,33353,flood,23,26,2,,0.0,33353,earthquake,3,27,1,,0.0,33353,flood,22,28,2,,1.0,33353,earthquake,6,29,2,,1.0,33353,flood,9,30,2,,0.0,33353,nuclear,2,31,1,,1.0,33353,tsunami,25,32,2,,0.0,33353,flood,9,33,1,,0.0,33353,flood,24,34,2,,0.0,33353,earthquake,21,35,2,,0.0,33353,flood,10,36,2,,0.0,33353,earthquake,8,37,1,,0.0,33353,earthquake,10,38,1,,0.0,33353,tsunami,5,39,2,,0.0,33353,flood,25,40,,,,,,,,,,,,,,,,,,,,,,,,,,,,,,,,,,,,,,,,,,,,,,,,,,,,,,,,,,,,,,,,,,,,,,,,,,,,,,,,,,,,,,,,,,,,,,,,,,,,,,,,,,,,,,,,,,,,,,,,,,,,,,,,,,,,,,,,,,,,,,,,,,,,,,,,,,,,,,,,,,,,,,,,,,,,,,,,,,,,,,,,,,,,,,,,,,,,,,,,,,,,,,,,,,,,,,,,,,,,,,,,,,,,,,,,,,,,,,,,,,,,,,,,,,,,,,,,,,,,,,,,,,,,,,,,,,,,,,,,,,,,,,,,,,,,,,,,,,,,,,,,,,,,,,,,,,,,,,,,,,,,,,,,,,,,,,,,,,,,,,,,,,,,,,,,,,,,,,,,,,,,,,,,,,,,,,,,,,,,,,,,,,,,,,,,,,,,,,,,,,,,,,,,,,,,,,,,,,,,,,,,,,,,,,,,,,,,,,,,,,,,,,,,,,,,,,,,,,,,,,,,,,,,,,,,,,,,,,,,,,,,,,,,,,,,,,,,,,,,,,,,,,,,,,,,,,,,,,,,,,,,,,,,,,,,,,,,,,,,,,,,,,,,,,,,,,,,,,,,,,,,,,,,,,,,,,,,,,,,,,,,,,,,,,,,,,,,,,,,,,,,,,,,,,,,,,,,,,,,,,,,,,,,,,,,,,,,,,,,,,,,,,,,,,,,,,,,,,,,,,,,,,,,,,,,,,,,,,,,,,,,,,,,,,,,,,,,,,,,,,,,,,,,,,,,,,,,,,,,,,,,,,,,,,,,,,,,,,,,,,,,,,,,,,,,,,,,,,,,,,,,,,,,,,,,,,,,,,,,,,,,,,,,,,,,,,,,,,,,,,,,,,,,,,,,,,,,,,,,,,,,,,,,,,,,,,,,,,,,,,,,,,,,,,,,,,,,,,,,,,,,,,,,,,,,,,,,,,,,,,,,,,,,,,,,,,,,,,,,,,,,,,,,,,,,,,,,,,,,,,,,,,,,,,,,,,,,,,,,,,,,,,,,,,,,,,,,,,,,,,,,,,,,,,,,,,,,,,,,,,,,,,,,,,,,,,,,,,,,,,,,,,,,,,,,,,,,,,,,,,,,,,,,,,,,,,,,,,,,,,,,,,,,,,,,,,,,,,,,,,,,,,,,,,,,,,,,,,,,,,,,,,,,,,,,,,,,,,,,,,,,,,,,,,,,,,,,,,,,,,,,,,,,,,,,,,,,,,,,,,,,,,,,,,,,,,,,,,,,,,,,,,,,,,
11,0rnxgzrw,,0,240,240,hashtag_experiment,LastPage,2024-04-17 17:10:09.802761,1,,,6.0,g8k2na6b,,,,,0,0.0,1.0,hashtag_experiment,"[[[30, 31], [32, 33], [34, 35], [36, 38], [37, 39], [40, 42], [41, 43], [44, 46], [45, 47], [48, 50], [1, 49], [2, 4], [3, 5], [6, 7], [8, 10], [9, 11], [12, 13], [14, 15], [16, 17], [18, 19], [20, 21], [22, 23], [24, 25], [26, 27], [28, 29]], [[3, 5], [4, 6], [7, 9], [8, 10], [11, 13], [12, 14], [15, 16], [17, 19], [18, 20], [21, 23], [22, 24], [25, 26], [27, 29], [28, 30], [31, 33], [32, 34], [35, 36], [37, 39], [38, 40], [41, 42], [43, 45], [44, 46], [47, 49], [48, 50], [1, 2]], [[23, 25], [22, 24], [26, 27], [28, 30], [29, 31], [32, 34], [33, 35], [36, 37], [38, 39], [40, 41], [42, 43], [44, 46], [45, 47], [48, 50], [1, 49], [2, 3], [4, 5], [6, 8], [7, 9], [10, 12], [11, 13], [14, 15], [16, 18], [17, 19], [20, 21]], [[3, 5], [4, 6], [7, 8], [9, 10], [11, 12], [13, 15], [14, 16], [17, 19], [18, 20], [21, 23], [22, 24], [25, 27], [26, 28], [29, 31], [30, 32], [33, 34], [35, 37], [36, 38], [39, 41], [40, 42], [43, 44], [45, 46], [47, 49], [48, 50], [1, 2]], [[9, 10], [11, 12], [13, 14], [15, 17], [16, 18], [19, 21], [20, 22], [23, 24], [25, 26], [27, 29], [28, 30], [31, 33], [32, 34], [35, 36], [37, 39], [38, 40], [41, 42], [43, 44], [45, 46], [47, 49], [48, 50], [1, 3], [2, 4], [5, 6], [7, 8]], [[41, 42], [43, 44], [45, 47], [46, 48], [49, 50], [1, 3], [2, 4], [5, 6], [7, 9], [8, 10], [11, 13], [12, 14], [15, 17], [16, 18], [19, 21], [20, 22], [23, 25], [24, 26], [27, 29], [28, 30], [31, 33], [32, 34], [35, 36], [37, 39], [38, 40]], [[16, 17], [18, 19], [20, 22], [21, 23], [24, 25], [26, 28], [27, 29], [30, 31], [32, 33], [34, 35], [36, 38], [37, 39], [40, 41], [42, 44], [43, 45], [46, 47], [48, 50], [1, 49], [2, 4], [3, 5], [6, 7], [8, 10], [9, 11], [12, 14], [13, 15]], [[5, 7], [6, 8], [9, 10], [11, 13], [12, 14], [15, 16], [17, 18], [19, 21], [20, 22], [23, 25], [24, 26], [27, 28], [29, 31], [30, 32], [33, 34], [35, 37], [36, 38], [39, 40], [41, 42], [43, 44], [45, 46], [47, 48], [1, 49], [2, 50], [3, 4]], [[30, 32], [29, 31], [33, 34], [35, 36], [37, 38], [39, 40], [41, 42], [43, 45], [44, 46], [47, 48], [1, 49], [2, 50], [3, 4], [5, 7], [6, 8], [9, 11], [10, 12], [13, 14], [15, 16], [17, 18], [19, 21], [20, 22], [23, 24], [25, 27], [26, 28]], [[44, 46], [43, 45], [47, 49], [48, 50], [1, 2], [3, 4], [5, 6], [7, 8], [9, 10], [11, 13], [12, 14], [15, 17], [16, 18], [19, 20], [21, 22], [23, 25], [24, 26], [27, 28], [29, 31], [30, 32], [33, 34], [35, 37], [36, 38], [39, 40], [41, 42]], [[1, 50], [2, 4], [3, 5], [6, 7], [8, 9], [10, 11], [12, 14], [13, 15], [16, 18], [17, 19], [20, 22], [21, 23], [24, 25], [26, 27], [28, 30], [29, 31], [32, 34], [33, 35], [36, 37], [38, 40], [39, 41], [42, 43], [44, 46], [45, 47], [48, 49]], [[23, 25], [24, 26], [27, 29], [28, 30], [31, 33], [32, 34], [35, 37], [36, 38], [39, 41], [40, 42], [43, 44], [45, 46], [47, 49], [48, 50], [1, 2], [3, 5], [4, 6], [7, 8], [9, 11], [10, 12], [13, 14], [15, 17], [16, 18], [19, 20], [21, 22]], [[26, 28], [27, 29], [30, 31], [32, 34], [33, 35], [36, 37], [38, 39], [40, 42], [41, 43], [44, 45], [46, 47], [48, 49], [1, 50], [2, 3], [4, 5], [6, 7], [8, 9], [10, 11], [12, 14], [13, 15], [16, 18], [17, 19], [20, 21], [22, 23], [24, 25]], [[43, 44], [45, 46], [47, 48], [1, 49], [2, 50], [3, 4], [5, 7], [6, 8], [9, 10], [11, 12], [13, 14], [15, 16], [17, 19], [18, 20], [21, 23], [22, 24], [25, 27], [26, 28], [29, 30], [31, 33], [32, 34], [35, 37], [36, 38], [39, 40], [41, 42]], [[26, 27], [28, 30], [29, 31], [32, 33], [34, 36], [35, 37], [38, 40], [39, 41], [42, 44], [43, 45], [46, 48], [47, 49], [2, 50], [1, 3], [4, 5], [6, 7], [8, 10], [9, 11], [12, 14], [13, 15], [16, 17], [18, 20], [19, 21], [22, 24], [23, 25]], [[25, 27], [26, 28], [29, 30], [31, 32], [33, 35], [34, 36], [37, 39], [38, 40], [41, 43], [42, 44], [45, 47], [46, 48], [1, 49], [2, 50], [3, 4], [5, 7], [6, 8], [9, 11], [10, 12], [13, 14], [15, 16], [17, 18], [19, 20], [21, 23], [22, 24]], [[20, 21], [22, 24], [23, 25], [26, 28], [27, 29], [30, 31], [32, 33], [34, 35], [36, 38], [37, 39], [40, 41], [42, 43], [44, 46], [45, 47], [48, 49], [1, 50], [2, 3], [4, 6], [5, 7], [8, 9], [10, 12], [11, 13], [14, 15], [16, 18], [17, 19]], [[6, 7], [8, 9], [10, 11], [12, 14], [13, 15], [16, 17], [18, 20], [19, 21], [22, 24], [23, 25], [26, 28], [27, 29], [30, 32], [31, 33], [34, 36], [35, 37], [38, 40], [39, 41], [42, 44], [43, 45], [46, 48], [47, 49], [1, 50], [2, 4], [3, 5]], [[41, 43], [40, 42], [44, 45], [46, 48], [47, 49], [1, 50], [2, 4], [3, 5], [6, 8], [7, 9], [10, 12], [11, 13], [14, 16], [15, 17], [18, 19], [20, 22], [21, 23], [24, 25], [26, 28], [27, 29], [30, 31], [32, 34], [33, 35], [36, 38], [37, 39]], [[13, 14], [15, 16], [17, 18], [19, 21], [20, 22], [23, 24], [25, 26], [27, 28], [29, 30], [31, 32], [33, 34], [35, 37], [36, 38], [39, 41], [40, 42], [43, 44], [45, 47], [46, 48], [49, 50], [1, 2], [3, 5], [4, 6], [7, 8], [9, 10], [11, 12]], [[21, 22], [23, 24], [25, 26], [27, 29], [28, 30], [31, 33], [32, 34], [35, 36], [37, 39], [38, 40], [41, 42], [43, 44], [45, 47], [46, 48], [49, 50], [1, 3], [2, 4], [5, 7], [6, 8], [9, 11], [10, 12], [13, 15], [14, 16], [17, 19], [18, 20]], [[12, 14], [13, 15], [16, 18], [17, 19], [20, 22], [21, 23], [24, 26], [25, 27], [28, 30], [29, 31], [32, 34], [33, 35], [36, 38], [37, 39], [40, 42], [41, 43], [44, 46], [45, 47], [48, 50], [1, 49], [2, 4], [3, 5], [6, 8], [7, 9], [10, 11]], [[39, 40], [41, 42], [43, 44], [45, 47], [46, 48], [1, 49], [2, 50], [3, 5], [4, 6], [7, 9], [8, 10], [11, 12], [13, 15], [14, 16], [17, 18], [19, 21], [20, 22], [23, 24], [25, 27], [26, 28], [29, 31], [30, 32], [33, 35], [34, 36], [37, 38]], [[41, 43], [42, 44], [45, 46], [47, 48], [1, 49], [2, 50], [3, 4], [5, 6], [7, 9], [8, 10], [11, 13], [12, 14], [15, 17], [16, 18], [19, 21], [20, 22], [23, 24], [25, 27], [26, 28], [29, 30], [31, 32], [33, 35], [34, 36], [37, 38], [39, 40]], [[43, 45], [46, 47], [48, 49], [2, 50], [1, 3], [4, 6], [5, 7], [8, 10], [9, 11], [12, 13], [14, 16], [15, 17], [18, 20], [19, 21], [22, 23], [24, 25], [26, 27], [28, 29], [30, 32], [31, 33], [34, 35], [36, 37], [38, 40], [39, 41], [42, 44]], [[14, 16], [17, 19], [18, 20], [21, 22], [23, 25], [24, 26], [27, 28], [29, 30], [31, 32], [33, 35], [34, 36], [37, 38], [39, 40], [41, 42], [43, 45], [44, 46], [47, 48], [1, 49], [2, 50], [3, 5], [4, 6], [7, 8], [9, 10], [11, 12], [13, 15]], [[5, 6], [7, 9], [8, 10], [11, 13], [12, 14], [15, 17], [16, 18], [19, 21], [20, 22], [23, 25], [24, 26], [27, 28], [29, 31], [30, 32], [33, 34], [35, 37], [36, 38], [39, 41], [40, 42], [43, 44], [45, 47], [46, 48], [1, 49], [2, 50], [3, 4]], [[18, 19], [20, 22], [21, 23], [24, 25], [26, 28], [27, 29], [30, 32], [31, 33], [34, 36], [35, 37], [38, 40], [39, 41], [42, 44], [43, 45], [46, 48], [47, 49], [2, 50], [1, 3], [4, 5], [6, 8], [7, 9], [10, 12], [11, 13], [14, 16], [15, 17]], [[49, 50], [1, 2], [3, 4], [5, 6], [7, 8], [9, 10], [11, 12], [13, 15], [14, 16], [17, 18], [19, 20], [21, 22], [23, 25], [24, 26], [27, 28], [29, 30], [31, 32], [33, 34], [35, 36], [37, 38], [39, 41], [40, 42], [43, 44], [45, 47], [46, 48]], [[43, 45], [44, 46], [47, 49], [48, 50], [1, 2], [3, 4], [5, 7], [6, 8], [9, 10], [11, 13], [12, 14], [15, 16], [17, 18], [19, 20], [21, 23], [22, 24], [25, 27], [26, 28], [29, 31], [30, 32], [33, 35], [34, 36], [37, 38], [39, 41], [40, 42]], [[7, 8], [9, 10], [11, 13], [12, 14], [15, 17], [16, 18], [19, 21], [20, 22], [23, 24], [25, 27], [26, 28], [29, 31], [30, 32], [33, 34], [35, 36], [37, 39], [38, 40], [41, 43], [42, 44], [45, 46], [47, 49], [48, 50], [1, 2], [3, 4], [5, 6]], [[14, 16], [13, 15], [17, 19], [18, 20], [21, 22], [23, 25], [24, 26], [27, 28], [29, 31], [30, 32], [33, 34], [35, 37], [36, 38], [39, 40], [41, 42], [43, 45], [44, 46], [47, 48], [1, 49], [2, 50], [3, 4], [5, 7], [6, 8], [9, 11], [10, 12]], [[43, 45], [44, 46], [47, 48], [1, 49], [2, 50], [3, 4], [5, 6], [7, 9], [8, 10], [11, 12], [13, 14], [15, 16], [17, 19], [18, 20], [21, 23], [22, 24], [25, 26], [27, 29], [28, 30], [31, 32], [33, 35], [34, 36], [37, 39], [38, 40], [41, 42]], [[14, 15], [16, 17], [18, 19], [20, 21], [22, 24], [23, 25], [26, 27], [28, 29], [30, 32], [31, 33], [34, 36], [35, 37], [38, 39], [40, 42], [41, 43], [44, 45], [46, 47], [48, 49], [2, 50], [1, 3], [4, 5], [6, 8], [7, 9], [10, 12], [11, 13]], [[18, 20], [19, 21], [22, 24], [23, 25], [26, 28], [27, 29], [30, 32], [31, 33], [34, 35], [36, 37], [38, 40], [39, 41], [42, 44], [43, 45], [46, 47], [48, 49], [2, 50], [1, 3], [4, 6], [5, 7], [8, 10], [9, 11], [12, 13], [14, 16], [15, 17]], [[40, 41], [42, 43], [44, 45], [46, 48], [47, 49], [1, 50], [2, 3], [4, 5], [6, 7], [8, 10], [9, 11], [12, 13], [14, 15], [16, 17], [18, 20], [19, 21], [22, 24], [23, 25], [26, 28], [27, 29], [30, 31], [32, 34], [33, 35], [36, 37], [38, 39]], [[43, 45], [46, 47], [48, 50], [1, 49], [2, 4], [3, 5], [6, 7], [8, 10], [9, 11], [12, 14], [13, 15], [16, 18], [17, 19], [20, 22], [21, 23], [24, 25], [26, 27], [28, 30], [29, 31], [32, 33], [34, 35], [36, 38], [37, 39], [40, 41], [42, 44]], [[41, 43], [44, 45], [46, 47], [48, 49], [2, 50], [1, 3], [4, 6], [5, 7], [8, 9], [10, 12], [11, 13], [14, 15], [16, 18], [17, 19], [20, 22], [21, 23], [24, 25], [26, 28], [27, 29], [30, 31], [32, 34], [33, 35], [36, 38], [37, 39], [40, 42]], [[2, 3], [4, 5], [6, 7], [8, 9], [10, 11], [12, 14], [13, 15], [16, 17], [18, 20], [19, 21], [22, 23], [24, 25], [26, 27], [28, 30], [29, 31], [32, 34], [33, 35], [36, 38], [37, 39], [40, 41], [42, 44], [43, 45], [46, 48], [47, 49], [1, 50]], [[11, 12], [13, 14], [15, 17], [16, 18], [19, 21], [20, 22], [23, 24], [25, 27], [26, 28], [29, 30], [31, 32], [33, 35], [34, 36], [37, 38], [39, 41], [40, 42], [43, 44], [45, 46], [47, 48], [1, 49], [2, 50], [3, 5], [4, 6], [7, 9], [8, 10]]]",,2,,0.0,74111,NuclearDisaster,16,1,1,,0.0,74111,earthquake,5,2,1,,0.0,74111,earthquake,21,3,1,,0.0,74111,earthquake,5,4,1,,1.0,74111,earthquake,2,5,1,,0.0,74111,earthquake,11,6,2,,1.0,74111,earthquake,23,7,1,,0.0,74111,earthquake,4,8,2,,0.0,74111,earthquake,16,9,1,,0.0,74111,earthquake,10,10,2,,0.0,74111,earthquake,6,11,2,,0.0,74111,earthquake,19,12,2,,0.0,74111,earthquake,18,13,1,,0.0,74111,disaster,10,14,2,,0.0,74111,flood,18,15,2,,0.0,74111,earthquake,18,16,1,,0.0,74111,tsunami,22,17,2,,0.0,74111,flood,3,18,1,,0.0,74111,earthquake,12,19,1,,0.0,74111,earthquake,25,20,2,,0.0,74111,earthquake,20,21,2,,1.0,74111,earthquake,25,22,1,,0.0,74111,earthquake,12,23,1,,0.0,74111,earthquake,11,24,2,,1.0,74111,earthquake,9,25,1,,0.0,74111,earthquake,24,26,1,,0.0,74111,earthquake,4,27,1,,0.0,74111,earthquake,23,28,1,,0.0,74111,earthquake,7,29,1,,0.0,74111,tsunami,10,30,1,,0.0,74111,earthquake,3,31,2,,0.0,74111,earthquake,24,32,1,,0.0,74111,help,10,33,1,,0.0,74111,earthquake,25,34,2,,1.0,74111,earthquake,22,35,2,,1.0,74111,tsunami,11,36,2,,0.0,74111,prayforthem,9,37,1,,0.0,74111,earthquake,11,38,2,,0.0,74111,earthquake,5,39,1,,0.0,74111,earthquake,1,40,,,,,,,,,,,,,,,,,,,,,,,,,,,,,,,,,,,,,,,,,,,,,,,,,,,,,,,,,,,,,,,,,,,,,,,,,,,,,,,,,,,,,,,,,,,,,,,,,,,,,,,,,,,,,,,,,,,,,,,,,,,,,,,,,,,,,,,,,,,,,,,,,,,,,,,,,,,,,,,,,,,,,,,,,,,,,,,,,,,,,,,,,,,,,,,,,,,,,,,,,,,,,,,,,,,,,,,,,,,,,,,,,,,,,,,,,,,,,,,,,,,,,,,,,,,,,,,,,,,,,,,,,,,,,,,,,,,,,,,,,,,,,,,,,,,,,,,,,,,,,,,,,,,,,,,,,,,,,,,,,,,,,,,,,,,,,,,,,,,,,,,,,,,,,,,,,,,,,,,,,,,,,,,,,,,,,,,,,,,,,,,,,,,,,,,,,,,,,,,,,,,,,,,,,,,,,,,,,,,,,,,,,,,,,,,,,,,,,,,,,,,,,,,,,,,,,,,,,,,,,,,,,,,,,,,,,,,,,,,,,,,,,,,,,,,,,,,,,,,,,,,,,,,,,,,,,,,,,,,,,,,,,,,,,,,,,,,,,,,,,,,,,,,,,,,,,,,,,,,,,,,,,,,,,,,,,,,,,,,,,,,,,,,,,,,,,,,,,,,,,,,,,,,,,,,,,,,,,,,,,,,,,,,,,,,,,,,,,,,,,,,,,,,,,,,,,,,,,,,,,,,,,,,,,,,,,,,,,,,,,,,,,,,,,,,,,,,,,,,,,,,,,,,,,,,,,,,,,,,,,,,,,,,,,,,,,,,,,,,,,,,,,,,,,,,,,,,,,,,,,,,,,,,,,,,,,,,,,,,,,,,,,,,,,,,,,,,,,,,,,,,,,,,,,,,,,,,,,,,,,,,,,,,,,,,,,,,,,,,,,,,,,,,,,,,,,,,,,,,,,,,,,,,,,,,,,,,,,,,,,,,,,,,,,,,,,,,,,,,,,,,,,,,,,,,,,,,,,,,,,,,,,,,,,,,,,,,,,,,,,,,,,,,,,,,,,,,,,,,,,,,,,,,,,,,,,,,,,,,,,,,,,,,,,,,,,,,,,,,,,,,,,,,,,,,,,,,,,,,,,,,,,,,,,,,,,,,,,,,,,,,,,,,,,,,,,,,,,,,,,,,,,,,,,,,,,,,,,,,,,,,,,,,,,,,,,,,,,,,,,,,,,,,,,,,,,,,,,,,,,,,,,,,,,,,,,,,,,,,,,,,,,,,,,,,,,,,,,,,,,,,,,,,,,,
12,d40lqjal,,0,240,240,hashtag_experiment,LastPage,2024-04-17 17:10:41.543464,1,,,12.0,g8k2na6b,,,,,0,0.0,1.0,hashtag_experiment,"[[[30, 31], [32, 33], [34, 35], [36, 38], [37, 39], [40, 42], [41, 43], [44, 46], [45, 47], [48, 50], [1, 49], [2, 4], [3, 5], [6, 7], [8, 10], [9, 11], [12, 13], [14, 15], [16, 17], [18, 19], [20, 21], [22, 23], [24, 25], [26, 27], [28, 29]], [[3, 5], [4, 6], [7, 9], [8, 10], [11, 13], [12, 14], [15, 16], [17, 19], [18, 20], [21, 23], [22, 24], [25, 26], [27, 29], [28, 30], [31, 33], [32, 34], [35, 36], [37, 39], [38, 40], [41, 42], [43, 45], [44, 46], [47, 49], [48, 50], [1, 2]], [[23, 25], [22, 24], [26, 27], [28, 30], [29, 31], [32, 34], [33, 35], [36, 37], [38, 39], [40, 41], [42, 43], [44, 46], [45, 47], [48, 50], [1, 49], [2, 3], [4, 5], [6, 8], [7, 9], [10, 12], [11, 13], [14, 15], [16, 18], [17, 19], [20, 21]], [[3, 5], [4, 6], [7, 8], [9, 10], [11, 12], [13, 15], [14, 16], [17, 19], [18, 20], [21, 23], [22, 24], [25, 27], [26, 28], [29, 31], [30, 32], [33, 34], [35, 37], [36, 38], [39, 41], [40, 42], [43, 44], [45, 46], [47, 49], [48, 50], [1, 2]], [[9, 10], [11, 12], [13, 14], [15, 17], [16, 18], [19, 21], [20, 22], [23, 24], [25, 26], [27, 29], [28, 30], [31, 33], [32, 34], [35, 36], [37, 39], [38, 40], [41, 42], [43, 44], [45, 46], [47, 49], [48, 50], [1, 3], [2, 4], [5, 6], [7, 8]], [[41, 42], [43, 44], [45, 47], [46, 48], [49, 50], [1, 3], [2, 4], [5, 6], [7, 9], [8, 10], [11, 13], [12, 14], [15, 17], [16, 18], [19, 21], [20, 22], [23, 25], [24, 26], [27, 29], [28, 30], [31, 33], [32, 34], [35, 36], [37, 39], [38, 40]], [[16, 17], [18, 19], [20, 22], [21, 23], [24, 25], [26, 28], [27, 29], [30, 31], [32, 33], [34, 35], [36, 38], [37, 39], [40, 41], [42, 44], [43, 45], [46, 47], [48, 50], [1, 49], [2, 4], [3, 5], [6, 7], [8, 10], [9, 11], [12, 14], [13, 15]], [[5, 7], [6, 8], [9, 10], [11, 13], [12, 14], [15, 16], [17, 18], [19, 21], [20, 22], [23, 25], [24, 26], [27, 28], [29, 31], [30, 32], [33, 34], [35, 37], [36, 38], [39, 40], [41, 42], [43, 44], [45, 46], [47, 48], [1, 49], [2, 50], [3, 4]], [[30, 32], [29, 31], [33, 34], [35, 36], [37, 38], [39, 40], [41, 42], [43, 45], [44, 46], [47, 48], [1, 49], [2, 50], [3, 4], [5, 7], [6, 8], [9, 11], [10, 12], [13, 14], [15, 16], [17, 18], [19, 21], [20, 22], [23, 24], [25, 27], [26, 28]], [[44, 46], [43, 45], [47, 49], [48, 50], [1, 2], [3, 4], [5, 6], [7, 8], [9, 10], [11, 13], [12, 14], [15, 17], [16, 18], [19, 20], [21, 22], [23, 25], [24, 26], [27, 28], [29, 31], [30, 32], [33, 34], [35, 37], [36, 38], [39, 40], [41, 42]], [[1, 50], [2, 4], [3, 5], [6, 7], [8, 9], [10, 11], [12, 14], [13, 15], [16, 18], [17, 19], [20, 22], [21, 23], [24, 25], [26, 27], [28, 30], [29, 31], [32, 34], [33, 35], [36, 37], [38, 40], [39, 41], [42, 43], [44, 46], [45, 47], [48, 49]], [[23, 25], [24, 26], [27, 29], [28, 30], [31, 33], [32, 34], [35, 37], [36, 38], [39, 41], [40, 42], [43, 44], [45, 46], [47, 49], [48, 50], [1, 2], [3, 5], [4, 6], [7, 8], [9, 11], [10, 12], [13, 14], [15, 17], [16, 18], [19, 20], [21, 22]], [[26, 28], [27, 29], [30, 31], [32, 34], [33, 35], [36, 37], [38, 39], [40, 42], [41, 43], [44, 45], [46, 47], [48, 49], [1, 50], [2, 3], [4, 5], [6, 7], [8, 9], [10, 11], [12, 14], [13, 15], [16, 18], [17, 19], [20, 21], [22, 23], [24, 25]], [[43, 44], [45, 46], [47, 48], [1, 49], [2, 50], [3, 4], [5, 7], [6, 8], [9, 10], [11, 12], [13, 14], [15, 16], [17, 19], [18, 20], [21, 23], [22, 24], [25, 27], [26, 28], [29, 30], [31, 33], [32, 34], [35, 37], [36, 38], [39, 40], [41, 42]], [[26, 27], [28, 30], [29, 31], [32, 33], [34, 36], [35, 37], [38, 40], [39, 41], [42, 44], [43, 45], [46, 48], [47, 49], [2, 50], [1, 3], [4, 5], [6, 7], [8, 10], [9, 11], [12, 14], [13, 15], [16, 17], [18, 20], [19, 21], [22, 24], [23, 25]], [[25, 27], [26, 28], [29, 30], [31, 32], [33, 35], [34, 36], [37, 39], [38, 40], [41, 43], [42, 44], [45, 47], [46, 48], [1, 49], [2, 50], [3, 4], [5, 7], [6, 8], [9, 11], [10, 12], [13, 14], [15, 16], [17, 18], [19, 20], [21, 23], [22, 24]], [[20, 21], [22, 24], [23, 25], [26, 28], [27, 29], [30, 31], [32, 33], [34, 35], [36, 38], [37, 39], [40, 41], [42, 43], [44, 46], [45, 47], [48, 49], [1, 50], [2, 3], [4, 6], [5, 7], [8, 9], [10, 12], [11, 13], [14, 15], [16, 18], [17, 19]], [[6, 7], [8, 9], [10, 11], [12, 14], [13, 15], [16, 17], [18, 20], [19, 21], [22, 24], [23, 25], [26, 28], [27, 29], [30, 32], [31, 33], [34, 36], [35, 37], [38, 40], [39, 41], [42, 44], [43, 45], [46, 48], [47, 49], [1, 50], [2, 4], [3, 5]], [[41, 43], [40, 42], [44, 45], [46, 48], [47, 49], [1, 50], [2, 4], [3, 5], [6, 8], [7, 9], [10, 12], [11, 13], [14, 16], [15, 17], [18, 19], [20, 22], [21, 23], [24, 25], [26, 28], [27, 29], [30, 31], [32, 34], [33, 35], [36, 38], [37, 39]], [[13, 14], [15, 16], [17, 18], [19, 21], [20, 22], [23, 24], [25, 26], [27, 28], [29, 30], [31, 32], [33, 34], [35, 37], [36, 38], [39, 41], [40, 42], [43, 44], [45, 47], [46, 48], [49, 50], [1, 2], [3, 5], [4, 6], [7, 8], [9, 10], [11, 12]], [[21, 22], [23, 24], [25, 26], [27, 29], [28, 30], [31, 33], [32, 34], [35, 36], [37, 39], [38, 40], [41, 42], [43, 44], [45, 47], [46, 48], [49, 50], [1, 3], [2, 4], [5, 7], [6, 8], [9, 11], [10, 12], [13, 15], [14, 16], [17, 19], [18, 20]], [[12, 14], [13, 15], [16, 18], [17, 19], [20, 22], [21, 23], [24, 26], [25, 27], [28, 30], [29, 31], [32, 34], [33, 35], [36, 38], [37, 39], [40, 42], [41, 43], [44, 46], [45, 47], [48, 50], [1, 49], [2, 4], [3, 5], [6, 8], [7, 9], [10, 11]], [[39, 40], [41, 42], [43, 44], [45, 47], [46, 48], [1, 49], [2, 50], [3, 5], [4, 6], [7, 9], [8, 10], [11, 12], [13, 15], [14, 16], [17, 18], [19, 21], [20, 22], [23, 24], [25, 27], [26, 28], [29, 31], [30, 32], [33, 35], [34, 36], [37, 38]], [[41, 43], [42, 44], [45, 46], [47, 48], [1, 49], [2, 50], [3, 4], [5, 6], [7, 9], [8, 10], [11, 13], [12, 14], [15, 17], [16, 18], [19, 21], [20, 22], [23, 24], [25, 27], [26, 28], [29, 30], [31, 32], [33, 35], [34, 36], [37, 38], [39, 40]], [[43, 45], [46, 47], [48, 49], [2, 50], [1, 3], [4, 6], [5, 7], [8, 10], [9, 11], [12, 13], [14, 16], [15, 17], [18, 20], [19, 21], [22, 23], [24, 25], [26, 27], [28, 29], [30, 32], [31, 33], [34, 35], [36, 37], [38, 40], [39, 41], [42, 44]], [[14, 16], [17, 19], [18, 20], [21, 22], [23, 25], [24, 26], [27, 28], [29, 30], [31, 32], [33, 35], [34, 36], [37, 38], [39, 40], [41, 42], [43, 45], [44, 46], [47, 48], [1, 49], [2, 50], [3, 5], [4, 6], [7, 8], [9, 10], [11, 12], [13, 15]], [[5, 6], [7, 9], [8, 10], [11, 13], [12, 14], [15, 17], [16, 18], [19, 21], [20, 22], [23, 25], [24, 26], [27, 28], [29, 31], [30, 32], [33, 34], [35, 37], [36, 38], [39, 41], [40, 42], [43, 44], [45, 47], [46, 48], [1, 49], [2, 50], [3, 4]], [[18, 19], [20, 22], [21, 23], [24, 25], [26, 28], [27, 29], [30, 32], [31, 33], [34, 36], [35, 37], [38, 40], [39, 41], [42, 44], [43, 45], [46, 48], [47, 49], [2, 50], [1, 3], [4, 5], [6, 8], [7, 9], [10, 12], [11, 13], [14, 16], [15, 17]], [[49, 50], [1, 2], [3, 4], [5, 6], [7, 8], [9, 10], [11, 12], [13, 15], [14, 16], [17, 18], [19, 20], [21, 22], [23, 25], [24, 26], [27, 28], [29, 30], [31, 32], [33, 34], [35, 36], [37, 38], [39, 41], [40, 42], [43, 44], [45, 47], [46, 48]], [[43, 45], [44, 46], [47, 49], [48, 50], [1, 2], [3, 4], [5, 7], [6, 8], [9, 10], [11, 13], [12, 14], [15, 16], [17, 18], [19, 20], [21, 23], [22, 24], [25, 27], [26, 28], [29, 31], [30, 32], [33, 35], [34, 36], [37, 38], [39, 41], [40, 42]], [[7, 8], [9, 10], [11, 13], [12, 14], [15, 17], [16, 18], [19, 21], [20, 22], [23, 24], [25, 27], [26, 28], [29, 31], [30, 32], [33, 34], [35, 36], [37, 39], [38, 40], [41, 43], [42, 44], [45, 46], [47, 49], [48, 50], [1, 2], [3, 4], [5, 6]], [[14, 16], [13, 15], [17, 19], [18, 20], [21, 22], [23, 25], [24, 26], [27, 28], [29, 31], [30, 32], [33, 34], [35, 37], [36, 38], [39, 40], [41, 42], [43, 45], [44, 46], [47, 48], [1, 49], [2, 50], [3, 4], [5, 7], [6, 8], [9, 11], [10, 12]], [[43, 45], [44, 46], [47, 48], [1, 49], [2, 50], [3, 4], [5, 6], [7, 9], [8, 10], [11, 12], [13, 14], [15, 16], [17, 19], [18, 20], [21, 23], [22, 24], [25, 26], [27, 29], [28, 30], [31, 32], [33, 35], [34, 36], [37, 39], [38, 40], [41, 42]], [[14, 15], [16, 17], [18, 19], [20, 21], [22, 24], [23, 25], [26, 27], [28, 29], [30, 32], [31, 33], [34, 36], [35, 37], [38, 39], [40, 42], [41, 43], [44, 45], [46, 47], [48, 49], [2, 50], [1, 3], [4, 5], [6, 8], [7, 9], [10, 12], [11, 13]], [[18, 20], [19, 21], [22, 24], [23, 25], [26, 28], [27, 29], [30, 32], [31, 33], [34, 35], [36, 37], [38, 40], [39, 41], [42, 44], [43, 45], [46, 47], [48, 49], [2, 50], [1, 3], [4, 6], [5, 7], [8, 10], [9, 11], [12, 13], [14, 16], [15, 17]], [[40, 41], [42, 43], [44, 45], [46, 48], [47, 49], [1, 50], [2, 3], [4, 5], [6, 7], [8, 10], [9, 11], [12, 13], [14, 15], [16, 17], [18, 20], [19, 21], [22, 24], [23, 25], [26, 28], [27, 29], [30, 31], [32, 34], [33, 35], [36, 37], [38, 39]], [[43, 45], [46, 47], [48, 50], [1, 49], [2, 4], [3, 5], [6, 7], [8, 10], [9, 11], [12, 14], [13, 15], [16, 18], [17, 19], [20, 22], [21, 23], [24, 25], [26, 27], [28, 30], [29, 31], [32, 33], [34, 35], [36, 38], [37, 39], [40, 41], [42, 44]], [[41, 43], [44, 45], [46, 47], [48, 49], [2, 50], [1, 3], [4, 6], [5, 7], [8, 9], [10, 12], [11, 13], [14, 15], [16, 18], [17, 19], [20, 22], [21, 23], [24, 25], [26, 28], [27, 29], [30, 31], [32, 34], [33, 35], [36, 38], [37, 39], [40, 42]], [[2, 3], [4, 5], [6, 7], [8, 9], [10, 11], [12, 14], [13, 15], [16, 17], [18, 20], [19, 21], [22, 23], [24, 25], [26, 27], [28, 30], [29, 31], [32, 34], [33, 35], [36, 38], [37, 39], [40, 41], [42, 44], [43, 45], [46, 48], [47, 49], [1, 50]], [[11, 12], [13, 14], [15, 17], [16, 18], [19, 21], [20, 22], [23, 24], [25, 27], [26, 28], [29, 30], [31, 32], [33, 35], [34, 36], [37, 38], [39, 41], [40, 42], [43, 44], [45, 46], [47, 48], [1, 49], [2, 50], [3, 5], [4, 6], [7, 9], [8, 10]]]",,1,,0.0,28630,Tsunami,17,1,1,,0.0,28630,Disaster,6,2,2,,0.0,28630,tsunami,20,3,2,,0.0,28630,wave,5,4,2,,1.0,28630,earthquake,2,5,1,,0.0,28630,earthquake,12,6,1,,1.0,28630,tsunami,24,7,1,,1.0,28630,tsunami,5,8,2,,0.0,28630,tsunami,17,9,1,,0.0,28630,naturaldisaster,11,10,1,,1.0,28630,tsunami,7,11,2,,0.0,28630,tsunami,20,12,1,,0.0,28630,earthquake,19,13,2,,0.0,28630,tsunami,10,14,1,,1.0,28630,tsunami,19,15,2,,0.0,28630,tsunami,19,16,2,,0.0,28630,nuclear,21,17,1,,0.0,28630,tidalwave,4,18,2,,1.0,28630,tsunami,11,19,2,,0.0,28630,tsunami,25,20,2,,0.0,28630,tsunami,21,21,1,,1.0,28630,tsunami,1,22,2,,0.0,28630,tsunami,12,23,1,,0.0,28630,earthquake,12,24,1,,0.0,28630,earthquake,10,25,2,,0.0,28630,tsunami,24,26,1,,1.0,28630,tsunami,5,27,2,,0.0,28630,tsunami,22,28,2,,0.0,28630,flooding,7,29,1,,1.0,28630,tsunami,11,30,1,,1.0,28630,tsunami,4,31,2,,1.0,28630,tsunami,25,32,2,,0.0,28630,tsunami,10,33,2,,0.0,28630,tsunami,24,34,1,,0.0,28630,flood,23,35,1,,0.0,28630,tsunami,12,36,1,,0.0,28630,tsunamirelief,10,37,2,,0.0,28630,tsunami,10,38,1,,1.0,28630,tsunami,6,39,2,,0.0,28630,tsunami,1,40,,,,,,,,,,,,,,,,,,,,,,,,,,,,,,,,,,,,,,,,,,,,,,,,,,,,,,,,,,,,,,,,,,,,,,,,,,,,,,,,,,,,,,,,,,,,,,,,,,,,,,,,,,,,,,,,,,,,,,,,,,,,,,,,,,,,,,,,,,,,,,,,,,,,,,,,,,,,,,,,,,,,,,,,,,,,,,,,,,,,,,,,,,,,,,,,,,,,,,,,,,,,,,,,,,,,,,,,,,,,,,,,,,,,,,,,,,,,,,,,,,,,,,,,,,,,,,,,,,,,,,,,,,,,,,,,,,,,,,,,,,,,,,,,,,,,,,,,,,,,,,,,,,,,,,,,,,,,,,,,,,,,,,,,,,,,,,,,,,,,,,,,,,,,,,,,,,,,,,,,,,,,,,,,,,,,,,,,,,,,,,,,,,,,,,,,,,,,,,,,,,,,,,,,,,,,,,,,,,,,,,,,,,,,,,,,,,,,,,,,,,,,,,,,,,,,,,,,,,,,,,,,,,,,,,,,,,,,,,,,,,,,,,,,,,,,,,,,,,,,,,,,,,,,,,,,,,,,,,,,,,,,,,,,,,,,,,,,,,,,,,,,,,,,,,,,,,,,,,,,,,,,,,,,,,,,,,,,,,,,,,,,,,,,,,,,,,,,,,,,,,,,,,,,,,,,,,,,,,,,,,,,,,,,,,,,,,,,,,,,,,,,,,,,,,,,,,,,,,,,,,,,,,,,,,,,,,,,,,,,,,,,,,,,,,,,,,,,,,,,,,,,,,,,,,,,,,,,,,,,,,,,,,,,,,,,,,,,,,,,,,,,,,,,,,,,,,,,,,,,,,,,,,,,,,,,,,,,,,,,,,,,,,,,,,,,,,,,,,,,,,,,,,,,,,,,,,,,,,,,,,,,,,,,,,,,,,,,,,,,,,,,,,,,,,,,,,,,,,,,,,,,,,,,,,,,,,,,,,,,,,,,,,,,,,,,,,,,,,,,,,,,,,,,,,,,,,,,,,,,,,,,,,,,,,,,,,,,,,,,,,,,,,,,,,,,,,,,,,,,,,,,,,,,,,,,,,,,,,,,,,,,,,,,,,,,,,,,,,,,,,,,,,,,,,,,,,,,,,,,,,,,,,,,,,,,,,,,,,,,,,,,,,,,,,,,,,,,,,,,,,,,,,,,,,,,,,,,,,,,,,,,,,,,,,,,,,,,,,,,,,,,,,,,,,,,,,,,,,,,,,,,,,,,,,,,,,,,,,,,,,,,,,,,,,,,,,,,,,,,,,,,,,,,,,
13,a23mkm9v,,0,240,240,hashtag_experiment,LastPage,2024-04-17 17:10:50.503643,1,,,1.0,g8k2na6b,,,,,0,0.0,1.0,hashtag_experiment,"[[[30, 31], [32, 33], [34, 35], [36, 38], [37, 39], [40, 42], [41, 43], [44, 46], [45, 47], [48, 50], [1, 49], [2, 4], [3, 5], [6, 7], [8, 10], [9, 11], [12, 13], [14, 15], [16, 17], [18, 19], [20, 21], [22, 23], [24, 25], [26, 27], [28, 29]], [[3, 5], [4, 6], [7, 9], [8, 10], [11, 13], [12, 14], [15, 16], [17, 19], [18, 20], [21, 23], [22, 24], [25, 26], [27, 29], [28, 30], [31, 33], [32, 34], [35, 36], [37, 39], [38, 40], [41, 42], [43, 45], [44, 46], [47, 49], [48, 50], [1, 2]], [[23, 25], [22, 24], [26, 27], [28, 30], [29, 31], [32, 34], [33, 35], [36, 37], [38, 39], [40, 41], [42, 43], [44, 46], [45, 47], [48, 50], [1, 49], [2, 3], [4, 5], [6, 8], [7, 9], [10, 12], [11, 13], [14, 15], [16, 18], [17, 19], [20, 21]], [[3, 5], [4, 6], [7, 8], [9, 10], [11, 12], [13, 15], [14, 16], [17, 19], [18, 20], [21, 23], [22, 24], [25, 27], [26, 28], [29, 31], [30, 32], [33, 34], [35, 37], [36, 38], [39, 41], [40, 42], [43, 44], [45, 46], [47, 49], [48, 50], [1, 2]], [[9, 10], [11, 12], [13, 14], [15, 17], [16, 18], [19, 21], [20, 22], [23, 24], [25, 26], [27, 29], [28, 30], [31, 33], [32, 34], [35, 36], [37, 39], [38, 40], [41, 42], [43, 44], [45, 46], [47, 49], [48, 50], [1, 3], [2, 4], [5, 6], [7, 8]], [[41, 42], [43, 44], [45, 47], [46, 48], [49, 50], [1, 3], [2, 4], [5, 6], [7, 9], [8, 10], [11, 13], [12, 14], [15, 17], [16, 18], [19, 21], [20, 22], [23, 25], [24, 26], [27, 29], [28, 30], [31, 33], [32, 34], [35, 36], [37, 39], [38, 40]], [[16, 17], [18, 19], [20, 22], [21, 23], [24, 25], [26, 28], [27, 29], [30, 31], [32, 33], [34, 35], [36, 38], [37, 39], [40, 41], [42, 44], [43, 45], [46, 47], [48, 50], [1, 49], [2, 4], [3, 5], [6, 7], [8, 10], [9, 11], [12, 14], [13, 15]], [[5, 7], [6, 8], [9, 10], [11, 13], [12, 14], [15, 16], [17, 18], [19, 21], [20, 22], [23, 25], [24, 26], [27, 28], [29, 31], [30, 32], [33, 34], [35, 37], [36, 38], [39, 40], [41, 42], [43, 44], [45, 46], [47, 48], [1, 49], [2, 50], [3, 4]], [[30, 32], [29, 31], [33, 34], [35, 36], [37, 38], [39, 40], [41, 42], [43, 45], [44, 46], [47, 48], [1, 49], [2, 50], [3, 4], [5, 7], [6, 8], [9, 11], [10, 12], [13, 14], [15, 16], [17, 18], [19, 21], [20, 22], [23, 24], [25, 27], [26, 28]], [[44, 46], [43, 45], [47, 49], [48, 50], [1, 2], [3, 4], [5, 6], [7, 8], [9, 10], [11, 13], [12, 14], [15, 17], [16, 18], [19, 20], [21, 22], [23, 25], [24, 26], [27, 28], [29, 31], [30, 32], [33, 34], [35, 37], [36, 38], [39, 40], [41, 42]], [[1, 50], [2, 4], [3, 5], [6, 7], [8, 9], [10, 11], [12, 14], [13, 15], [16, 18], [17, 19], [20, 22], [21, 23], [24, 25], [26, 27], [28, 30], [29, 31], [32, 34], [33, 35], [36, 37], [38, 40], [39, 41], [42, 43], [44, 46], [45, 47], [48, 49]], [[23, 25], [24, 26], [27, 29], [28, 30], [31, 33], [32, 34], [35, 37], [36, 38], [39, 41], [40, 42], [43, 44], [45, 46], [47, 49], [48, 50], [1, 2], [3, 5], [4, 6], [7, 8], [9, 11], [10, 12], [13, 14], [15, 17], [16, 18], [19, 20], [21, 22]], [[26, 28], [27, 29], [30, 31], [32, 34], [33, 35], [36, 37], [38, 39], [40, 42], [41, 43], [44, 45], [46, 47], [48, 49], [1, 50], [2, 3], [4, 5], [6, 7], [8, 9], [10, 11], [12, 14], [13, 15], [16, 18], [17, 19], [20, 21], [22, 23], [24, 25]], [[43, 44], [45, 46], [47, 48], [1, 49], [2, 50], [3, 4], [5, 7], [6, 8], [9, 10], [11, 12], [13, 14], [15, 16], [17, 19], [18, 20], [21, 23], [22, 24], [25, 27], [26, 28], [29, 30], [31, 33], [32, 34], [35, 37], [36, 38], [39, 40], [41, 42]], [[26, 27], [28, 30], [29, 31], [32, 33], [34, 36], [35, 37], [38, 40], [39, 41], [42, 44], [43, 45], [46, 48], [47, 49], [2, 50], [1, 3], [4, 5], [6, 7], [8, 10], [9, 11], [12, 14], [13, 15], [16, 17], [18, 20], [19, 21], [22, 24], [23, 25]], [[25, 27], [26, 28], [29, 30], [31, 32], [33, 35], [34, 36], [37, 39], [38, 40], [41, 43], [42, 44], [45, 47], [46, 48], [1, 49], [2, 50], [3, 4], [5, 7], [6, 8], [9, 11], [10, 12], [13, 14], [15, 16], [17, 18], [19, 20], [21, 23], [22, 24]], [[20, 21], [22, 24], [23, 25], [26, 28], [27, 29], [30, 31], [32, 33], [34, 35], [36, 38], [37, 39], [40, 41], [42, 43], [44, 46], [45, 47], [48, 49], [1, 50], [2, 3], [4, 6], [5, 7], [8, 9], [10, 12], [11, 13], [14, 15], [16, 18], [17, 19]], [[6, 7], [8, 9], [10, 11], [12, 14], [13, 15], [16, 17], [18, 20], [19, 21], [22, 24], [23, 25], [26, 28], [27, 29], [30, 32], [31, 33], [34, 36], [35, 37], [38, 40], [39, 41], [42, 44], [43, 45], [46, 48], [47, 49], [1, 50], [2, 4], [3, 5]], [[41, 43], [40, 42], [44, 45], [46, 48], [47, 49], [1, 50], [2, 4], [3, 5], [6, 8], [7, 9], [10, 12], [11, 13], [14, 16], [15, 17], [18, 19], [20, 22], [21, 23], [24, 25], [26, 28], [27, 29], [30, 31], [32, 34], [33, 35], [36, 38], [37, 39]], [[13, 14], [15, 16], [17, 18], [19, 21], [20, 22], [23, 24], [25, 26], [27, 28], [29, 30], [31, 32], [33, 34], [35, 37], [36, 38], [39, 41], [40, 42], [43, 44], [45, 47], [46, 48], [49, 50], [1, 2], [3, 5], [4, 6], [7, 8], [9, 10], [11, 12]], [[21, 22], [23, 24], [25, 26], [27, 29], [28, 30], [31, 33], [32, 34], [35, 36], [37, 39], [38, 40], [41, 42], [43, 44], [45, 47], [46, 48], [49, 50], [1, 3], [2, 4], [5, 7], [6, 8], [9, 11], [10, 12], [13, 15], [14, 16], [17, 19], [18, 20]], [[12, 14], [13, 15], [16, 18], [17, 19], [20, 22], [21, 23], [24, 26], [25, 27], [28, 30], [29, 31], [32, 34], [33, 35], [36, 38], [37, 39], [40, 42], [41, 43], [44, 46], [45, 47], [48, 50], [1, 49], [2, 4], [3, 5], [6, 8], [7, 9], [10, 11]], [[39, 40], [41, 42], [43, 44], [45, 47], [46, 48], [1, 49], [2, 50], [3, 5], [4, 6], [7, 9], [8, 10], [11, 12], [13, 15], [14, 16], [17, 18], [19, 21], [20, 22], [23, 24], [25, 27], [26, 28], [29, 31], [30, 32], [33, 35], [34, 36], [37, 38]], [[41, 43], [42, 44], [45, 46], [47, 48], [1, 49], [2, 50], [3, 4], [5, 6], [7, 9], [8, 10], [11, 13], [12, 14], [15, 17], [16, 18], [19, 21], [20, 22], [23, 24], [25, 27], [26, 28], [29, 30], [31, 32], [33, 35], [34, 36], [37, 38], [39, 40]], [[43, 45], [46, 47], [48, 49], [2, 50], [1, 3], [4, 6], [5, 7], [8, 10], [9, 11], [12, 13], [14, 16], [15, 17], [18, 20], [19, 21], [22, 23], [24, 25], [26, 27], [28, 29], [30, 32], [31, 33], [34, 35], [36, 37], [38, 40], [39, 41], [42, 44]], [[14, 16], [17, 19], [18, 20], [21, 22], [23, 25], [24, 26], [27, 28], [29, 30], [31, 32], [33, 35], [34, 36], [37, 38], [39, 40], [41, 42], [43, 45], [44, 46], [47, 48], [1, 49], [2, 50], [3, 5], [4, 6], [7, 8], [9, 10], [11, 12], [13, 15]], [[5, 6], [7, 9], [8, 10], [11, 13], [12, 14], [15, 17], [16, 18], [19, 21], [20, 22], [23, 25], [24, 26], [27, 28], [29, 31], [30, 32], [33, 34], [35, 37], [36, 38], [39, 41], [40, 42], [43, 44], [45, 47], [46, 48], [1, 49], [2, 50], [3, 4]], [[18, 19], [20, 22], [21, 23], [24, 25], [26, 28], [27, 29], [30, 32], [31, 33], [34, 36], [35, 37], [38, 40], [39, 41], [42, 44], [43, 45], [46, 48], [47, 49], [2, 50], [1, 3], [4, 5], [6, 8], [7, 9], [10, 12], [11, 13], [14, 16], [15, 17]], [[49, 50], [1, 2], [3, 4], [5, 6], [7, 8], [9, 10], [11, 12], [13, 15], [14, 16], [17, 18], [19, 20], [21, 22], [23, 25], [24, 26], [27, 28], [29, 30], [31, 32], [33, 34], [35, 36], [37, 38], [39, 41], [40, 42], [43, 44], [45, 47], [46, 48]], [[43, 45], [44, 46], [47, 49], [48, 50], [1, 2], [3, 4], [5, 7], [6, 8], [9, 10], [11, 13], [12, 14], [15, 16], [17, 18], [19, 20], [21, 23], [22, 24], [25, 27], [26, 28], [29, 31], [30, 32], [33, 35], [34, 36], [37, 38], [39, 41], [40, 42]], [[7, 8], [9, 10], [11, 13], [12, 14], [15, 17], [16, 18], [19, 21], [20, 22], [23, 24], [25, 27], [26, 28], [29, 31], [30, 32], [33, 34], [35, 36], [37, 39], [38, 40], [41, 43], [42, 44], [45, 46], [47, 49], [48, 50], [1, 2], [3, 4], [5, 6]], [[14, 16], [13, 15], [17, 19], [18, 20], [21, 22], [23, 25], [24, 26], [27, 28], [29, 31], [30, 32], [33, 34], [35, 37], [36, 38], [39, 40], [41, 42], [43, 45], [44, 46], [47, 48], [1, 49], [2, 50], [3, 4], [5, 7], [6, 8], [9, 11], [10, 12]], [[43, 45], [44, 46], [47, 48], [1, 49], [2, 50], [3, 4], [5, 6], [7, 9], [8, 10], [11, 12], [13, 14], [15, 16], [17, 19], [18, 20], [21, 23], [22, 24], [25, 26], [27, 29], [28, 30], [31, 32], [33, 35], [34, 36], [37, 39], [38, 40], [41, 42]], [[14, 15], [16, 17], [18, 19], [20, 21], [22, 24], [23, 25], [26, 27], [28, 29], [30, 32], [31, 33], [34, 36], [35, 37], [38, 39], [40, 42], [41, 43], [44, 45], [46, 47], [48, 49], [2, 50], [1, 3], [4, 5], [6, 8], [7, 9], [10, 12], [11, 13]], [[18, 20], [19, 21], [22, 24], [23, 25], [26, 28], [27, 29], [30, 32], [31, 33], [34, 35], [36, 37], [38, 40], [39, 41], [42, 44], [43, 45], [46, 47], [48, 49], [2, 50], [1, 3], [4, 6], [5, 7], [8, 10], [9, 11], [12, 13], [14, 16], [15, 17]], [[40, 41], [42, 43], [44, 45], [46, 48], [47, 49], [1, 50], [2, 3], [4, 5], [6, 7], [8, 10], [9, 11], [12, 13], [14, 15], [16, 17], [18, 20], [19, 21], [22, 24], [23, 25], [26, 28], [27, 29], [30, 31], [32, 34], [33, 35], [36, 37], [38, 39]], [[43, 45], [46, 47], [48, 50], [1, 49], [2, 4], [3, 5], [6, 7], [8, 10], [9, 11], [12, 14], [13, 15], [16, 18], [17, 19], [20, 22], [21, 23], [24, 25], [26, 27], [28, 30], [29, 31], [32, 33], [34, 35], [36, 38], [37, 39], [40, 41], [42, 44]], [[41, 43], [44, 45], [46, 47], [48, 49], [2, 50], [1, 3], [4, 6], [5, 7], [8, 9], [10, 12], [11, 13], [14, 15], [16, 18], [17, 19], [20, 22], [21, 23], [24, 25], [26, 28], [27, 29], [30, 31], [32, 34], [33, 35], [36, 38], [37, 39], [40, 42]], [[2, 3], [4, 5], [6, 7], [8, 9], [10, 11], [12, 14], [13, 15], [16, 17], [18, 20], [19, 21], [22, 23], [24, 25], [26, 27], [28, 30], [29, 31], [32, 34], [33, 35], [36, 38], [37, 39], [40, 41], [42, 44], [43, 45], [46, 48], [47, 49], [1, 50]], [[11, 12], [13, 14], [15, 17], [16, 18], [19, 21], [20, 22], [23, 24], [25, 27], [26, 28], [29, 30], [31, 32], [33, 35], [34, 36], [37, 38], [39, 41], [40, 42], [43, 44], [45, 46], [47, 48], [1, 49], [2, 50], [3, 5], [4, 6], [7, 9], [8, 10]]]",,2,,0.0,40369,,17,1,2,,0.0,40369,,5,2,2,,0.0,40369,,21,3,1,,0.0,40369,,6,4,1,,0.0,40369,,3,5,2,,0.0,40369,,11,6,1,,0.0,40369,,25,7,2,,0.0,40369,,4,8,1,,0.0,40369,,18,9,2,,0.0,40369,,10,10,1,,0.0,40369,PrayersUpJapan,8,11,1,,0.0,40369,PleaseDonate,21,12,1,,0.0,40369,,20,13,1,,0.0,40369,LoveforFukushima,11,14,1,,0.0,40369,,20,15,1,,1.0,40369,tsunami,20,16,2,,0.0,40369,Nuclear,22,17,1,,0.0,40369,StayStrong,5,18,2,,0.0,40369,HelpJapan,12,19,1,,0.0,40369,Sadness,1,20,1,,0.0,40369,LoveforAll2011,22,21,1,,0.0,40369,Earthquake2011,2,22,1,,0.0,40369,PrayforFukushima,13,23,2,,0.0,40369,Donateif,11,24,2,,0.0,40369,Donateifyoucan,10,25,1,,0.0,40369,Disheartening,25,26,2,,0.0,40369,Pleasehelp,4,27,2,,0.0,40369,dontgiveuphope,23,28,1,,0.0,40369,riseUP2011,8,29,2,,0.0,40369,Fukushina201,10,30,2,,0.0,40369,Prayforthem,3,31,1,,0.0,40369,peaceinlove,2,32,1,,0.0,40369,Donate2011,11,33,2,,0.0,40369,,25,34,2,,0.0,40369,TsunamiDisaster,23,35,2,,0.0,40369,LoveforAll2011,12,36,1,,0.0,40369,pain,11,37,2,,0.0,40369,StayStrong2011,11,38,1,,0.0,40369,DonationsUp,7,39,1,,0.0,40369,knockDownbutnotOut,2,40,,,,,,,,,,,,,,,,,,,,,,,,,,,,,,,,,,,,,,,,,,,,,,,,,,,,,,,,,,,,,,,,,,,,,,,,,,,,,,,,,,,,,,,,,,,,,,,,,,,,,,,,,,,,,,,,,,,,,,,,,,,,,,,,,,,,,,,,,,,,,,,,,,,,,,,,,,,,,,,,,,,,,,,,,,,,,,,,,,,,,,,,,,,,,,,,,,,,,,,,,,,,,,,,,,,,,,,,,,,,,,,,,,,,,,,,,,,,,,,,,,,,,,,,,,,,,,,,,,,,,,,,,,,,,,,,,,,,,,,,,,,,,,,,,,,,,,,,,,,,,,,,,,,,,,,,,,,,,,,,,,,,,,,,,,,,,,,,,,,,,,,,,,,,,,,,,,,,,,,,,,,,,,,,,,,,,,,,,,,,,,,,,,,,,,,,,,,,,,,,,,,,,,,,,,,,,,,,,,,,,,,,,,,,,,,,,,,,,,,,,,,,,,,,,,,,,,,,,,,,,,,,,,,,,,,,,,,,,,,,,,,,,,,,,,,,,,,,,,,,,,,,,,,,,,,,,,,,,,,,,,,,,,,,,,,,,,,,,,,,,,,,,,,,,,,,,,,,,,,,,,,,,,,,,,,,,,,,,,,,,,,,,,,,,,,,,,,,,,,,,,,,,,,,,,,,,,,,,,,,,,,,,,,,,,,,,,,,,,,,,,,,,,,,,,,,,,,,,,,,,,,,,,,,,,,,,,,,,,,,,,,,,,,,,,,,,,,,,,,,,,,,,,,,,,,,,,,,,,,,,,,,,,,,,,,,,,,,,,,,,,,,,,,,,,,,,,,,,,,,,,,,,,,,,,,,,,,,,,,,,,,,,,,,,,,,,,,,,,,,,,,,,,,,,,,,,,,,,,,,,,,,,,,,,,,,,,,,,,,,,,,,,,,,,,,,,,,,,,,,,,,,,,,,,,,,,,,,,,,,,,,,,,,,,,,,,,,,,,,,,,,,,,,,,,,,,,,,,,,,,,,,,,,,,,,,,,,,,,,,,,,,,,,,,,,,,,,,,,,,,,,,,,,,,,,,,,,,,,,,,,,,,,,,,,,,,,,,,,,,,,,,,,,,,,,,,,,,,,,,,,,,,,,,,,,,,,,,,,,,,,,,,,,,,,,,,,,,,,,,,,,,,,,,,,,,,,,,,,,,,,,,,,,,,,,,,,,,,,,,,,,,,,,,,,,,,,,,,,,,,,,,,,,,,,,,,,,,,,,,,,,,,,,,,,,,,,,,,,,,,,,,,,,,,,
14,jpildzt6,,0,240,240,hashtag_experiment,LastPage,2024-04-17 17:10:53.510904,1,,,19.0,g8k2na6b,,,,,0,0.0,1.0,hashtag_experiment,"[[[30, 31], [32, 33], [34, 35], [36, 38], [37, 39], [40, 42], [41, 43], [44, 46], [45, 47], [48, 50], [1, 49], [2, 4], [3, 5], [6, 7], [8, 10], [9, 11], [12, 13], [14, 15], [16, 17], [18, 19], [20, 21], [22, 23], [24, 25], [26, 27], [28, 29]], [[3, 5], [4, 6], [7, 9], [8, 10], [11, 13], [12, 14], [15, 16], [17, 19], [18, 20], [21, 23], [22, 24], [25, 26], [27, 29], [28, 30], [31, 33], [32, 34], [35, 36], [37, 39], [38, 40], [41, 42], [43, 45], [44, 46], [47, 49], [48, 50], [1, 2]], [[23, 25], [22, 24], [26, 27], [28, 30], [29, 31], [32, 34], [33, 35], [36, 37], [38, 39], [40, 41], [42, 43], [44, 46], [45, 47], [48, 50], [1, 49], [2, 3], [4, 5], [6, 8], [7, 9], [10, 12], [11, 13], [14, 15], [16, 18], [17, 19], [20, 21]], [[3, 5], [4, 6], [7, 8], [9, 10], [11, 12], [13, 15], [14, 16], [17, 19], [18, 20], [21, 23], [22, 24], [25, 27], [26, 28], [29, 31], [30, 32], [33, 34], [35, 37], [36, 38], [39, 41], [40, 42], [43, 44], [45, 46], [47, 49], [48, 50], [1, 2]], [[9, 10], [11, 12], [13, 14], [15, 17], [16, 18], [19, 21], [20, 22], [23, 24], [25, 26], [27, 29], [28, 30], [31, 33], [32, 34], [35, 36], [37, 39], [38, 40], [41, 42], [43, 44], [45, 46], [47, 49], [48, 50], [1, 3], [2, 4], [5, 6], [7, 8]], [[41, 42], [43, 44], [45, 47], [46, 48], [49, 50], [1, 3], [2, 4], [5, 6], [7, 9], [8, 10], [11, 13], [12, 14], [15, 17], [16, 18], [19, 21], [20, 22], [23, 25], [24, 26], [27, 29], [28, 30], [31, 33], [32, 34], [35, 36], [37, 39], [38, 40]], [[16, 17], [18, 19], [20, 22], [21, 23], [24, 25], [26, 28], [27, 29], [30, 31], [32, 33], [34, 35], [36, 38], [37, 39], [40, 41], [42, 44], [43, 45], [46, 47], [48, 50], [1, 49], [2, 4], [3, 5], [6, 7], [8, 10], [9, 11], [12, 14], [13, 15]], [[5, 7], [6, 8], [9, 10], [11, 13], [12, 14], [15, 16], [17, 18], [19, 21], [20, 22], [23, 25], [24, 26], [27, 28], [29, 31], [30, 32], [33, 34], [35, 37], [36, 38], [39, 40], [41, 42], [43, 44], [45, 46], [47, 48], [1, 49], [2, 50], [3, 4]], [[30, 32], [29, 31], [33, 34], [35, 36], [37, 38], [39, 40], [41, 42], [43, 45], [44, 46], [47, 48], [1, 49], [2, 50], [3, 4], [5, 7], [6, 8], [9, 11], [10, 12], [13, 14], [15, 16], [17, 18], [19, 21], [20, 22], [23, 24], [25, 27], [26, 28]], [[44, 46], [43, 45], [47, 49], [48, 50], [1, 2], [3, 4], [5, 6], [7, 8], [9, 10], [11, 13], [12, 14], [15, 17], [16, 18], [19, 20], [21, 22], [23, 25], [24, 26], [27, 28], [29, 31], [30, 32], [33, 34], [35, 37], [36, 38], [39, 40], [41, 42]], [[1, 50], [2, 4], [3, 5], [6, 7], [8, 9], [10, 11], [12, 14], [13, 15], [16, 18], [17, 19], [20, 22], [21, 23], [24, 25], [26, 27], [28, 30], [29, 31], [32, 34], [33, 35], [36, 37], [38, 40], [39, 41], [42, 43], [44, 46], [45, 47], [48, 49]], [[23, 25], [24, 26], [27, 29], [28, 30], [31, 33], [32, 34], [35, 37], [36, 38], [39, 41], [40, 42], [43, 44], [45, 46], [47, 49], [48, 50], [1, 2], [3, 5], [4, 6], [7, 8], [9, 11], [10, 12], [13, 14], [15, 17], [16, 18], [19, 20], [21, 22]], [[26, 28], [27, 29], [30, 31], [32, 34], [33, 35], [36, 37], [38, 39], [40, 42], [41, 43], [44, 45], [46, 47], [48, 49], [1, 50], [2, 3], [4, 5], [6, 7], [8, 9], [10, 11], [12, 14], [13, 15], [16, 18], [17, 19], [20, 21], [22, 23], [24, 25]], [[43, 44], [45, 46], [47, 48], [1, 49], [2, 50], [3, 4], [5, 7], [6, 8], [9, 10], [11, 12], [13, 14], [15, 16], [17, 19], [18, 20], [21, 23], [22, 24], [25, 27], [26, 28], [29, 30], [31, 33], [32, 34], [35, 37], [36, 38], [39, 40], [41, 42]], [[26, 27], [28, 30], [29, 31], [32, 33], [34, 36], [35, 37], [38, 40], [39, 41], [42, 44], [43, 45], [46, 48], [47, 49], [2, 50], [1, 3], [4, 5], [6, 7], [8, 10], [9, 11], [12, 14], [13, 15], [16, 17], [18, 20], [19, 21], [22, 24], [23, 25]], [[25, 27], [26, 28], [29, 30], [31, 32], [33, 35], [34, 36], [37, 39], [38, 40], [41, 43], [42, 44], [45, 47], [46, 48], [1, 49], [2, 50], [3, 4], [5, 7], [6, 8], [9, 11], [10, 12], [13, 14], [15, 16], [17, 18], [19, 20], [21, 23], [22, 24]], [[20, 21], [22, 24], [23, 25], [26, 28], [27, 29], [30, 31], [32, 33], [34, 35], [36, 38], [37, 39], [40, 41], [42, 43], [44, 46], [45, 47], [48, 49], [1, 50], [2, 3], [4, 6], [5, 7], [8, 9], [10, 12], [11, 13], [14, 15], [16, 18], [17, 19]], [[6, 7], [8, 9], [10, 11], [12, 14], [13, 15], [16, 17], [18, 20], [19, 21], [22, 24], [23, 25], [26, 28], [27, 29], [30, 32], [31, 33], [34, 36], [35, 37], [38, 40], [39, 41], [42, 44], [43, 45], [46, 48], [47, 49], [1, 50], [2, 4], [3, 5]], [[41, 43], [40, 42], [44, 45], [46, 48], [47, 49], [1, 50], [2, 4], [3, 5], [6, 8], [7, 9], [10, 12], [11, 13], [14, 16], [15, 17], [18, 19], [20, 22], [21, 23], [24, 25], [26, 28], [27, 29], [30, 31], [32, 34], [33, 35], [36, 38], [37, 39]], [[13, 14], [15, 16], [17, 18], [19, 21], [20, 22], [23, 24], [25, 26], [27, 28], [29, 30], [31, 32], [33, 34], [35, 37], [36, 38], [39, 41], [40, 42], [43, 44], [45, 47], [46, 48], [49, 50], [1, 2], [3, 5], [4, 6], [7, 8], [9, 10], [11, 12]], [[21, 22], [23, 24], [25, 26], [27, 29], [28, 30], [31, 33], [32, 34], [35, 36], [37, 39], [38, 40], [41, 42], [43, 44], [45, 47], [46, 48], [49, 50], [1, 3], [2, 4], [5, 7], [6, 8], [9, 11], [10, 12], [13, 15], [14, 16], [17, 19], [18, 20]], [[12, 14], [13, 15], [16, 18], [17, 19], [20, 22], [21, 23], [24, 26], [25, 27], [28, 30], [29, 31], [32, 34], [33, 35], [36, 38], [37, 39], [40, 42], [41, 43], [44, 46], [45, 47], [48, 50], [1, 49], [2, 4], [3, 5], [6, 8], [7, 9], [10, 11]], [[39, 40], [41, 42], [43, 44], [45, 47], [46, 48], [1, 49], [2, 50], [3, 5], [4, 6], [7, 9], [8, 10], [11, 12], [13, 15], [14, 16], [17, 18], [19, 21], [20, 22], [23, 24], [25, 27], [26, 28], [29, 31], [30, 32], [33, 35], [34, 36], [37, 38]], [[41, 43], [42, 44], [45, 46], [47, 48], [1, 49], [2, 50], [3, 4], [5, 6], [7, 9], [8, 10], [11, 13], [12, 14], [15, 17], [16, 18], [19, 21], [20, 22], [23, 24], [25, 27], [26, 28], [29, 30], [31, 32], [33, 35], [34, 36], [37, 38], [39, 40]], [[43, 45], [46, 47], [48, 49], [2, 50], [1, 3], [4, 6], [5, 7], [8, 10], [9, 11], [12, 13], [14, 16], [15, 17], [18, 20], [19, 21], [22, 23], [24, 25], [26, 27], [28, 29], [30, 32], [31, 33], [34, 35], [36, 37], [38, 40], [39, 41], [42, 44]], [[14, 16], [17, 19], [18, 20], [21, 22], [23, 25], [24, 26], [27, 28], [29, 30], [31, 32], [33, 35], [34, 36], [37, 38], [39, 40], [41, 42], [43, 45], [44, 46], [47, 48], [1, 49], [2, 50], [3, 5], [4, 6], [7, 8], [9, 10], [11, 12], [13, 15]], [[5, 6], [7, 9], [8, 10], [11, 13], [12, 14], [15, 17], [16, 18], [19, 21], [20, 22], [23, 25], [24, 26], [27, 28], [29, 31], [30, 32], [33, 34], [35, 37], [36, 38], [39, 41], [40, 42], [43, 44], [45, 47], [46, 48], [1, 49], [2, 50], [3, 4]], [[18, 19], [20, 22], [21, 23], [24, 25], [26, 28], [27, 29], [30, 32], [31, 33], [34, 36], [35, 37], [38, 40], [39, 41], [42, 44], [43, 45], [46, 48], [47, 49], [2, 50], [1, 3], [4, 5], [6, 8], [7, 9], [10, 12], [11, 13], [14, 16], [15, 17]], [[49, 50], [1, 2], [3, 4], [5, 6], [7, 8], [9, 10], [11, 12], [13, 15], [14, 16], [17, 18], [19, 20], [21, 22], [23, 25], [24, 26], [27, 28], [29, 30], [31, 32], [33, 34], [35, 36], [37, 38], [39, 41], [40, 42], [43, 44], [45, 47], [46, 48]], [[43, 45], [44, 46], [47, 49], [48, 50], [1, 2], [3, 4], [5, 7], [6, 8], [9, 10], [11, 13], [12, 14], [15, 16], [17, 18], [19, 20], [21, 23], [22, 24], [25, 27], [26, 28], [29, 31], [30, 32], [33, 35], [34, 36], [37, 38], [39, 41], [40, 42]], [[7, 8], [9, 10], [11, 13], [12, 14], [15, 17], [16, 18], [19, 21], [20, 22], [23, 24], [25, 27], [26, 28], [29, 31], [30, 32], [33, 34], [35, 36], [37, 39], [38, 40], [41, 43], [42, 44], [45, 46], [47, 49], [48, 50], [1, 2], [3, 4], [5, 6]], [[14, 16], [13, 15], [17, 19], [18, 20], [21, 22], [23, 25], [24, 26], [27, 28], [29, 31], [30, 32], [33, 34], [35, 37], [36, 38], [39, 40], [41, 42], [43, 45], [44, 46], [47, 48], [1, 49], [2, 50], [3, 4], [5, 7], [6, 8], [9, 11], [10, 12]], [[43, 45], [44, 46], [47, 48], [1, 49], [2, 50], [3, 4], [5, 6], [7, 9], [8, 10], [11, 12], [13, 14], [15, 16], [17, 19], [18, 20], [21, 23], [22, 24], [25, 26], [27, 29], [28, 30], [31, 32], [33, 35], [34, 36], [37, 39], [38, 40], [41, 42]], [[14, 15], [16, 17], [18, 19], [20, 21], [22, 24], [23, 25], [26, 27], [28, 29], [30, 32], [31, 33], [34, 36], [35, 37], [38, 39], [40, 42], [41, 43], [44, 45], [46, 47], [48, 49], [2, 50], [1, 3], [4, 5], [6, 8], [7, 9], [10, 12], [11, 13]], [[18, 20], [19, 21], [22, 24], [23, 25], [26, 28], [27, 29], [30, 32], [31, 33], [34, 35], [36, 37], [38, 40], [39, 41], [42, 44], [43, 45], [46, 47], [48, 49], [2, 50], [1, 3], [4, 6], [5, 7], [8, 10], [9, 11], [12, 13], [14, 16], [15, 17]], [[40, 41], [42, 43], [44, 45], [46, 48], [47, 49], [1, 50], [2, 3], [4, 5], [6, 7], [8, 10], [9, 11], [12, 13], [14, 15], [16, 17], [18, 20], [19, 21], [22, 24], [23, 25], [26, 28], [27, 29], [30, 31], [32, 34], [33, 35], [36, 37], [38, 39]], [[43, 45], [46, 47], [48, 50], [1, 49], [2, 4], [3, 5], [6, 7], [8, 10], [9, 11], [12, 14], [13, 15], [16, 18], [17, 19], [20, 22], [21, 23], [24, 25], [26, 27], [28, 30], [29, 31], [32, 33], [34, 35], [36, 38], [37, 39], [40, 41], [42, 44]], [[41, 43], [44, 45], [46, 47], [48, 49], [2, 50], [1, 3], [4, 6], [5, 7], [8, 9], [10, 12], [11, 13], [14, 15], [16, 18], [17, 19], [20, 22], [21, 23], [24, 25], [26, 28], [27, 29], [30, 31], [32, 34], [33, 35], [36, 38], [37, 39], [40, 42]], [[2, 3], [4, 5], [6, 7], [8, 9], [10, 11], [12, 14], [13, 15], [16, 17], [18, 20], [19, 21], [22, 23], [24, 25], [26, 27], [28, 30], [29, 31], [32, 34], [33, 35], [36, 38], [37, 39], [40, 41], [42, 44], [43, 45], [46, 48], [47, 49], [1, 50]], [[11, 12], [13, 14], [15, 17], [16, 18], [19, 21], [20, 22], [23, 24], [25, 27], [26, 28], [29, 30], [31, 32], [33, 35], [34, 36], [37, 38], [39, 41], [40, 42], [43, 44], [45, 46], [47, 48], [1, 49], [2, 50], [3, 5], [4, 6], [7, 9], [8, 10]]]",,1,,0.0,86931,tsunami,18,1,2,,0.0,86931,nuclear,6,2,1,,0.0,86931,disaster,22,3,1,,0.0,86931,disaster,7,4,2,,0.0,86931,tsunami,3,5,2,,0.0,86931,setsuden,12,6,2,,1.0,86931,tsunami,24,7,2,,1.0,86931,tsunami,5,8,2,,0.0,86931,tsunami,18,9,2,,0.0,86931,tsunami,11,10,2,,1.0,86931,tsunami,7,11,2,,0.0,86931,tsunami,21,12,2,,0.0,86931,tsunami,19,13,2,,0.0,86931,tsunami,11,14,2,,1.0,86931,tsunami,19,15,2,,1.0,86931,tsunami,20,16,1,,0.0,86931,tsunami,23,17,2,,0.0,86931,tsunami,4,18,1,,0.0,86931,tsunami,13,19,2,,0.0,86931,tsunami,1,20,1,,1.0,86931,tsunami,23,21,2,,1.0,86931,tsunami,1,22,1,,0.0,86931,tsunami,14,23,2,,0.0,86931,tsunami,12,24,1,,1.0,86931,tsunami,11,25,1,,0.0,86931,tsunami,1,26,2,,1.0,86931,tsunami,5,27,1,,1.0,86931,tsunami,24,28,1,,1.0,86931,tsunami,9,29,2,,1.0,86931,tsunami,11,30,2,,1.0,86931,tsunami,4,31,1,,1.0,86931,tsunami,1,32,2,,0.0,86931,tsunami,11,33,1,,1.0,86931,tsunami,1,34,1,,1.0,86931,tsunami,24,35,1,,1.0,86931,tsunami,13,36,2,,0.0,86931,tsunami,10,37,1,,1.0,86931,tsunami,12,38,2,,1.0,86931,tsunami,6,39,2,,0.0,86931,tsunami,2,40,,,,,,,,,,,,,,,,,,,,,,,,,,,,,,,,,,,,,,,,,,,,,,,,,,,,,,,,,,,,,,,,,,,,,,,,,,,,,,,,,,,,,,,,,,,,,,,,,,,,,,,,,,,,,,,,,,,,,,,,,,,,,,,,,,,,,,,,,,,,,,,,,,,,,,,,,,,,,,,,,,,,,,,,,,,,,,,,,,,,,,,,,,,,,,,,,,,,,,,,,,,,,,,,,,,,,,,,,,,,,,,,,,,,,,,,,,,,,,,,,,,,,,,,,,,,,,,,,,,,,,,,,,,,,,,,,,,,,,,,,,,,,,,,,,,,,,,,,,,,,,,,,,,,,,,,,,,,,,,,,,,,,,,,,,,,,,,,,,,,,,,,,,,,,,,,,,,,,,,,,,,,,,,,,,,,,,,,,,,,,,,,,,,,,,,,,,,,,,,,,,,,,,,,,,,,,,,,,,,,,,,,,,,,,,,,,,,,,,,,,,,,,,,,,,,,,,,,,,,,,,,,,,,,,,,,,,,,,,,,,,,,,,,,,,,,,,,,,,,,,,,,,,,,,,,,,,,,,,,,,,,,,,,,,,,,,,,,,,,,,,,,,,,,,,,,,,,,,,,,,,,,,,,,,,,,,,,,,,,,,,,,,,,,,,,,,,,,,,,,,,,,,,,,,,,,,,,,,,,,,,,,,,,,,,,,,,,,,,,,,,,,,,,,,,,,,,,,,,,,,,,,,,,,,,,,,,,,,,,,,,,,,,,,,,,,,,,,,,,,,,,,,,,,,,,,,,,,,,,,,,,,,,,,,,,,,,,,,,,,,,,,,,,,,,,,,,,,,,,,,,,,,,,,,,,,,,,,,,,,,,,,,,,,,,,,,,,,,,,,,,,,,,,,,,,,,,,,,,,,,,,,,,,,,,,,,,,,,,,,,,,,,,,,,,,,,,,,,,,,,,,,,,,,,,,,,,,,,,,,,,,,,,,,,,,,,,,,,,,,,,,,,,,,,,,,,,,,,,,,,,,,,,,,,,,,,,,,,,,,,,,,,,,,,,,,,,,,,,,,,,,,,,,,,,,,,,,,,,,,,,,,,,,,,,,,,,,,,,,,,,,,,,,,,,,,,,,,,,,,,,,,,,,,,,,,,,,,,,,,,,,,,,,,,,,,,,,,,,,,,,,,,,,,,,,,,,,,,,,,,,,,,,,,,,,,,,,,,,,,,,,,,,,,,,,,,,,,,,,,,,,,,,,,,,,,,,,,,,,,,,,,,,,,,,,,,,,,,,,,,,,,,,,,,,
15,hrnn74as,,0,240,240,hashtag_experiment,LastPage,2024-04-17 17:11:01.153576,1,,,8.0,g8k2na6b,,,,,0,0.0,1.0,hashtag_experiment,"[[[30, 31], [32, 33], [34, 35], [36, 38], [37, 39], [40, 42], [41, 43], [44, 46], [45, 47], [48, 50], [1, 49], [2, 4], [3, 5], [6, 7], [8, 10], [9, 11], [12, 13], [14, 15], [16, 17], [18, 19], [20, 21], [22, 23], [24, 25], [26, 27], [28, 29]], [[3, 5], [4, 6], [7, 9], [8, 10], [11, 13], [12, 14], [15, 16], [17, 19], [18, 20], [21, 23], [22, 24], [25, 26], [27, 29], [28, 30], [31, 33], [32, 34], [35, 36], [37, 39], [38, 40], [41, 42], [43, 45], [44, 46], [47, 49], [48, 50], [1, 2]], [[23, 25], [22, 24], [26, 27], [28, 30], [29, 31], [32, 34], [33, 35], [36, 37], [38, 39], [40, 41], [42, 43], [44, 46], [45, 47], [48, 50], [1, 49], [2, 3], [4, 5], [6, 8], [7, 9], [10, 12], [11, 13], [14, 15], [16, 18], [17, 19], [20, 21]], [[3, 5], [4, 6], [7, 8], [9, 10], [11, 12], [13, 15], [14, 16], [17, 19], [18, 20], [21, 23], [22, 24], [25, 27], [26, 28], [29, 31], [30, 32], [33, 34], [35, 37], [36, 38], [39, 41], [40, 42], [43, 44], [45, 46], [47, 49], [48, 50], [1, 2]], [[9, 10], [11, 12], [13, 14], [15, 17], [16, 18], [19, 21], [20, 22], [23, 24], [25, 26], [27, 29], [28, 30], [31, 33], [32, 34], [35, 36], [37, 39], [38, 40], [41, 42], [43, 44], [45, 46], [47, 49], [48, 50], [1, 3], [2, 4], [5, 6], [7, 8]], [[41, 42], [43, 44], [45, 47], [46, 48], [49, 50], [1, 3], [2, 4], [5, 6], [7, 9], [8, 10], [11, 13], [12, 14], [15, 17], [16, 18], [19, 21], [20, 22], [23, 25], [24, 26], [27, 29], [28, 30], [31, 33], [32, 34], [35, 36], [37, 39], [38, 40]], [[16, 17], [18, 19], [20, 22], [21, 23], [24, 25], [26, 28], [27, 29], [30, 31], [32, 33], [34, 35], [36, 38], [37, 39], [40, 41], [42, 44], [43, 45], [46, 47], [48, 50], [1, 49], [2, 4], [3, 5], [6, 7], [8, 10], [9, 11], [12, 14], [13, 15]], [[5, 7], [6, 8], [9, 10], [11, 13], [12, 14], [15, 16], [17, 18], [19, 21], [20, 22], [23, 25], [24, 26], [27, 28], [29, 31], [30, 32], [33, 34], [35, 37], [36, 38], [39, 40], [41, 42], [43, 44], [45, 46], [47, 48], [1, 49], [2, 50], [3, 4]], [[30, 32], [29, 31], [33, 34], [35, 36], [37, 38], [39, 40], [41, 42], [43, 45], [44, 46], [47, 48], [1, 49], [2, 50], [3, 4], [5, 7], [6, 8], [9, 11], [10, 12], [13, 14], [15, 16], [17, 18], [19, 21], [20, 22], [23, 24], [25, 27], [26, 28]], [[44, 46], [43, 45], [47, 49], [48, 50], [1, 2], [3, 4], [5, 6], [7, 8], [9, 10], [11, 13], [12, 14], [15, 17], [16, 18], [19, 20], [21, 22], [23, 25], [24, 26], [27, 28], [29, 31], [30, 32], [33, 34], [35, 37], [36, 38], [39, 40], [41, 42]], [[1, 50], [2, 4], [3, 5], [6, 7], [8, 9], [10, 11], [12, 14], [13, 15], [16, 18], [17, 19], [20, 22], [21, 23], [24, 25], [26, 27], [28, 30], [29, 31], [32, 34], [33, 35], [36, 37], [38, 40], [39, 41], [42, 43], [44, 46], [45, 47], [48, 49]], [[23, 25], [24, 26], [27, 29], [28, 30], [31, 33], [32, 34], [35, 37], [36, 38], [39, 41], [40, 42], [43, 44], [45, 46], [47, 49], [48, 50], [1, 2], [3, 5], [4, 6], [7, 8], [9, 11], [10, 12], [13, 14], [15, 17], [16, 18], [19, 20], [21, 22]], [[26, 28], [27, 29], [30, 31], [32, 34], [33, 35], [36, 37], [38, 39], [40, 42], [41, 43], [44, 45], [46, 47], [48, 49], [1, 50], [2, 3], [4, 5], [6, 7], [8, 9], [10, 11], [12, 14], [13, 15], [16, 18], [17, 19], [20, 21], [22, 23], [24, 25]], [[43, 44], [45, 46], [47, 48], [1, 49], [2, 50], [3, 4], [5, 7], [6, 8], [9, 10], [11, 12], [13, 14], [15, 16], [17, 19], [18, 20], [21, 23], [22, 24], [25, 27], [26, 28], [29, 30], [31, 33], [32, 34], [35, 37], [36, 38], [39, 40], [41, 42]], [[26, 27], [28, 30], [29, 31], [32, 33], [34, 36], [35, 37], [38, 40], [39, 41], [42, 44], [43, 45], [46, 48], [47, 49], [2, 50], [1, 3], [4, 5], [6, 7], [8, 10], [9, 11], [12, 14], [13, 15], [16, 17], [18, 20], [19, 21], [22, 24], [23, 25]], [[25, 27], [26, 28], [29, 30], [31, 32], [33, 35], [34, 36], [37, 39], [38, 40], [41, 43], [42, 44], [45, 47], [46, 48], [1, 49], [2, 50], [3, 4], [5, 7], [6, 8], [9, 11], [10, 12], [13, 14], [15, 16], [17, 18], [19, 20], [21, 23], [22, 24]], [[20, 21], [22, 24], [23, 25], [26, 28], [27, 29], [30, 31], [32, 33], [34, 35], [36, 38], [37, 39], [40, 41], [42, 43], [44, 46], [45, 47], [48, 49], [1, 50], [2, 3], [4, 6], [5, 7], [8, 9], [10, 12], [11, 13], [14, 15], [16, 18], [17, 19]], [[6, 7], [8, 9], [10, 11], [12, 14], [13, 15], [16, 17], [18, 20], [19, 21], [22, 24], [23, 25], [26, 28], [27, 29], [30, 32], [31, 33], [34, 36], [35, 37], [38, 40], [39, 41], [42, 44], [43, 45], [46, 48], [47, 49], [1, 50], [2, 4], [3, 5]], [[41, 43], [40, 42], [44, 45], [46, 48], [47, 49], [1, 50], [2, 4], [3, 5], [6, 8], [7, 9], [10, 12], [11, 13], [14, 16], [15, 17], [18, 19], [20, 22], [21, 23], [24, 25], [26, 28], [27, 29], [30, 31], [32, 34], [33, 35], [36, 38], [37, 39]], [[13, 14], [15, 16], [17, 18], [19, 21], [20, 22], [23, 24], [25, 26], [27, 28], [29, 30], [31, 32], [33, 34], [35, 37], [36, 38], [39, 41], [40, 42], [43, 44], [45, 47], [46, 48], [49, 50], [1, 2], [3, 5], [4, 6], [7, 8], [9, 10], [11, 12]], [[21, 22], [23, 24], [25, 26], [27, 29], [28, 30], [31, 33], [32, 34], [35, 36], [37, 39], [38, 40], [41, 42], [43, 44], [45, 47], [46, 48], [49, 50], [1, 3], [2, 4], [5, 7], [6, 8], [9, 11], [10, 12], [13, 15], [14, 16], [17, 19], [18, 20]], [[12, 14], [13, 15], [16, 18], [17, 19], [20, 22], [21, 23], [24, 26], [25, 27], [28, 30], [29, 31], [32, 34], [33, 35], [36, 38], [37, 39], [40, 42], [41, 43], [44, 46], [45, 47], [48, 50], [1, 49], [2, 4], [3, 5], [6, 8], [7, 9], [10, 11]], [[39, 40], [41, 42], [43, 44], [45, 47], [46, 48], [1, 49], [2, 50], [3, 5], [4, 6], [7, 9], [8, 10], [11, 12], [13, 15], [14, 16], [17, 18], [19, 21], [20, 22], [23, 24], [25, 27], [26, 28], [29, 31], [30, 32], [33, 35], [34, 36], [37, 38]], [[41, 43], [42, 44], [45, 46], [47, 48], [1, 49], [2, 50], [3, 4], [5, 6], [7, 9], [8, 10], [11, 13], [12, 14], [15, 17], [16, 18], [19, 21], [20, 22], [23, 24], [25, 27], [26, 28], [29, 30], [31, 32], [33, 35], [34, 36], [37, 38], [39, 40]], [[43, 45], [46, 47], [48, 49], [2, 50], [1, 3], [4, 6], [5, 7], [8, 10], [9, 11], [12, 13], [14, 16], [15, 17], [18, 20], [19, 21], [22, 23], [24, 25], [26, 27], [28, 29], [30, 32], [31, 33], [34, 35], [36, 37], [38, 40], [39, 41], [42, 44]], [[14, 16], [17, 19], [18, 20], [21, 22], [23, 25], [24, 26], [27, 28], [29, 30], [31, 32], [33, 35], [34, 36], [37, 38], [39, 40], [41, 42], [43, 45], [44, 46], [47, 48], [1, 49], [2, 50], [3, 5], [4, 6], [7, 8], [9, 10], [11, 12], [13, 15]], [[5, 6], [7, 9], [8, 10], [11, 13], [12, 14], [15, 17], [16, 18], [19, 21], [20, 22], [23, 25], [24, 26], [27, 28], [29, 31], [30, 32], [33, 34], [35, 37], [36, 38], [39, 41], [40, 42], [43, 44], [45, 47], [46, 48], [1, 49], [2, 50], [3, 4]], [[18, 19], [20, 22], [21, 23], [24, 25], [26, 28], [27, 29], [30, 32], [31, 33], [34, 36], [35, 37], [38, 40], [39, 41], [42, 44], [43, 45], [46, 48], [47, 49], [2, 50], [1, 3], [4, 5], [6, 8], [7, 9], [10, 12], [11, 13], [14, 16], [15, 17]], [[49, 50], [1, 2], [3, 4], [5, 6], [7, 8], [9, 10], [11, 12], [13, 15], [14, 16], [17, 18], [19, 20], [21, 22], [23, 25], [24, 26], [27, 28], [29, 30], [31, 32], [33, 34], [35, 36], [37, 38], [39, 41], [40, 42], [43, 44], [45, 47], [46, 48]], [[43, 45], [44, 46], [47, 49], [48, 50], [1, 2], [3, 4], [5, 7], [6, 8], [9, 10], [11, 13], [12, 14], [15, 16], [17, 18], [19, 20], [21, 23], [22, 24], [25, 27], [26, 28], [29, 31], [30, 32], [33, 35], [34, 36], [37, 38], [39, 41], [40, 42]], [[7, 8], [9, 10], [11, 13], [12, 14], [15, 17], [16, 18], [19, 21], [20, 22], [23, 24], [25, 27], [26, 28], [29, 31], [30, 32], [33, 34], [35, 36], [37, 39], [38, 40], [41, 43], [42, 44], [45, 46], [47, 49], [48, 50], [1, 2], [3, 4], [5, 6]], [[14, 16], [13, 15], [17, 19], [18, 20], [21, 22], [23, 25], [24, 26], [27, 28], [29, 31], [30, 32], [33, 34], [35, 37], [36, 38], [39, 40], [41, 42], [43, 45], [44, 46], [47, 48], [1, 49], [2, 50], [3, 4], [5, 7], [6, 8], [9, 11], [10, 12]], [[43, 45], [44, 46], [47, 48], [1, 49], [2, 50], [3, 4], [5, 6], [7, 9], [8, 10], [11, 12], [13, 14], [15, 16], [17, 19], [18, 20], [21, 23], [22, 24], [25, 26], [27, 29], [28, 30], [31, 32], [33, 35], [34, 36], [37, 39], [38, 40], [41, 42]], [[14, 15], [16, 17], [18, 19], [20, 21], [22, 24], [23, 25], [26, 27], [28, 29], [30, 32], [31, 33], [34, 36], [35, 37], [38, 39], [40, 42], [41, 43], [44, 45], [46, 47], [48, 49], [2, 50], [1, 3], [4, 5], [6, 8], [7, 9], [10, 12], [11, 13]], [[18, 20], [19, 21], [22, 24], [23, 25], [26, 28], [27, 29], [30, 32], [31, 33], [34, 35], [36, 37], [38, 40], [39, 41], [42, 44], [43, 45], [46, 47], [48, 49], [2, 50], [1, 3], [4, 6], [5, 7], [8, 10], [9, 11], [12, 13], [14, 16], [15, 17]], [[40, 41], [42, 43], [44, 45], [46, 48], [47, 49], [1, 50], [2, 3], [4, 5], [6, 7], [8, 10], [9, 11], [12, 13], [14, 15], [16, 17], [18, 20], [19, 21], [22, 24], [23, 25], [26, 28], [27, 29], [30, 31], [32, 34], [33, 35], [36, 37], [38, 39]], [[43, 45], [46, 47], [48, 50], [1, 49], [2, 4], [3, 5], [6, 7], [8, 10], [9, 11], [12, 14], [13, 15], [16, 18], [17, 19], [20, 22], [21, 23], [24, 25], [26, 27], [28, 30], [29, 31], [32, 33], [34, 35], [36, 38], [37, 39], [40, 41], [42, 44]], [[41, 43], [44, 45], [46, 47], [48, 49], [2, 50], [1, 3], [4, 6], [5, 7], [8, 9], [10, 12], [11, 13], [14, 15], [16, 18], [17, 19], [20, 22], [21, 23], [24, 25], [26, 28], [27, 29], [30, 31], [32, 34], [33, 35], [36, 38], [37, 39], [40, 42]], [[2, 3], [4, 5], [6, 7], [8, 9], [10, 11], [12, 14], [13, 15], [16, 17], [18, 20], [19, 21], [22, 23], [24, 25], [26, 27], [28, 30], [29, 31], [32, 34], [33, 35], [36, 38], [37, 39], [40, 41], [42, 44], [43, 45], [46, 48], [47, 49], [1, 50]], [[11, 12], [13, 14], [15, 17], [16, 18], [19, 21], [20, 22], [23, 24], [25, 27], [26, 28], [29, 30], [31, 32], [33, 35], [34, 36], [37, 38], [39, 41], [40, 42], [43, 44], [45, 46], [47, 48], [1, 49], [2, 50], [3, 5], [4, 6], [7, 9], [8, 10]]]",,2,,0.0,35196,Nuclear,18,1,1,,0.0,35196,Tsunami,7,2,2,,0.0,35196,California,22,3,2,,0.0,35196,Power,6,4,1,,0.0,35196,,4,5,1,,0.0,35196,earthquake,13,6,2,,0.0,35196,Powerplant,25,7,1,,0.0,35196,disaster,6,8,1,,0.0,35196,radiation,19,9,1,,0.0,35196,radiation,12,10,2,,0.0,35196,displacement,8,11,1,,0.0,35196,Displacement,22,12,2,,0.0,35196,nuclear,20,13,1,,0.0,35196,nuclear,12,14,2,,0.0,35196,Tsunami,20,15,1,,0.0,35196,Radiation,21,16,2,,0.0,35196,Nuclear,23,17,2,,0.0,35196,tsunami,5,18,1,,0.0,35196,tsunami,14,19,1,,0.0,35196,tsunami,2,20,2,,0.0,35196,meltdown,22,21,2,,0.0,35196,meltdown,2,22,2,,0.0,35196,tsunami,13,23,1,,0.0,35196,tsunami,13,24,1,,0.0,35196,meltdown,12,25,2,,0.0,35196,tsunami,25,26,1,,0.0,35196,tsunami,6,27,1,,1.0,35196,tsunami,25,28,2,,0.0,35196,tsunami,8,29,1,,0.0,35196,earthquake,12,30,1,,1.0,35196,tsunami,5,31,2,,0.0,35196,tsunami,2,32,1,,1.0,35196,tsunami,12,33,2,,1.0,35196,tsunami,1,34,1,,1.0,35196,tsunami,25,35,2,,1.0,35196,tsunami,13,36,2,,0.0,35196,tsunami,11,37,2,,1.0,35196,tsunami,12,38,2,,0.0,35196,tsunami,7,39,1,,1.0,35196,tsunami,3,40,,,,,,,,,,,,,,,,,,,,,,,,,,,,,,,,,,,,,,,,,,,,,,,,,,,,,,,,,,,,,,,,,,,,,,,,,,,,,,,,,,,,,,,,,,,,,,,,,,,,,,,,,,,,,,,,,,,,,,,,,,,,,,,,,,,,,,,,,,,,,,,,,,,,,,,,,,,,,,,,,,,,,,,,,,,,,,,,,,,,,,,,,,,,,,,,,,,,,,,,,,,,,,,,,,,,,,,,,,,,,,,,,,,,,,,,,,,,,,,,,,,,,,,,,,,,,,,,,,,,,,,,,,,,,,,,,,,,,,,,,,,,,,,,,,,,,,,,,,,,,,,,,,,,,,,,,,,,,,,,,,,,,,,,,,,,,,,,,,,,,,,,,,,,,,,,,,,,,,,,,,,,,,,,,,,,,,,,,,,,,,,,,,,,,,,,,,,,,,,,,,,,,,,,,,,,,,,,,,,,,,,,,,,,,,,,,,,,,,,,,,,,,,,,,,,,,,,,,,,,,,,,,,,,,,,,,,,,,,,,,,,,,,,,,,,,,,,,,,,,,,,,,,,,,,,,,,,,,,,,,,,,,,,,,,,,,,,,,,,,,,,,,,,,,,,,,,,,,,,,,,,,,,,,,,,,,,,,,,,,,,,,,,,,,,,,,,,,,,,,,,,,,,,,,,,,,,,,,,,,,,,,,,,,,,,,,,,,,,,,,,,,,,,,,,,,,,,,,,,,,,,,,,,,,,,,,,,,,,,,,,,,,,,,,,,,,,,,,,,,,,,,,,,,,,,,,,,,,,,,,,,,,,,,,,,,,,,,,,,,,,,,,,,,,,,,,,,,,,,,,,,,,,,,,,,,,,,,,,,,,,,,,,,,,,,,,,,,,,,,,,,,,,,,,,,,,,,,,,,,,,,,,,,,,,,,,,,,,,,,,,,,,,,,,,,,,,,,,,,,,,,,,,,,,,,,,,,,,,,,,,,,,,,,,,,,,,,,,,,,,,,,,,,,,,,,,,,,,,,,,,,,,,,,,,,,,,,,,,,,,,,,,,,,,,,,,,,,,,,,,,,,,,,,,,,,,,,,,,,,,,,,,,,,,,,,,,,,,,,,,,,,,,,,,,,,,,,,,,,,,,,,,,,,,,,,,,,,,,,,,,,,,,,,,,,,,,,,,,,,,,,,,,,,,,,,,,,,,,,,,,,,,,,,,,,,,,,,,,,,,,,,,,,,,,,,,,,,,,,,,,,,,,,,,,,,,,,,,,,,,,,,,,,,,,,,,,,,,,,,,,,,,,,,,,
16,2ozatu5j,,0,240,240,hashtag_experiment,LastPage,2024-04-17 17:11:16.567612,1,,,18.0,g8k2na6b,,,,,0,0.0,1.0,hashtag_experiment,"[[[30, 31], [32, 33], [34, 35], [36, 38], [37, 39], [40, 42], [41, 43], [44, 46], [45, 47], [48, 50], [1, 49], [2, 4], [3, 5], [6, 7], [8, 10], [9, 11], [12, 13], [14, 15], [16, 17], [18, 19], [20, 21], [22, 23], [24, 25], [26, 27], [28, 29]], [[3, 5], [4, 6], [7, 9], [8, 10], [11, 13], [12, 14], [15, 16], [17, 19], [18, 20], [21, 23], [22, 24], [25, 26], [27, 29], [28, 30], [31, 33], [32, 34], [35, 36], [37, 39], [38, 40], [41, 42], [43, 45], [44, 46], [47, 49], [48, 50], [1, 2]], [[23, 25], [22, 24], [26, 27], [28, 30], [29, 31], [32, 34], [33, 35], [36, 37], [38, 39], [40, 41], [42, 43], [44, 46], [45, 47], [48, 50], [1, 49], [2, 3], [4, 5], [6, 8], [7, 9], [10, 12], [11, 13], [14, 15], [16, 18], [17, 19], [20, 21]], [[3, 5], [4, 6], [7, 8], [9, 10], [11, 12], [13, 15], [14, 16], [17, 19], [18, 20], [21, 23], [22, 24], [25, 27], [26, 28], [29, 31], [30, 32], [33, 34], [35, 37], [36, 38], [39, 41], [40, 42], [43, 44], [45, 46], [47, 49], [48, 50], [1, 2]], [[9, 10], [11, 12], [13, 14], [15, 17], [16, 18], [19, 21], [20, 22], [23, 24], [25, 26], [27, 29], [28, 30], [31, 33], [32, 34], [35, 36], [37, 39], [38, 40], [41, 42], [43, 44], [45, 46], [47, 49], [48, 50], [1, 3], [2, 4], [5, 6], [7, 8]], [[41, 42], [43, 44], [45, 47], [46, 48], [49, 50], [1, 3], [2, 4], [5, 6], [7, 9], [8, 10], [11, 13], [12, 14], [15, 17], [16, 18], [19, 21], [20, 22], [23, 25], [24, 26], [27, 29], [28, 30], [31, 33], [32, 34], [35, 36], [37, 39], [38, 40]], [[16, 17], [18, 19], [20, 22], [21, 23], [24, 25], [26, 28], [27, 29], [30, 31], [32, 33], [34, 35], [36, 38], [37, 39], [40, 41], [42, 44], [43, 45], [46, 47], [48, 50], [1, 49], [2, 4], [3, 5], [6, 7], [8, 10], [9, 11], [12, 14], [13, 15]], [[5, 7], [6, 8], [9, 10], [11, 13], [12, 14], [15, 16], [17, 18], [19, 21], [20, 22], [23, 25], [24, 26], [27, 28], [29, 31], [30, 32], [33, 34], [35, 37], [36, 38], [39, 40], [41, 42], [43, 44], [45, 46], [47, 48], [1, 49], [2, 50], [3, 4]], [[30, 32], [29, 31], [33, 34], [35, 36], [37, 38], [39, 40], [41, 42], [43, 45], [44, 46], [47, 48], [1, 49], [2, 50], [3, 4], [5, 7], [6, 8], [9, 11], [10, 12], [13, 14], [15, 16], [17, 18], [19, 21], [20, 22], [23, 24], [25, 27], [26, 28]], [[44, 46], [43, 45], [47, 49], [48, 50], [1, 2], [3, 4], [5, 6], [7, 8], [9, 10], [11, 13], [12, 14], [15, 17], [16, 18], [19, 20], [21, 22], [23, 25], [24, 26], [27, 28], [29, 31], [30, 32], [33, 34], [35, 37], [36, 38], [39, 40], [41, 42]], [[1, 50], [2, 4], [3, 5], [6, 7], [8, 9], [10, 11], [12, 14], [13, 15], [16, 18], [17, 19], [20, 22], [21, 23], [24, 25], [26, 27], [28, 30], [29, 31], [32, 34], [33, 35], [36, 37], [38, 40], [39, 41], [42, 43], [44, 46], [45, 47], [48, 49]], [[23, 25], [24, 26], [27, 29], [28, 30], [31, 33], [32, 34], [35, 37], [36, 38], [39, 41], [40, 42], [43, 44], [45, 46], [47, 49], [48, 50], [1, 2], [3, 5], [4, 6], [7, 8], [9, 11], [10, 12], [13, 14], [15, 17], [16, 18], [19, 20], [21, 22]], [[26, 28], [27, 29], [30, 31], [32, 34], [33, 35], [36, 37], [38, 39], [40, 42], [41, 43], [44, 45], [46, 47], [48, 49], [1, 50], [2, 3], [4, 5], [6, 7], [8, 9], [10, 11], [12, 14], [13, 15], [16, 18], [17, 19], [20, 21], [22, 23], [24, 25]], [[43, 44], [45, 46], [47, 48], [1, 49], [2, 50], [3, 4], [5, 7], [6, 8], [9, 10], [11, 12], [13, 14], [15, 16], [17, 19], [18, 20], [21, 23], [22, 24], [25, 27], [26, 28], [29, 30], [31, 33], [32, 34], [35, 37], [36, 38], [39, 40], [41, 42]], [[26, 27], [28, 30], [29, 31], [32, 33], [34, 36], [35, 37], [38, 40], [39, 41], [42, 44], [43, 45], [46, 48], [47, 49], [2, 50], [1, 3], [4, 5], [6, 7], [8, 10], [9, 11], [12, 14], [13, 15], [16, 17], [18, 20], [19, 21], [22, 24], [23, 25]], [[25, 27], [26, 28], [29, 30], [31, 32], [33, 35], [34, 36], [37, 39], [38, 40], [41, 43], [42, 44], [45, 47], [46, 48], [1, 49], [2, 50], [3, 4], [5, 7], [6, 8], [9, 11], [10, 12], [13, 14], [15, 16], [17, 18], [19, 20], [21, 23], [22, 24]], [[20, 21], [22, 24], [23, 25], [26, 28], [27, 29], [30, 31], [32, 33], [34, 35], [36, 38], [37, 39], [40, 41], [42, 43], [44, 46], [45, 47], [48, 49], [1, 50], [2, 3], [4, 6], [5, 7], [8, 9], [10, 12], [11, 13], [14, 15], [16, 18], [17, 19]], [[6, 7], [8, 9], [10, 11], [12, 14], [13, 15], [16, 17], [18, 20], [19, 21], [22, 24], [23, 25], [26, 28], [27, 29], [30, 32], [31, 33], [34, 36], [35, 37], [38, 40], [39, 41], [42, 44], [43, 45], [46, 48], [47, 49], [1, 50], [2, 4], [3, 5]], [[41, 43], [40, 42], [44, 45], [46, 48], [47, 49], [1, 50], [2, 4], [3, 5], [6, 8], [7, 9], [10, 12], [11, 13], [14, 16], [15, 17], [18, 19], [20, 22], [21, 23], [24, 25], [26, 28], [27, 29], [30, 31], [32, 34], [33, 35], [36, 38], [37, 39]], [[13, 14], [15, 16], [17, 18], [19, 21], [20, 22], [23, 24], [25, 26], [27, 28], [29, 30], [31, 32], [33, 34], [35, 37], [36, 38], [39, 41], [40, 42], [43, 44], [45, 47], [46, 48], [49, 50], [1, 2], [3, 5], [4, 6], [7, 8], [9, 10], [11, 12]], [[21, 22], [23, 24], [25, 26], [27, 29], [28, 30], [31, 33], [32, 34], [35, 36], [37, 39], [38, 40], [41, 42], [43, 44], [45, 47], [46, 48], [49, 50], [1, 3], [2, 4], [5, 7], [6, 8], [9, 11], [10, 12], [13, 15], [14, 16], [17, 19], [18, 20]], [[12, 14], [13, 15], [16, 18], [17, 19], [20, 22], [21, 23], [24, 26], [25, 27], [28, 30], [29, 31], [32, 34], [33, 35], [36, 38], [37, 39], [40, 42], [41, 43], [44, 46], [45, 47], [48, 50], [1, 49], [2, 4], [3, 5], [6, 8], [7, 9], [10, 11]], [[39, 40], [41, 42], [43, 44], [45, 47], [46, 48], [1, 49], [2, 50], [3, 5], [4, 6], [7, 9], [8, 10], [11, 12], [13, 15], [14, 16], [17, 18], [19, 21], [20, 22], [23, 24], [25, 27], [26, 28], [29, 31], [30, 32], [33, 35], [34, 36], [37, 38]], [[41, 43], [42, 44], [45, 46], [47, 48], [1, 49], [2, 50], [3, 4], [5, 6], [7, 9], [8, 10], [11, 13], [12, 14], [15, 17], [16, 18], [19, 21], [20, 22], [23, 24], [25, 27], [26, 28], [29, 30], [31, 32], [33, 35], [34, 36], [37, 38], [39, 40]], [[43, 45], [46, 47], [48, 49], [2, 50], [1, 3], [4, 6], [5, 7], [8, 10], [9, 11], [12, 13], [14, 16], [15, 17], [18, 20], [19, 21], [22, 23], [24, 25], [26, 27], [28, 29], [30, 32], [31, 33], [34, 35], [36, 37], [38, 40], [39, 41], [42, 44]], [[14, 16], [17, 19], [18, 20], [21, 22], [23, 25], [24, 26], [27, 28], [29, 30], [31, 32], [33, 35], [34, 36], [37, 38], [39, 40], [41, 42], [43, 45], [44, 46], [47, 48], [1, 49], [2, 50], [3, 5], [4, 6], [7, 8], [9, 10], [11, 12], [13, 15]], [[5, 6], [7, 9], [8, 10], [11, 13], [12, 14], [15, 17], [16, 18], [19, 21], [20, 22], [23, 25], [24, 26], [27, 28], [29, 31], [30, 32], [33, 34], [35, 37], [36, 38], [39, 41], [40, 42], [43, 44], [45, 47], [46, 48], [1, 49], [2, 50], [3, 4]], [[18, 19], [20, 22], [21, 23], [24, 25], [26, 28], [27, 29], [30, 32], [31, 33], [34, 36], [35, 37], [38, 40], [39, 41], [42, 44], [43, 45], [46, 48], [47, 49], [2, 50], [1, 3], [4, 5], [6, 8], [7, 9], [10, 12], [11, 13], [14, 16], [15, 17]], [[49, 50], [1, 2], [3, 4], [5, 6], [7, 8], [9, 10], [11, 12], [13, 15], [14, 16], [17, 18], [19, 20], [21, 22], [23, 25], [24, 26], [27, 28], [29, 30], [31, 32], [33, 34], [35, 36], [37, 38], [39, 41], [40, 42], [43, 44], [45, 47], [46, 48]], [[43, 45], [44, 46], [47, 49], [48, 50], [1, 2], [3, 4], [5, 7], [6, 8], [9, 10], [11, 13], [12, 14], [15, 16], [17, 18], [19, 20], [21, 23], [22, 24], [25, 27], [26, 28], [29, 31], [30, 32], [33, 35], [34, 36], [37, 38], [39, 41], [40, 42]], [[7, 8], [9, 10], [11, 13], [12, 14], [15, 17], [16, 18], [19, 21], [20, 22], [23, 24], [25, 27], [26, 28], [29, 31], [30, 32], [33, 34], [35, 36], [37, 39], [38, 40], [41, 43], [42, 44], [45, 46], [47, 49], [48, 50], [1, 2], [3, 4], [5, 6]], [[14, 16], [13, 15], [17, 19], [18, 20], [21, 22], [23, 25], [24, 26], [27, 28], [29, 31], [30, 32], [33, 34], [35, 37], [36, 38], [39, 40], [41, 42], [43, 45], [44, 46], [47, 48], [1, 49], [2, 50], [3, 4], [5, 7], [6, 8], [9, 11], [10, 12]], [[43, 45], [44, 46], [47, 48], [1, 49], [2, 50], [3, 4], [5, 6], [7, 9], [8, 10], [11, 12], [13, 14], [15, 16], [17, 19], [18, 20], [21, 23], [22, 24], [25, 26], [27, 29], [28, 30], [31, 32], [33, 35], [34, 36], [37, 39], [38, 40], [41, 42]], [[14, 15], [16, 17], [18, 19], [20, 21], [22, 24], [23, 25], [26, 27], [28, 29], [30, 32], [31, 33], [34, 36], [35, 37], [38, 39], [40, 42], [41, 43], [44, 45], [46, 47], [48, 49], [2, 50], [1, 3], [4, 5], [6, 8], [7, 9], [10, 12], [11, 13]], [[18, 20], [19, 21], [22, 24], [23, 25], [26, 28], [27, 29], [30, 32], [31, 33], [34, 35], [36, 37], [38, 40], [39, 41], [42, 44], [43, 45], [46, 47], [48, 49], [2, 50], [1, 3], [4, 6], [5, 7], [8, 10], [9, 11], [12, 13], [14, 16], [15, 17]], [[40, 41], [42, 43], [44, 45], [46, 48], [47, 49], [1, 50], [2, 3], [4, 5], [6, 7], [8, 10], [9, 11], [12, 13], [14, 15], [16, 17], [18, 20], [19, 21], [22, 24], [23, 25], [26, 28], [27, 29], [30, 31], [32, 34], [33, 35], [36, 37], [38, 39]], [[43, 45], [46, 47], [48, 50], [1, 49], [2, 4], [3, 5], [6, 7], [8, 10], [9, 11], [12, 14], [13, 15], [16, 18], [17, 19], [20, 22], [21, 23], [24, 25], [26, 27], [28, 30], [29, 31], [32, 33], [34, 35], [36, 38], [37, 39], [40, 41], [42, 44]], [[41, 43], [44, 45], [46, 47], [48, 49], [2, 50], [1, 3], [4, 6], [5, 7], [8, 9], [10, 12], [11, 13], [14, 15], [16, 18], [17, 19], [20, 22], [21, 23], [24, 25], [26, 28], [27, 29], [30, 31], [32, 34], [33, 35], [36, 38], [37, 39], [40, 42]], [[2, 3], [4, 5], [6, 7], [8, 9], [10, 11], [12, 14], [13, 15], [16, 17], [18, 20], [19, 21], [22, 23], [24, 25], [26, 27], [28, 30], [29, 31], [32, 34], [33, 35], [36, 38], [37, 39], [40, 41], [42, 44], [43, 45], [46, 48], [47, 49], [1, 50]], [[11, 12], [13, 14], [15, 17], [16, 18], [19, 21], [20, 22], [23, 24], [25, 27], [26, 28], [29, 30], [31, 32], [33, 35], [34, 36], [37, 38], [39, 41], [40, 42], [43, 44], [45, 46], [47, 48], [1, 49], [2, 50], [3, 5], [4, 6], [7, 9], [8, 10]]]",,1,,0.0,71564,Meltdown,19,1,2,,0.0,71564,Radiation,7,2,1,,0.0,71564,Setsudan,23,3,2,,0.0,71564,Contamination,7,4,1,,0.0,71564,EvacuationZone,5,5,1,,0.0,71564,Radiation,14,6,1,,0.0,71564,Meltdown,1,7,2,,0.0,71564,Contamination,6,8,2,,0.0,71564,disaster,19,9,1,,1.0,71564,disaster,13,10,1,,0.0,71564,disaster,9,11,1,,0.0,71564,earthquake,23,12,1,,0.0,71564,earthquake,21,13,2,,0.0,71564,radiation,12,14,1,,0.0,71564,nuclear,21,15,2,,0.0,71564,meltdown,21,16,1,,0.0,71564,radiation,24,17,1,,1.0,71564,nuclear,6,18,2,,0.0,71564,earthquake,13,19,2,,0.0,71564,meltdown,2,20,2,,1.0,71564,tsunami,23,21,1,,0.0,71564,radiation,3,22,2,,0.0,71564,earthquake,14,23,1,,1.0,71564,earthquake,14,24,2,,1.0,71564,tsunami,11,25,2,,0.0,71564,earthquake,1,26,1,,1.0,71564,earthquake,7,27,2,,1.0,71564,tsunami,24,28,2,,1.0,71564,tsunami,9,29,2,,0.0,71564,tsunami,12,30,1,,1.0,71564,tsunami,6,31,2,,1.0,71564,tsunami,1,32,2,,1.0,71564,tsunami,12,33,1,,1.0,71564,tsunami,2,34,2,,1.0,71564,tsunami,24,35,1,,1.0,71564,tsunami,14,36,1,,1.0,71564,tsunami,12,37,1,,1.0,71564,tsunami,13,38,1,,1.0,71564,tsunami,8,39,1,,1.0,71564,tsunami,4,40,,,,,,,,,,,,,,,,,,,,,,,,,,,,,,,,,,,,,,,,,,,,,,,,,,,,,,,,,,,,,,,,,,,,,,,,,,,,,,,,,,,,,,,,,,,,,,,,,,,,,,,,,,,,,,,,,,,,,,,,,,,,,,,,,,,,,,,,,,,,,,,,,,,,,,,,,,,,,,,,,,,,,,,,,,,,,,,,,,,,,,,,,,,,,,,,,,,,,,,,,,,,,,,,,,,,,,,,,,,,,,,,,,,,,,,,,,,,,,,,,,,,,,,,,,,,,,,,,,,,,,,,,,,,,,,,,,,,,,,,,,,,,,,,,,,,,,,,,,,,,,,,,,,,,,,,,,,,,,,,,,,,,,,,,,,,,,,,,,,,,,,,,,,,,,,,,,,,,,,,,,,,,,,,,,,,,,,,,,,,,,,,,,,,,,,,,,,,,,,,,,,,,,,,,,,,,,,,,,,,,,,,,,,,,,,,,,,,,,,,,,,,,,,,,,,,,,,,,,,,,,,,,,,,,,,,,,,,,,,,,,,,,,,,,,,,,,,,,,,,,,,,,,,,,,,,,,,,,,,,,,,,,,,,,,,,,,,,,,,,,,,,,,,,,,,,,,,,,,,,,,,,,,,,,,,,,,,,,,,,,,,,,,,,,,,,,,,,,,,,,,,,,,,,,,,,,,,,,,,,,,,,,,,,,,,,,,,,,,,,,,,,,,,,,,,,,,,,,,,,,,,,,,,,,,,,,,,,,,,,,,,,,,,,,,,,,,,,,,,,,,,,,,,,,,,,,,,,,,,,,,,,,,,,,,,,,,,,,,,,,,,,,,,,,,,,,,,,,,,,,,,,,,,,,,,,,,,,,,,,,,,,,,,,,,,,,,,,,,,,,,,,,,,,,,,,,,,,,,,,,,,,,,,,,,,,,,,,,,,,,,,,,,,,,,,,,,,,,,,,,,,,,,,,,,,,,,,,,,,,,,,,,,,,,,,,,,,,,,,,,,,,,,,,,,,,,,,,,,,,,,,,,,,,,,,,,,,,,,,,,,,,,,,,,,,,,,,,,,,,,,,,,,,,,,,,,,,,,,,,,,,,,,,,,,,,,,,,,,,,,,,,,,,,,,,,,,,,,,,,,,,,,,,,,,,,,,,,,,,,,,,,,,,,,,,,,,,,,,,,,,,,,,,,,,,,,,,,,,,,,,,,,,,,,,,,,,,,,,,,,,,,,,,,,,,,,,,,,,,,,,,,,,,,,,,,,,,,,,,,,,,,,,,,,,,,,,,,,,,,,,,,,,,,,,
17,h67h4lb8,,0,240,240,hashtag_experiment,LastPage,2024-04-17 17:11:20.980908,1,,,15.0,g8k2na6b,,,,,0,0.0,1.0,hashtag_experiment,"[[[30, 31], [32, 33], [34, 35], [36, 38], [37, 39], [40, 42], [41, 43], [44, 46], [45, 47], [48, 50], [1, 49], [2, 4], [3, 5], [6, 7], [8, 10], [9, 11], [12, 13], [14, 15], [16, 17], [18, 19], [20, 21], [22, 23], [24, 25], [26, 27], [28, 29]], [[3, 5], [4, 6], [7, 9], [8, 10], [11, 13], [12, 14], [15, 16], [17, 19], [18, 20], [21, 23], [22, 24], [25, 26], [27, 29], [28, 30], [31, 33], [32, 34], [35, 36], [37, 39], [38, 40], [41, 42], [43, 45], [44, 46], [47, 49], [48, 50], [1, 2]], [[23, 25], [22, 24], [26, 27], [28, 30], [29, 31], [32, 34], [33, 35], [36, 37], [38, 39], [40, 41], [42, 43], [44, 46], [45, 47], [48, 50], [1, 49], [2, 3], [4, 5], [6, 8], [7, 9], [10, 12], [11, 13], [14, 15], [16, 18], [17, 19], [20, 21]], [[3, 5], [4, 6], [7, 8], [9, 10], [11, 12], [13, 15], [14, 16], [17, 19], [18, 20], [21, 23], [22, 24], [25, 27], [26, 28], [29, 31], [30, 32], [33, 34], [35, 37], [36, 38], [39, 41], [40, 42], [43, 44], [45, 46], [47, 49], [48, 50], [1, 2]], [[9, 10], [11, 12], [13, 14], [15, 17], [16, 18], [19, 21], [20, 22], [23, 24], [25, 26], [27, 29], [28, 30], [31, 33], [32, 34], [35, 36], [37, 39], [38, 40], [41, 42], [43, 44], [45, 46], [47, 49], [48, 50], [1, 3], [2, 4], [5, 6], [7, 8]], [[41, 42], [43, 44], [45, 47], [46, 48], [49, 50], [1, 3], [2, 4], [5, 6], [7, 9], [8, 10], [11, 13], [12, 14], [15, 17], [16, 18], [19, 21], [20, 22], [23, 25], [24, 26], [27, 29], [28, 30], [31, 33], [32, 34], [35, 36], [37, 39], [38, 40]], [[16, 17], [18, 19], [20, 22], [21, 23], [24, 25], [26, 28], [27, 29], [30, 31], [32, 33], [34, 35], [36, 38], [37, 39], [40, 41], [42, 44], [43, 45], [46, 47], [48, 50], [1, 49], [2, 4], [3, 5], [6, 7], [8, 10], [9, 11], [12, 14], [13, 15]], [[5, 7], [6, 8], [9, 10], [11, 13], [12, 14], [15, 16], [17, 18], [19, 21], [20, 22], [23, 25], [24, 26], [27, 28], [29, 31], [30, 32], [33, 34], [35, 37], [36, 38], [39, 40], [41, 42], [43, 44], [45, 46], [47, 48], [1, 49], [2, 50], [3, 4]], [[30, 32], [29, 31], [33, 34], [35, 36], [37, 38], [39, 40], [41, 42], [43, 45], [44, 46], [47, 48], [1, 49], [2, 50], [3, 4], [5, 7], [6, 8], [9, 11], [10, 12], [13, 14], [15, 16], [17, 18], [19, 21], [20, 22], [23, 24], [25, 27], [26, 28]], [[44, 46], [43, 45], [47, 49], [48, 50], [1, 2], [3, 4], [5, 6], [7, 8], [9, 10], [11, 13], [12, 14], [15, 17], [16, 18], [19, 20], [21, 22], [23, 25], [24, 26], [27, 28], [29, 31], [30, 32], [33, 34], [35, 37], [36, 38], [39, 40], [41, 42]], [[1, 50], [2, 4], [3, 5], [6, 7], [8, 9], [10, 11], [12, 14], [13, 15], [16, 18], [17, 19], [20, 22], [21, 23], [24, 25], [26, 27], [28, 30], [29, 31], [32, 34], [33, 35], [36, 37], [38, 40], [39, 41], [42, 43], [44, 46], [45, 47], [48, 49]], [[23, 25], [24, 26], [27, 29], [28, 30], [31, 33], [32, 34], [35, 37], [36, 38], [39, 41], [40, 42], [43, 44], [45, 46], [47, 49], [48, 50], [1, 2], [3, 5], [4, 6], [7, 8], [9, 11], [10, 12], [13, 14], [15, 17], [16, 18], [19, 20], [21, 22]], [[26, 28], [27, 29], [30, 31], [32, 34], [33, 35], [36, 37], [38, 39], [40, 42], [41, 43], [44, 45], [46, 47], [48, 49], [1, 50], [2, 3], [4, 5], [6, 7], [8, 9], [10, 11], [12, 14], [13, 15], [16, 18], [17, 19], [20, 21], [22, 23], [24, 25]], [[43, 44], [45, 46], [47, 48], [1, 49], [2, 50], [3, 4], [5, 7], [6, 8], [9, 10], [11, 12], [13, 14], [15, 16], [17, 19], [18, 20], [21, 23], [22, 24], [25, 27], [26, 28], [29, 30], [31, 33], [32, 34], [35, 37], [36, 38], [39, 40], [41, 42]], [[26, 27], [28, 30], [29, 31], [32, 33], [34, 36], [35, 37], [38, 40], [39, 41], [42, 44], [43, 45], [46, 48], [47, 49], [2, 50], [1, 3], [4, 5], [6, 7], [8, 10], [9, 11], [12, 14], [13, 15], [16, 17], [18, 20], [19, 21], [22, 24], [23, 25]], [[25, 27], [26, 28], [29, 30], [31, 32], [33, 35], [34, 36], [37, 39], [38, 40], [41, 43], [42, 44], [45, 47], [46, 48], [1, 49], [2, 50], [3, 4], [5, 7], [6, 8], [9, 11], [10, 12], [13, 14], [15, 16], [17, 18], [19, 20], [21, 23], [22, 24]], [[20, 21], [22, 24], [23, 25], [26, 28], [27, 29], [30, 31], [32, 33], [34, 35], [36, 38], [37, 39], [40, 41], [42, 43], [44, 46], [45, 47], [48, 49], [1, 50], [2, 3], [4, 6], [5, 7], [8, 9], [10, 12], [11, 13], [14, 15], [16, 18], [17, 19]], [[6, 7], [8, 9], [10, 11], [12, 14], [13, 15], [16, 17], [18, 20], [19, 21], [22, 24], [23, 25], [26, 28], [27, 29], [30, 32], [31, 33], [34, 36], [35, 37], [38, 40], [39, 41], [42, 44], [43, 45], [46, 48], [47, 49], [1, 50], [2, 4], [3, 5]], [[41, 43], [40, 42], [44, 45], [46, 48], [47, 49], [1, 50], [2, 4], [3, 5], [6, 8], [7, 9], [10, 12], [11, 13], [14, 16], [15, 17], [18, 19], [20, 22], [21, 23], [24, 25], [26, 28], [27, 29], [30, 31], [32, 34], [33, 35], [36, 38], [37, 39]], [[13, 14], [15, 16], [17, 18], [19, 21], [20, 22], [23, 24], [25, 26], [27, 28], [29, 30], [31, 32], [33, 34], [35, 37], [36, 38], [39, 41], [40, 42], [43, 44], [45, 47], [46, 48], [49, 50], [1, 2], [3, 5], [4, 6], [7, 8], [9, 10], [11, 12]], [[21, 22], [23, 24], [25, 26], [27, 29], [28, 30], [31, 33], [32, 34], [35, 36], [37, 39], [38, 40], [41, 42], [43, 44], [45, 47], [46, 48], [49, 50], [1, 3], [2, 4], [5, 7], [6, 8], [9, 11], [10, 12], [13, 15], [14, 16], [17, 19], [18, 20]], [[12, 14], [13, 15], [16, 18], [17, 19], [20, 22], [21, 23], [24, 26], [25, 27], [28, 30], [29, 31], [32, 34], [33, 35], [36, 38], [37, 39], [40, 42], [41, 43], [44, 46], [45, 47], [48, 50], [1, 49], [2, 4], [3, 5], [6, 8], [7, 9], [10, 11]], [[39, 40], [41, 42], [43, 44], [45, 47], [46, 48], [1, 49], [2, 50], [3, 5], [4, 6], [7, 9], [8, 10], [11, 12], [13, 15], [14, 16], [17, 18], [19, 21], [20, 22], [23, 24], [25, 27], [26, 28], [29, 31], [30, 32], [33, 35], [34, 36], [37, 38]], [[41, 43], [42, 44], [45, 46], [47, 48], [1, 49], [2, 50], [3, 4], [5, 6], [7, 9], [8, 10], [11, 13], [12, 14], [15, 17], [16, 18], [19, 21], [20, 22], [23, 24], [25, 27], [26, 28], [29, 30], [31, 32], [33, 35], [34, 36], [37, 38], [39, 40]], [[43, 45], [46, 47], [48, 49], [2, 50], [1, 3], [4, 6], [5, 7], [8, 10], [9, 11], [12, 13], [14, 16], [15, 17], [18, 20], [19, 21], [22, 23], [24, 25], [26, 27], [28, 29], [30, 32], [31, 33], [34, 35], [36, 37], [38, 40], [39, 41], [42, 44]], [[14, 16], [17, 19], [18, 20], [21, 22], [23, 25], [24, 26], [27, 28], [29, 30], [31, 32], [33, 35], [34, 36], [37, 38], [39, 40], [41, 42], [43, 45], [44, 46], [47, 48], [1, 49], [2, 50], [3, 5], [4, 6], [7, 8], [9, 10], [11, 12], [13, 15]], [[5, 6], [7, 9], [8, 10], [11, 13], [12, 14], [15, 17], [16, 18], [19, 21], [20, 22], [23, 25], [24, 26], [27, 28], [29, 31], [30, 32], [33, 34], [35, 37], [36, 38], [39, 41], [40, 42], [43, 44], [45, 47], [46, 48], [1, 49], [2, 50], [3, 4]], [[18, 19], [20, 22], [21, 23], [24, 25], [26, 28], [27, 29], [30, 32], [31, 33], [34, 36], [35, 37], [38, 40], [39, 41], [42, 44], [43, 45], [46, 48], [47, 49], [2, 50], [1, 3], [4, 5], [6, 8], [7, 9], [10, 12], [11, 13], [14, 16], [15, 17]], [[49, 50], [1, 2], [3, 4], [5, 6], [7, 8], [9, 10], [11, 12], [13, 15], [14, 16], [17, 18], [19, 20], [21, 22], [23, 25], [24, 26], [27, 28], [29, 30], [31, 32], [33, 34], [35, 36], [37, 38], [39, 41], [40, 42], [43, 44], [45, 47], [46, 48]], [[43, 45], [44, 46], [47, 49], [48, 50], [1, 2], [3, 4], [5, 7], [6, 8], [9, 10], [11, 13], [12, 14], [15, 16], [17, 18], [19, 20], [21, 23], [22, 24], [25, 27], [26, 28], [29, 31], [30, 32], [33, 35], [34, 36], [37, 38], [39, 41], [40, 42]], [[7, 8], [9, 10], [11, 13], [12, 14], [15, 17], [16, 18], [19, 21], [20, 22], [23, 24], [25, 27], [26, 28], [29, 31], [30, 32], [33, 34], [35, 36], [37, 39], [38, 40], [41, 43], [42, 44], [45, 46], [47, 49], [48, 50], [1, 2], [3, 4], [5, 6]], [[14, 16], [13, 15], [17, 19], [18, 20], [21, 22], [23, 25], [24, 26], [27, 28], [29, 31], [30, 32], [33, 34], [35, 37], [36, 38], [39, 40], [41, 42], [43, 45], [44, 46], [47, 48], [1, 49], [2, 50], [3, 4], [5, 7], [6, 8], [9, 11], [10, 12]], [[43, 45], [44, 46], [47, 48], [1, 49], [2, 50], [3, 4], [5, 6], [7, 9], [8, 10], [11, 12], [13, 14], [15, 16], [17, 19], [18, 20], [21, 23], [22, 24], [25, 26], [27, 29], [28, 30], [31, 32], [33, 35], [34, 36], [37, 39], [38, 40], [41, 42]], [[14, 15], [16, 17], [18, 19], [20, 21], [22, 24], [23, 25], [26, 27], [28, 29], [30, 32], [31, 33], [34, 36], [35, 37], [38, 39], [40, 42], [41, 43], [44, 45], [46, 47], [48, 49], [2, 50], [1, 3], [4, 5], [6, 8], [7, 9], [10, 12], [11, 13]], [[18, 20], [19, 21], [22, 24], [23, 25], [26, 28], [27, 29], [30, 32], [31, 33], [34, 35], [36, 37], [38, 40], [39, 41], [42, 44], [43, 45], [46, 47], [48, 49], [2, 50], [1, 3], [4, 6], [5, 7], [8, 10], [9, 11], [12, 13], [14, 16], [15, 17]], [[40, 41], [42, 43], [44, 45], [46, 48], [47, 49], [1, 50], [2, 3], [4, 5], [6, 7], [8, 10], [9, 11], [12, 13], [14, 15], [16, 17], [18, 20], [19, 21], [22, 24], [23, 25], [26, 28], [27, 29], [30, 31], [32, 34], [33, 35], [36, 37], [38, 39]], [[43, 45], [46, 47], [48, 50], [1, 49], [2, 4], [3, 5], [6, 7], [8, 10], [9, 11], [12, 14], [13, 15], [16, 18], [17, 19], [20, 22], [21, 23], [24, 25], [26, 27], [28, 30], [29, 31], [32, 33], [34, 35], [36, 38], [37, 39], [40, 41], [42, 44]], [[41, 43], [44, 45], [46, 47], [48, 49], [2, 50], [1, 3], [4, 6], [5, 7], [8, 9], [10, 12], [11, 13], [14, 15], [16, 18], [17, 19], [20, 22], [21, 23], [24, 25], [26, 28], [27, 29], [30, 31], [32, 34], [33, 35], [36, 38], [37, 39], [40, 42]], [[2, 3], [4, 5], [6, 7], [8, 9], [10, 11], [12, 14], [13, 15], [16, 17], [18, 20], [19, 21], [22, 23], [24, 25], [26, 27], [28, 30], [29, 31], [32, 34], [33, 35], [36, 38], [37, 39], [40, 41], [42, 44], [43, 45], [46, 48], [47, 49], [1, 50]], [[11, 12], [13, 14], [15, 17], [16, 18], [19, 21], [20, 22], [23, 24], [25, 27], [26, 28], [29, 30], [31, 32], [33, 35], [34, 36], [37, 38], [39, 41], [40, 42], [43, 44], [45, 46], [47, 48], [1, 49], [2, 50], [3, 5], [4, 6], [7, 9], [8, 10]]]",,2,,0.0,79951,Tsunami,19,1,1,,0.0,79951,disaster,8,2,1,,0.0,79951,powerplant,24,3,1,,0.0,79951,cancer,8,4,2,,0.0,79951,earthquake,4,5,2,,0.0,79951,meltdown,13,6,2,,0.0,79951,powerplant,1,7,1,,0.0,79951,tsunami,7,8,1,,0.0,79951,disaster,20,9,2,,0.0,79951,suffering,12,10,1,,0.0,79951,nuclear,10,11,2,,0.0,79951,meltdown,22,12,1,,0.0,79951,tsunami,22,13,1,,0.0,79951,meltdown,13,14,2,,0.0,79951,meltdown,21,15,1,,1.0,79951,earthquake,22,16,1,,0.0,79951,tsunami,25,17,2,,1.0,79951,nuclear,6,18,2,,0.0,79951,meltdown,14,19,1,,0.0,79951,nuclear,3,20,1,,0.0,79951,disaster,24,21,1,,1.0,79951,nuclear,4,22,1,,0.0,79951,meltdown,15,23,2,,0.0,79951,disaster,13,24,2,,0.0,79951,earthquake,12,25,1,,0.0,79951,nuclear,2,26,2,,0.0,79951,earthquake,6,27,2,,1.0,79951,tsunami,25,28,1,,0.0,79951,tsunami,10,29,1,,1.0,79951,tsunami,13,30,2,,1.0,79951,tsunami,5,31,1,,1.0,79951,tsunami,3,32,1,,1.0,79951,tsunami,13,33,2,,1.0,79951,tsunami,2,34,2,,1.0,79951,tsunami,25,35,2,,1.0,79951,tsunami,14,36,1,,1.0,79951,tsunami,13,37,1,,1.0,79951,tsunami,14,38,2,,1.0,79951,tsunami,8,39,2,,1.0,79951,tsunami,3,40,,,,,,,,,,,,,,,,,,,,,,,,,,,,,,,,,,,,,,,,,,,,,,,,,,,,,,,,,,,,,,,,,,,,,,,,,,,,,,,,,,,,,,,,,,,,,,,,,,,,,,,,,,,,,,,,,,,,,,,,,,,,,,,,,,,,,,,,,,,,,,,,,,,,,,,,,,,,,,,,,,,,,,,,,,,,,,,,,,,,,,,,,,,,,,,,,,,,,,,,,,,,,,,,,,,,,,,,,,,,,,,,,,,,,,,,,,,,,,,,,,,,,,,,,,,,,,,,,,,,,,,,,,,,,,,,,,,,,,,,,,,,,,,,,,,,,,,,,,,,,,,,,,,,,,,,,,,,,,,,,,,,,,,,,,,,,,,,,,,,,,,,,,,,,,,,,,,,,,,,,,,,,,,,,,,,,,,,,,,,,,,,,,,,,,,,,,,,,,,,,,,,,,,,,,,,,,,,,,,,,,,,,,,,,,,,,,,,,,,,,,,,,,,,,,,,,,,,,,,,,,,,,,,,,,,,,,,,,,,,,,,,,,,,,,,,,,,,,,,,,,,,,,,,,,,,,,,,,,,,,,,,,,,,,,,,,,,,,,,,,,,,,,,,,,,,,,,,,,,,,,,,,,,,,,,,,,,,,,,,,,,,,,,,,,,,,,,,,,,,,,,,,,,,,,,,,,,,,,,,,,,,,,,,,,,,,,,,,,,,,,,,,,,,,,,,,,,,,,,,,,,,,,,,,,,,,,,,,,,,,,,,,,,,,,,,,,,,,,,,,,,,,,,,,,,,,,,,,,,,,,,,,,,,,,,,,,,,,,,,,,,,,,,,,,,,,,,,,,,,,,,,,,,,,,,,,,,,,,,,,,,,,,,,,,,,,,,,,,,,,,,,,,,,,,,,,,,,,,,,,,,,,,,,,,,,,,,,,,,,,,,,,,,,,,,,,,,,,,,,,,,,,,,,,,,,,,,,,,,,,,,,,,,,,,,,,,,,,,,,,,,,,,,,,,,,,,,,,,,,,,,,,,,,,,,,,,,,,,,,,,,,,,,,,,,,,,,,,,,,,,,,,,,,,,,,,,,,,,,,,,,,,,,,,,,,,,,,,,,,,,,,,,,,,,,,,,,,,,,,,,,,,,,,,,,,,,,,,,,,,,,,,,,,,,,,,,,,,,,,,,,,,,,,,,,,,,,,,,,,,,,,,,,,,,,,,,,,,,,,,,,,,,,,,,,,,,,,,,,,,,,,,,,,,,,,,,,,,,,,,,,,,,,,,,,,,,,,,,,,,,,,,,,,,,
18,vpb4l99i,,0,240,240,hashtag_experiment,LastPage,2024-04-17 17:11:21.497751,1,,,12.0,g8k2na6b,,,,,0,0.0,1.0,hashtag_experiment,"[[[30, 31], [32, 33], [34, 35], [36, 38], [37, 39], [40, 42], [41, 43], [44, 46], [45, 47], [48, 50], [1, 49], [2, 4], [3, 5], [6, 7], [8, 10], [9, 11], [12, 13], [14, 15], [16, 17], [18, 19], [20, 21], [22, 23], [24, 25], [26, 27], [28, 29]], [[3, 5], [4, 6], [7, 9], [8, 10], [11, 13], [12, 14], [15, 16], [17, 19], [18, 20], [21, 23], [22, 24], [25, 26], [27, 29], [28, 30], [31, 33], [32, 34], [35, 36], [37, 39], [38, 40], [41, 42], [43, 45], [44, 46], [47, 49], [48, 50], [1, 2]], [[23, 25], [22, 24], [26, 27], [28, 30], [29, 31], [32, 34], [33, 35], [36, 37], [38, 39], [40, 41], [42, 43], [44, 46], [45, 47], [48, 50], [1, 49], [2, 3], [4, 5], [6, 8], [7, 9], [10, 12], [11, 13], [14, 15], [16, 18], [17, 19], [20, 21]], [[3, 5], [4, 6], [7, 8], [9, 10], [11, 12], [13, 15], [14, 16], [17, 19], [18, 20], [21, 23], [22, 24], [25, 27], [26, 28], [29, 31], [30, 32], [33, 34], [35, 37], [36, 38], [39, 41], [40, 42], [43, 44], [45, 46], [47, 49], [48, 50], [1, 2]], [[9, 10], [11, 12], [13, 14], [15, 17], [16, 18], [19, 21], [20, 22], [23, 24], [25, 26], [27, 29], [28, 30], [31, 33], [32, 34], [35, 36], [37, 39], [38, 40], [41, 42], [43, 44], [45, 46], [47, 49], [48, 50], [1, 3], [2, 4], [5, 6], [7, 8]], [[41, 42], [43, 44], [45, 47], [46, 48], [49, 50], [1, 3], [2, 4], [5, 6], [7, 9], [8, 10], [11, 13], [12, 14], [15, 17], [16, 18], [19, 21], [20, 22], [23, 25], [24, 26], [27, 29], [28, 30], [31, 33], [32, 34], [35, 36], [37, 39], [38, 40]], [[16, 17], [18, 19], [20, 22], [21, 23], [24, 25], [26, 28], [27, 29], [30, 31], [32, 33], [34, 35], [36, 38], [37, 39], [40, 41], [42, 44], [43, 45], [46, 47], [48, 50], [1, 49], [2, 4], [3, 5], [6, 7], [8, 10], [9, 11], [12, 14], [13, 15]], [[5, 7], [6, 8], [9, 10], [11, 13], [12, 14], [15, 16], [17, 18], [19, 21], [20, 22], [23, 25], [24, 26], [27, 28], [29, 31], [30, 32], [33, 34], [35, 37], [36, 38], [39, 40], [41, 42], [43, 44], [45, 46], [47, 48], [1, 49], [2, 50], [3, 4]], [[30, 32], [29, 31], [33, 34], [35, 36], [37, 38], [39, 40], [41, 42], [43, 45], [44, 46], [47, 48], [1, 49], [2, 50], [3, 4], [5, 7], [6, 8], [9, 11], [10, 12], [13, 14], [15, 16], [17, 18], [19, 21], [20, 22], [23, 24], [25, 27], [26, 28]], [[44, 46], [43, 45], [47, 49], [48, 50], [1, 2], [3, 4], [5, 6], [7, 8], [9, 10], [11, 13], [12, 14], [15, 17], [16, 18], [19, 20], [21, 22], [23, 25], [24, 26], [27, 28], [29, 31], [30, 32], [33, 34], [35, 37], [36, 38], [39, 40], [41, 42]], [[1, 50], [2, 4], [3, 5], [6, 7], [8, 9], [10, 11], [12, 14], [13, 15], [16, 18], [17, 19], [20, 22], [21, 23], [24, 25], [26, 27], [28, 30], [29, 31], [32, 34], [33, 35], [36, 37], [38, 40], [39, 41], [42, 43], [44, 46], [45, 47], [48, 49]], [[23, 25], [24, 26], [27, 29], [28, 30], [31, 33], [32, 34], [35, 37], [36, 38], [39, 41], [40, 42], [43, 44], [45, 46], [47, 49], [48, 50], [1, 2], [3, 5], [4, 6], [7, 8], [9, 11], [10, 12], [13, 14], [15, 17], [16, 18], [19, 20], [21, 22]], [[26, 28], [27, 29], [30, 31], [32, 34], [33, 35], [36, 37], [38, 39], [40, 42], [41, 43], [44, 45], [46, 47], [48, 49], [1, 50], [2, 3], [4, 5], [6, 7], [8, 9], [10, 11], [12, 14], [13, 15], [16, 18], [17, 19], [20, 21], [22, 23], [24, 25]], [[43, 44], [45, 46], [47, 48], [1, 49], [2, 50], [3, 4], [5, 7], [6, 8], [9, 10], [11, 12], [13, 14], [15, 16], [17, 19], [18, 20], [21, 23], [22, 24], [25, 27], [26, 28], [29, 30], [31, 33], [32, 34], [35, 37], [36, 38], [39, 40], [41, 42]], [[26, 27], [28, 30], [29, 31], [32, 33], [34, 36], [35, 37], [38, 40], [39, 41], [42, 44], [43, 45], [46, 48], [47, 49], [2, 50], [1, 3], [4, 5], [6, 7], [8, 10], [9, 11], [12, 14], [13, 15], [16, 17], [18, 20], [19, 21], [22, 24], [23, 25]], [[25, 27], [26, 28], [29, 30], [31, 32], [33, 35], [34, 36], [37, 39], [38, 40], [41, 43], [42, 44], [45, 47], [46, 48], [1, 49], [2, 50], [3, 4], [5, 7], [6, 8], [9, 11], [10, 12], [13, 14], [15, 16], [17, 18], [19, 20], [21, 23], [22, 24]], [[20, 21], [22, 24], [23, 25], [26, 28], [27, 29], [30, 31], [32, 33], [34, 35], [36, 38], [37, 39], [40, 41], [42, 43], [44, 46], [45, 47], [48, 49], [1, 50], [2, 3], [4, 6], [5, 7], [8, 9], [10, 12], [11, 13], [14, 15], [16, 18], [17, 19]], [[6, 7], [8, 9], [10, 11], [12, 14], [13, 15], [16, 17], [18, 20], [19, 21], [22, 24], [23, 25], [26, 28], [27, 29], [30, 32], [31, 33], [34, 36], [35, 37], [38, 40], [39, 41], [42, 44], [43, 45], [46, 48], [47, 49], [1, 50], [2, 4], [3, 5]], [[41, 43], [40, 42], [44, 45], [46, 48], [47, 49], [1, 50], [2, 4], [3, 5], [6, 8], [7, 9], [10, 12], [11, 13], [14, 16], [15, 17], [18, 19], [20, 22], [21, 23], [24, 25], [26, 28], [27, 29], [30, 31], [32, 34], [33, 35], [36, 38], [37, 39]], [[13, 14], [15, 16], [17, 18], [19, 21], [20, 22], [23, 24], [25, 26], [27, 28], [29, 30], [31, 32], [33, 34], [35, 37], [36, 38], [39, 41], [40, 42], [43, 44], [45, 47], [46, 48], [49, 50], [1, 2], [3, 5], [4, 6], [7, 8], [9, 10], [11, 12]], [[21, 22], [23, 24], [25, 26], [27, 29], [28, 30], [31, 33], [32, 34], [35, 36], [37, 39], [38, 40], [41, 42], [43, 44], [45, 47], [46, 48], [49, 50], [1, 3], [2, 4], [5, 7], [6, 8], [9, 11], [10, 12], [13, 15], [14, 16], [17, 19], [18, 20]], [[12, 14], [13, 15], [16, 18], [17, 19], [20, 22], [21, 23], [24, 26], [25, 27], [28, 30], [29, 31], [32, 34], [33, 35], [36, 38], [37, 39], [40, 42], [41, 43], [44, 46], [45, 47], [48, 50], [1, 49], [2, 4], [3, 5], [6, 8], [7, 9], [10, 11]], [[39, 40], [41, 42], [43, 44], [45, 47], [46, 48], [1, 49], [2, 50], [3, 5], [4, 6], [7, 9], [8, 10], [11, 12], [13, 15], [14, 16], [17, 18], [19, 21], [20, 22], [23, 24], [25, 27], [26, 28], [29, 31], [30, 32], [33, 35], [34, 36], [37, 38]], [[41, 43], [42, 44], [45, 46], [47, 48], [1, 49], [2, 50], [3, 4], [5, 6], [7, 9], [8, 10], [11, 13], [12, 14], [15, 17], [16, 18], [19, 21], [20, 22], [23, 24], [25, 27], [26, 28], [29, 30], [31, 32], [33, 35], [34, 36], [37, 38], [39, 40]], [[43, 45], [46, 47], [48, 49], [2, 50], [1, 3], [4, 6], [5, 7], [8, 10], [9, 11], [12, 13], [14, 16], [15, 17], [18, 20], [19, 21], [22, 23], [24, 25], [26, 27], [28, 29], [30, 32], [31, 33], [34, 35], [36, 37], [38, 40], [39, 41], [42, 44]], [[14, 16], [17, 19], [18, 20], [21, 22], [23, 25], [24, 26], [27, 28], [29, 30], [31, 32], [33, 35], [34, 36], [37, 38], [39, 40], [41, 42], [43, 45], [44, 46], [47, 48], [1, 49], [2, 50], [3, 5], [4, 6], [7, 8], [9, 10], [11, 12], [13, 15]], [[5, 6], [7, 9], [8, 10], [11, 13], [12, 14], [15, 17], [16, 18], [19, 21], [20, 22], [23, 25], [24, 26], [27, 28], [29, 31], [30, 32], [33, 34], [35, 37], [36, 38], [39, 41], [40, 42], [43, 44], [45, 47], [46, 48], [1, 49], [2, 50], [3, 4]], [[18, 19], [20, 22], [21, 23], [24, 25], [26, 28], [27, 29], [30, 32], [31, 33], [34, 36], [35, 37], [38, 40], [39, 41], [42, 44], [43, 45], [46, 48], [47, 49], [2, 50], [1, 3], [4, 5], [6, 8], [7, 9], [10, 12], [11, 13], [14, 16], [15, 17]], [[49, 50], [1, 2], [3, 4], [5, 6], [7, 8], [9, 10], [11, 12], [13, 15], [14, 16], [17, 18], [19, 20], [21, 22], [23, 25], [24, 26], [27, 28], [29, 30], [31, 32], [33, 34], [35, 36], [37, 38], [39, 41], [40, 42], [43, 44], [45, 47], [46, 48]], [[43, 45], [44, 46], [47, 49], [48, 50], [1, 2], [3, 4], [5, 7], [6, 8], [9, 10], [11, 13], [12, 14], [15, 16], [17, 18], [19, 20], [21, 23], [22, 24], [25, 27], [26, 28], [29, 31], [30, 32], [33, 35], [34, 36], [37, 38], [39, 41], [40, 42]], [[7, 8], [9, 10], [11, 13], [12, 14], [15, 17], [16, 18], [19, 21], [20, 22], [23, 24], [25, 27], [26, 28], [29, 31], [30, 32], [33, 34], [35, 36], [37, 39], [38, 40], [41, 43], [42, 44], [45, 46], [47, 49], [48, 50], [1, 2], [3, 4], [5, 6]], [[14, 16], [13, 15], [17, 19], [18, 20], [21, 22], [23, 25], [24, 26], [27, 28], [29, 31], [30, 32], [33, 34], [35, 37], [36, 38], [39, 40], [41, 42], [43, 45], [44, 46], [47, 48], [1, 49], [2, 50], [3, 4], [5, 7], [6, 8], [9, 11], [10, 12]], [[43, 45], [44, 46], [47, 48], [1, 49], [2, 50], [3, 4], [5, 6], [7, 9], [8, 10], [11, 12], [13, 14], [15, 16], [17, 19], [18, 20], [21, 23], [22, 24], [25, 26], [27, 29], [28, 30], [31, 32], [33, 35], [34, 36], [37, 39], [38, 40], [41, 42]], [[14, 15], [16, 17], [18, 19], [20, 21], [22, 24], [23, 25], [26, 27], [28, 29], [30, 32], [31, 33], [34, 36], [35, 37], [38, 39], [40, 42], [41, 43], [44, 45], [46, 47], [48, 49], [2, 50], [1, 3], [4, 5], [6, 8], [7, 9], [10, 12], [11, 13]], [[18, 20], [19, 21], [22, 24], [23, 25], [26, 28], [27, 29], [30, 32], [31, 33], [34, 35], [36, 37], [38, 40], [39, 41], [42, 44], [43, 45], [46, 47], [48, 49], [2, 50], [1, 3], [4, 6], [5, 7], [8, 10], [9, 11], [12, 13], [14, 16], [15, 17]], [[40, 41], [42, 43], [44, 45], [46, 48], [47, 49], [1, 50], [2, 3], [4, 5], [6, 7], [8, 10], [9, 11], [12, 13], [14, 15], [16, 17], [18, 20], [19, 21], [22, 24], [23, 25], [26, 28], [27, 29], [30, 31], [32, 34], [33, 35], [36, 37], [38, 39]], [[43, 45], [46, 47], [48, 50], [1, 49], [2, 4], [3, 5], [6, 7], [8, 10], [9, 11], [12, 14], [13, 15], [16, 18], [17, 19], [20, 22], [21, 23], [24, 25], [26, 27], [28, 30], [29, 31], [32, 33], [34, 35], [36, 38], [37, 39], [40, 41], [42, 44]], [[41, 43], [44, 45], [46, 47], [48, 49], [2, 50], [1, 3], [4, 6], [5, 7], [8, 9], [10, 12], [11, 13], [14, 15], [16, 18], [17, 19], [20, 22], [21, 23], [24, 25], [26, 28], [27, 29], [30, 31], [32, 34], [33, 35], [36, 38], [37, 39], [40, 42]], [[2, 3], [4, 5], [6, 7], [8, 9], [10, 11], [12, 14], [13, 15], [16, 17], [18, 20], [19, 21], [22, 23], [24, 25], [26, 27], [28, 30], [29, 31], [32, 34], [33, 35], [36, 38], [37, 39], [40, 41], [42, 44], [43, 45], [46, 48], [47, 49], [1, 50]], [[11, 12], [13, 14], [15, 17], [16, 18], [19, 21], [20, 22], [23, 24], [25, 27], [26, 28], [29, 30], [31, 32], [33, 35], [34, 36], [37, 38], [39, 41], [40, 42], [43, 44], [45, 46], [47, 48], [1, 49], [2, 50], [3, 5], [4, 6], [7, 9], [8, 10]]]",,1,,0.0,55283,HealthCrisis,20,1,1,,0.0,55283,BombScare,9,2,2,,0.0,55283,cancerkills,23,3,1,,1.0,55283,Earthquake,9,4,2,,0.0,55283,Nuclear,5,5,2,,0.0,55283,Explode,14,6,1,,0.0,55283,Radioactive,2,7,2,,0.0,55283,Natural,7,8,2,,0.0,55283,Tsunami,20,9,2,,1.0,55283,disaster,13,10,2,,0.0,55283,Earthquake,9,11,2,,0.0,55283,Damage,23,12,2,,0.0,55283,nuclearreaction,21,13,1,,0.0,55283,CancerMatters,14,14,1,,0.0,55283,radiation,22,15,2,,1.0,55283,earthquake,22,16,2,,0.0,55283,earthquake,24,17,1,,0.0,55283,radiation,7,18,1,,0.0,55283,radiation,15,19,2,,0.0,55283,earthquake,3,20,1,,0.0,55283,reaction,25,21,2,,0.0,55283,earthquake,3,22,2,,0.0,55283,earthquake,15,23,2,,1.0,55283,earthquake,14,24,1,,0.0,55283,earthquake,13,25,1,,1.0,55283,earthquake,3,26,2,,1.0,55283,earthquake,7,27,1,,0.0,55283,earthquake,1,28,2,,0.0,55283,earthquake,10,29,2,,1.0,55283,tsunami,13,30,2,,1.0,55283,tsunami,6,31,1,,0.0,55283,tsunami,4,32,1,,1.0,55283,earthquake,14,33,1,,0.0,55283,earthquake,3,34,1,,0.0,55283,tsunami,1,35,1,,0.0,55283,tsunami,15,36,2,,1.0,55283,tsunami,12,37,2,,1.0,55283,tsunami,13,38,1,,0.0,55283,tsunami,9,39,2,,1.0,55283,tsunami,4,40,,,,,,,,,,,,,,,,,,,,,,,,,,,,,,,,,,,,,,,,,,,,,,,,,,,,,,,,,,,,,,,,,,,,,,,,,,,,,,,,,,,,,,,,,,,,,,,,,,,,,,,,,,,,,,,,,,,,,,,,,,,,,,,,,,,,,,,,,,,,,,,,,,,,,,,,,,,,,,,,,,,,,,,,,,,,,,,,,,,,,,,,,,,,,,,,,,,,,,,,,,,,,,,,,,,,,,,,,,,,,,,,,,,,,,,,,,,,,,,,,,,,,,,,,,,,,,,,,,,,,,,,,,,,,,,,,,,,,,,,,,,,,,,,,,,,,,,,,,,,,,,,,,,,,,,,,,,,,,,,,,,,,,,,,,,,,,,,,,,,,,,,,,,,,,,,,,,,,,,,,,,,,,,,,,,,,,,,,,,,,,,,,,,,,,,,,,,,,,,,,,,,,,,,,,,,,,,,,,,,,,,,,,,,,,,,,,,,,,,,,,,,,,,,,,,,,,,,,,,,,,,,,,,,,,,,,,,,,,,,,,,,,,,,,,,,,,,,,,,,,,,,,,,,,,,,,,,,,,,,,,,,,,,,,,,,,,,,,,,,,,,,,,,,,,,,,,,,,,,,,,,,,,,,,,,,,,,,,,,,,,,,,,,,,,,,,,,,,,,,,,,,,,,,,,,,,,,,,,,,,,,,,,,,,,,,,,,,,,,,,,,,,,,,,,,,,,,,,,,,,,,,,,,,,,,,,,,,,,,,,,,,,,,,,,,,,,,,,,,,,,,,,,,,,,,,,,,,,,,,,,,,,,,,,,,,,,,,,,,,,,,,,,,,,,,,,,,,,,,,,,,,,,,,,,,,,,,,,,,,,,,,,,,,,,,,,,,,,,,,,,,,,,,,,,,,,,,,,,,,,,,,,,,,,,,,,,,,,,,,,,,,,,,,,,,,,,,,,,,,,,,,,,,,,,,,,,,,,,,,,,,,,,,,,,,,,,,,,,,,,,,,,,,,,,,,,,,,,,,,,,,,,,,,,,,,,,,,,,,,,,,,,,,,,,,,,,,,,,,,,,,,,,,,,,,,,,,,,,,,,,,,,,,,,,,,,,,,,,,,,,,,,,,,,,,,,,,,,,,,,,,,,,,,,,,,,,,,,,,,,,,,,,,,,,,,,,,,,,,,,,,,,,,,,,,,,,,,,,,,,,,,,,,,,,,,,,,,,,,,,,,,,,,,,,,,,,,,,,,,,,,,,,,,,,,,,,,,,,,,,,,,,,,,,,,,,,,,,,,,,,,,,,,,,,
19,bww2zrg8,,0,240,240,hashtag_experiment,LastPage,2024-04-17 17:11:22.924044,1,,,9.0,g8k2na6b,,,,,0,0.0,1.0,hashtag_experiment,"[[[30, 31], [32, 33], [34, 35], [36, 38], [37, 39], [40, 42], [41, 43], [44, 46], [45, 47], [48, 50], [1, 49], [2, 4], [3, 5], [6, 7], [8, 10], [9, 11], [12, 13], [14, 15], [16, 17], [18, 19], [20, 21], [22, 23], [24, 25], [26, 27], [28, 29]], [[3, 5], [4, 6], [7, 9], [8, 10], [11, 13], [12, 14], [15, 16], [17, 19], [18, 20], [21, 23], [22, 24], [25, 26], [27, 29], [28, 30], [31, 33], [32, 34], [35, 36], [37, 39], [38, 40], [41, 42], [43, 45], [44, 46], [47, 49], [48, 50], [1, 2]], [[23, 25], [22, 24], [26, 27], [28, 30], [29, 31], [32, 34], [33, 35], [36, 37], [38, 39], [40, 41], [42, 43], [44, 46], [45, 47], [48, 50], [1, 49], [2, 3], [4, 5], [6, 8], [7, 9], [10, 12], [11, 13], [14, 15], [16, 18], [17, 19], [20, 21]], [[3, 5], [4, 6], [7, 8], [9, 10], [11, 12], [13, 15], [14, 16], [17, 19], [18, 20], [21, 23], [22, 24], [25, 27], [26, 28], [29, 31], [30, 32], [33, 34], [35, 37], [36, 38], [39, 41], [40, 42], [43, 44], [45, 46], [47, 49], [48, 50], [1, 2]], [[9, 10], [11, 12], [13, 14], [15, 17], [16, 18], [19, 21], [20, 22], [23, 24], [25, 26], [27, 29], [28, 30], [31, 33], [32, 34], [35, 36], [37, 39], [38, 40], [41, 42], [43, 44], [45, 46], [47, 49], [48, 50], [1, 3], [2, 4], [5, 6], [7, 8]], [[41, 42], [43, 44], [45, 47], [46, 48], [49, 50], [1, 3], [2, 4], [5, 6], [7, 9], [8, 10], [11, 13], [12, 14], [15, 17], [16, 18], [19, 21], [20, 22], [23, 25], [24, 26], [27, 29], [28, 30], [31, 33], [32, 34], [35, 36], [37, 39], [38, 40]], [[16, 17], [18, 19], [20, 22], [21, 23], [24, 25], [26, 28], [27, 29], [30, 31], [32, 33], [34, 35], [36, 38], [37, 39], [40, 41], [42, 44], [43, 45], [46, 47], [48, 50], [1, 49], [2, 4], [3, 5], [6, 7], [8, 10], [9, 11], [12, 14], [13, 15]], [[5, 7], [6, 8], [9, 10], [11, 13], [12, 14], [15, 16], [17, 18], [19, 21], [20, 22], [23, 25], [24, 26], [27, 28], [29, 31], [30, 32], [33, 34], [35, 37], [36, 38], [39, 40], [41, 42], [43, 44], [45, 46], [47, 48], [1, 49], [2, 50], [3, 4]], [[30, 32], [29, 31], [33, 34], [35, 36], [37, 38], [39, 40], [41, 42], [43, 45], [44, 46], [47, 48], [1, 49], [2, 50], [3, 4], [5, 7], [6, 8], [9, 11], [10, 12], [13, 14], [15, 16], [17, 18], [19, 21], [20, 22], [23, 24], [25, 27], [26, 28]], [[44, 46], [43, 45], [47, 49], [48, 50], [1, 2], [3, 4], [5, 6], [7, 8], [9, 10], [11, 13], [12, 14], [15, 17], [16, 18], [19, 20], [21, 22], [23, 25], [24, 26], [27, 28], [29, 31], [30, 32], [33, 34], [35, 37], [36, 38], [39, 40], [41, 42]], [[1, 50], [2, 4], [3, 5], [6, 7], [8, 9], [10, 11], [12, 14], [13, 15], [16, 18], [17, 19], [20, 22], [21, 23], [24, 25], [26, 27], [28, 30], [29, 31], [32, 34], [33, 35], [36, 37], [38, 40], [39, 41], [42, 43], [44, 46], [45, 47], [48, 49]], [[23, 25], [24, 26], [27, 29], [28, 30], [31, 33], [32, 34], [35, 37], [36, 38], [39, 41], [40, 42], [43, 44], [45, 46], [47, 49], [48, 50], [1, 2], [3, 5], [4, 6], [7, 8], [9, 11], [10, 12], [13, 14], [15, 17], [16, 18], [19, 20], [21, 22]], [[26, 28], [27, 29], [30, 31], [32, 34], [33, 35], [36, 37], [38, 39], [40, 42], [41, 43], [44, 45], [46, 47], [48, 49], [1, 50], [2, 3], [4, 5], [6, 7], [8, 9], [10, 11], [12, 14], [13, 15], [16, 18], [17, 19], [20, 21], [22, 23], [24, 25]], [[43, 44], [45, 46], [47, 48], [1, 49], [2, 50], [3, 4], [5, 7], [6, 8], [9, 10], [11, 12], [13, 14], [15, 16], [17, 19], [18, 20], [21, 23], [22, 24], [25, 27], [26, 28], [29, 30], [31, 33], [32, 34], [35, 37], [36, 38], [39, 40], [41, 42]], [[26, 27], [28, 30], [29, 31], [32, 33], [34, 36], [35, 37], [38, 40], [39, 41], [42, 44], [43, 45], [46, 48], [47, 49], [2, 50], [1, 3], [4, 5], [6, 7], [8, 10], [9, 11], [12, 14], [13, 15], [16, 17], [18, 20], [19, 21], [22, 24], [23, 25]], [[25, 27], [26, 28], [29, 30], [31, 32], [33, 35], [34, 36], [37, 39], [38, 40], [41, 43], [42, 44], [45, 47], [46, 48], [1, 49], [2, 50], [3, 4], [5, 7], [6, 8], [9, 11], [10, 12], [13, 14], [15, 16], [17, 18], [19, 20], [21, 23], [22, 24]], [[20, 21], [22, 24], [23, 25], [26, 28], [27, 29], [30, 31], [32, 33], [34, 35], [36, 38], [37, 39], [40, 41], [42, 43], [44, 46], [45, 47], [48, 49], [1, 50], [2, 3], [4, 6], [5, 7], [8, 9], [10, 12], [11, 13], [14, 15], [16, 18], [17, 19]], [[6, 7], [8, 9], [10, 11], [12, 14], [13, 15], [16, 17], [18, 20], [19, 21], [22, 24], [23, 25], [26, 28], [27, 29], [30, 32], [31, 33], [34, 36], [35, 37], [38, 40], [39, 41], [42, 44], [43, 45], [46, 48], [47, 49], [1, 50], [2, 4], [3, 5]], [[41, 43], [40, 42], [44, 45], [46, 48], [47, 49], [1, 50], [2, 4], [3, 5], [6, 8], [7, 9], [10, 12], [11, 13], [14, 16], [15, 17], [18, 19], [20, 22], [21, 23], [24, 25], [26, 28], [27, 29], [30, 31], [32, 34], [33, 35], [36, 38], [37, 39]], [[13, 14], [15, 16], [17, 18], [19, 21], [20, 22], [23, 24], [25, 26], [27, 28], [29, 30], [31, 32], [33, 34], [35, 37], [36, 38], [39, 41], [40, 42], [43, 44], [45, 47], [46, 48], [49, 50], [1, 2], [3, 5], [4, 6], [7, 8], [9, 10], [11, 12]], [[21, 22], [23, 24], [25, 26], [27, 29], [28, 30], [31, 33], [32, 34], [35, 36], [37, 39], [38, 40], [41, 42], [43, 44], [45, 47], [46, 48], [49, 50], [1, 3], [2, 4], [5, 7], [6, 8], [9, 11], [10, 12], [13, 15], [14, 16], [17, 19], [18, 20]], [[12, 14], [13, 15], [16, 18], [17, 19], [20, 22], [21, 23], [24, 26], [25, 27], [28, 30], [29, 31], [32, 34], [33, 35], [36, 38], [37, 39], [40, 42], [41, 43], [44, 46], [45, 47], [48, 50], [1, 49], [2, 4], [3, 5], [6, 8], [7, 9], [10, 11]], [[39, 40], [41, 42], [43, 44], [45, 47], [46, 48], [1, 49], [2, 50], [3, 5], [4, 6], [7, 9], [8, 10], [11, 12], [13, 15], [14, 16], [17, 18], [19, 21], [20, 22], [23, 24], [25, 27], [26, 28], [29, 31], [30, 32], [33, 35], [34, 36], [37, 38]], [[41, 43], [42, 44], [45, 46], [47, 48], [1, 49], [2, 50], [3, 4], [5, 6], [7, 9], [8, 10], [11, 13], [12, 14], [15, 17], [16, 18], [19, 21], [20, 22], [23, 24], [25, 27], [26, 28], [29, 30], [31, 32], [33, 35], [34, 36], [37, 38], [39, 40]], [[43, 45], [46, 47], [48, 49], [2, 50], [1, 3], [4, 6], [5, 7], [8, 10], [9, 11], [12, 13], [14, 16], [15, 17], [18, 20], [19, 21], [22, 23], [24, 25], [26, 27], [28, 29], [30, 32], [31, 33], [34, 35], [36, 37], [38, 40], [39, 41], [42, 44]], [[14, 16], [17, 19], [18, 20], [21, 22], [23, 25], [24, 26], [27, 28], [29, 30], [31, 32], [33, 35], [34, 36], [37, 38], [39, 40], [41, 42], [43, 45], [44, 46], [47, 48], [1, 49], [2, 50], [3, 5], [4, 6], [7, 8], [9, 10], [11, 12], [13, 15]], [[5, 6], [7, 9], [8, 10], [11, 13], [12, 14], [15, 17], [16, 18], [19, 21], [20, 22], [23, 25], [24, 26], [27, 28], [29, 31], [30, 32], [33, 34], [35, 37], [36, 38], [39, 41], [40, 42], [43, 44], [45, 47], [46, 48], [1, 49], [2, 50], [3, 4]], [[18, 19], [20, 22], [21, 23], [24, 25], [26, 28], [27, 29], [30, 32], [31, 33], [34, 36], [35, 37], [38, 40], [39, 41], [42, 44], [43, 45], [46, 48], [47, 49], [2, 50], [1, 3], [4, 5], [6, 8], [7, 9], [10, 12], [11, 13], [14, 16], [15, 17]], [[49, 50], [1, 2], [3, 4], [5, 6], [7, 8], [9, 10], [11, 12], [13, 15], [14, 16], [17, 18], [19, 20], [21, 22], [23, 25], [24, 26], [27, 28], [29, 30], [31, 32], [33, 34], [35, 36], [37, 38], [39, 41], [40, 42], [43, 44], [45, 47], [46, 48]], [[43, 45], [44, 46], [47, 49], [48, 50], [1, 2], [3, 4], [5, 7], [6, 8], [9, 10], [11, 13], [12, 14], [15, 16], [17, 18], [19, 20], [21, 23], [22, 24], [25, 27], [26, 28], [29, 31], [30, 32], [33, 35], [34, 36], [37, 38], [39, 41], [40, 42]], [[7, 8], [9, 10], [11, 13], [12, 14], [15, 17], [16, 18], [19, 21], [20, 22], [23, 24], [25, 27], [26, 28], [29, 31], [30, 32], [33, 34], [35, 36], [37, 39], [38, 40], [41, 43], [42, 44], [45, 46], [47, 49], [48, 50], [1, 2], [3, 4], [5, 6]], [[14, 16], [13, 15], [17, 19], [18, 20], [21, 22], [23, 25], [24, 26], [27, 28], [29, 31], [30, 32], [33, 34], [35, 37], [36, 38], [39, 40], [41, 42], [43, 45], [44, 46], [47, 48], [1, 49], [2, 50], [3, 4], [5, 7], [6, 8], [9, 11], [10, 12]], [[43, 45], [44, 46], [47, 48], [1, 49], [2, 50], [3, 4], [5, 6], [7, 9], [8, 10], [11, 12], [13, 14], [15, 16], [17, 19], [18, 20], [21, 23], [22, 24], [25, 26], [27, 29], [28, 30], [31, 32], [33, 35], [34, 36], [37, 39], [38, 40], [41, 42]], [[14, 15], [16, 17], [18, 19], [20, 21], [22, 24], [23, 25], [26, 27], [28, 29], [30, 32], [31, 33], [34, 36], [35, 37], [38, 39], [40, 42], [41, 43], [44, 45], [46, 47], [48, 49], [2, 50], [1, 3], [4, 5], [6, 8], [7, 9], [10, 12], [11, 13]], [[18, 20], [19, 21], [22, 24], [23, 25], [26, 28], [27, 29], [30, 32], [31, 33], [34, 35], [36, 37], [38, 40], [39, 41], [42, 44], [43, 45], [46, 47], [48, 49], [2, 50], [1, 3], [4, 6], [5, 7], [8, 10], [9, 11], [12, 13], [14, 16], [15, 17]], [[40, 41], [42, 43], [44, 45], [46, 48], [47, 49], [1, 50], [2, 3], [4, 5], [6, 7], [8, 10], [9, 11], [12, 13], [14, 15], [16, 17], [18, 20], [19, 21], [22, 24], [23, 25], [26, 28], [27, 29], [30, 31], [32, 34], [33, 35], [36, 37], [38, 39]], [[43, 45], [46, 47], [48, 50], [1, 49], [2, 4], [3, 5], [6, 7], [8, 10], [9, 11], [12, 14], [13, 15], [16, 18], [17, 19], [20, 22], [21, 23], [24, 25], [26, 27], [28, 30], [29, 31], [32, 33], [34, 35], [36, 38], [37, 39], [40, 41], [42, 44]], [[41, 43], [44, 45], [46, 47], [48, 49], [2, 50], [1, 3], [4, 6], [5, 7], [8, 9], [10, 12], [11, 13], [14, 15], [16, 18], [17, 19], [20, 22], [21, 23], [24, 25], [26, 28], [27, 29], [30, 31], [32, 34], [33, 35], [36, 38], [37, 39], [40, 42]], [[2, 3], [4, 5], [6, 7], [8, 9], [10, 11], [12, 14], [13, 15], [16, 17], [18, 20], [19, 21], [22, 23], [24, 25], [26, 27], [28, 30], [29, 31], [32, 34], [33, 35], [36, 38], [37, 39], [40, 41], [42, 44], [43, 45], [46, 48], [47, 49], [1, 50]], [[11, 12], [13, 14], [15, 17], [16, 18], [19, 21], [20, 22], [23, 24], [25, 27], [26, 28], [29, 30], [31, 32], [33, 35], [34, 36], [37, 38], [39, 41], [40, 42], [43, 44], [45, 46], [47, 48], [1, 49], [2, 50], [3, 5], [4, 6], [7, 9], [8, 10]]]",,2,,0.0,28861,DestructionofJapan,20,1,2,,0.0,28861,mothernature,8,2,2,,0.0,28861,suffering,24,3,2,,0.0,28861,nuclearpowerplant,8,4,1,,0.0,28861,tsunami,6,5,1,,0.0,28861,disaster,15,6,2,,0.0,28861,nature,2,7,1,,0.0,28861,earthquake,8,8,1,,0.0,28861,Japanunited,21,9,1,,0.0,28861,tsunami,14,10,2,,0.0,28861,tsunami,10,11,1,,0.0,28861,powerplant,24,12,2,,0.0,28861,nuclear,22,13,2,,0.0,28861,disaster,13,14,1,,1.0,28861,tsunami,23,15,1,,0.0,28861,nuclear,23,16,2,,0.0,28861,powerplant,25,17,1,,0.0,28861,nuclear,8,18,2,,0.0,28861,tsunami,15,19,1,,1.0,28861,tsunami,4,20,2,,0.0,28861,tsunami,24,21,2,,1.0,28861,nuclear,4,22,1,,0.0,28861,disaster,16,23,1,,0.0,28861,radioactive,15,24,1,,1.0,28861,tsunami,14,25,2,,0.0,28861,tsunami,2,26,1,,0.0,28861,radioactive,8,27,2,,0.0,28861,tsunami,1,28,1,,0.0,28861,disaster,11,29,1,,1.0,28861,earthquake,14,30,1,,0.0,28861,tsunami,7,31,2,,1.0,28861,tsunami,3,32,2,,1.0,28861,tsunami,13,33,2,,0.0,28861,tsunami,3,34,1,,0.0,28861,tsunami,2,35,1,,0.0,28861,tsunami,16,36,2,,1.0,28861,tsunami,13,37,2,,1.0,28861,tsunami,14,38,1,,0.0,28861,tsunami,10,39,1,,0.0,28861,tsunami,5,40,,,,,,,,,,,,,,,,,,,,,,,,,,,,,,,,,,,,,,,,,,,,,,,,,,,,,,,,,,,,,,,,,,,,,,,,,,,,,,,,,,,,,,,,,,,,,,,,,,,,,,,,,,,,,,,,,,,,,,,,,,,,,,,,,,,,,,,,,,,,,,,,,,,,,,,,,,,,,,,,,,,,,,,,,,,,,,,,,,,,,,,,,,,,,,,,,,,,,,,,,,,,,,,,,,,,,,,,,,,,,,,,,,,,,,,,,,,,,,,,,,,,,,,,,,,,,,,,,,,,,,,,,,,,,,,,,,,,,,,,,,,,,,,,,,,,,,,,,,,,,,,,,,,,,,,,,,,,,,,,,,,,,,,,,,,,,,,,,,,,,,,,,,,,,,,,,,,,,,,,,,,,,,,,,,,,,,,,,,,,,,,,,,,,,,,,,,,,,,,,,,,,,,,,,,,,,,,,,,,,,,,,,,,,,,,,,,,,,,,,,,,,,,,,,,,,,,,,,,,,,,,,,,,,,,,,,,,,,,,,,,,,,,,,,,,,,,,,,,,,,,,,,,,,,,,,,,,,,,,,,,,,,,,,,,,,,,,,,,,,,,,,,,,,,,,,,,,,,,,,,,,,,,,,,,,,,,,,,,,,,,,,,,,,,,,,,,,,,,,,,,,,,,,,,,,,,,,,,,,,,,,,,,,,,,,,,,,,,,,,,,,,,,,,,,,,,,,,,,,,,,,,,,,,,,,,,,,,,,,,,,,,,,,,,,,,,,,,,,,,,,,,,,,,,,,,,,,,,,,,,,,,,,,,,,,,,,,,,,,,,,,,,,,,,,,,,,,,,,,,,,,,,,,,,,,,,,,,,,,,,,,,,,,,,,,,,,,,,,,,,,,,,,,,,,,,,,,,,,,,,,,,,,,,,,,,,,,,,,,,,,,,,,,,,,,,,,,,,,,,,,,,,,,,,,,,,,,,,,,,,,,,,,,,,,,,,,,,,,,,,,,,,,,,,,,,,,,,,,,,,,,,,,,,,,,,,,,,,,,,,,,,,,,,,,,,,,,,,,,,,,,,,,,,,,,,,,,,,,,,,,,,,,,,,,,,,,,,,,,,,,,,,,,,,,,,,,,,,,,,,,,,,,,,,,,,,,,,,,,,,,,,,,,,,,,,,,,,,,,,,,,,,,,,,,,,,,,,,,,,,,,,,,,,,,,,,,,,,,,,,,,,,,,,,,,,,,,,,,,,,,,,,,,,,,,,,,,,,,,,,,,,,,,,,,,,,,,,,,,,,,,,,,,,,,
20,zvx3xunp,,0,240,240,hashtag_experiment,LastPage,2024-04-17 17:11:26.324712,1,,,6.0,g8k2na6b,,,,,0,0.0,1.0,hashtag_experiment,"[[[30, 31], [32, 33], [34, 35], [36, 38], [37, 39], [40, 42], [41, 43], [44, 46], [45, 47], [48, 50], [1, 49], [2, 4], [3, 5], [6, 7], [8, 10], [9, 11], [12, 13], [14, 15], [16, 17], [18, 19], [20, 21], [22, 23], [24, 25], [26, 27], [28, 29]], [[3, 5], [4, 6], [7, 9], [8, 10], [11, 13], [12, 14], [15, 16], [17, 19], [18, 20], [21, 23], [22, 24], [25, 26], [27, 29], [28, 30], [31, 33], [32, 34], [35, 36], [37, 39], [38, 40], [41, 42], [43, 45], [44, 46], [47, 49], [48, 50], [1, 2]], [[23, 25], [22, 24], [26, 27], [28, 30], [29, 31], [32, 34], [33, 35], [36, 37], [38, 39], [40, 41], [42, 43], [44, 46], [45, 47], [48, 50], [1, 49], [2, 3], [4, 5], [6, 8], [7, 9], [10, 12], [11, 13], [14, 15], [16, 18], [17, 19], [20, 21]], [[3, 5], [4, 6], [7, 8], [9, 10], [11, 12], [13, 15], [14, 16], [17, 19], [18, 20], [21, 23], [22, 24], [25, 27], [26, 28], [29, 31], [30, 32], [33, 34], [35, 37], [36, 38], [39, 41], [40, 42], [43, 44], [45, 46], [47, 49], [48, 50], [1, 2]], [[9, 10], [11, 12], [13, 14], [15, 17], [16, 18], [19, 21], [20, 22], [23, 24], [25, 26], [27, 29], [28, 30], [31, 33], [32, 34], [35, 36], [37, 39], [38, 40], [41, 42], [43, 44], [45, 46], [47, 49], [48, 50], [1, 3], [2, 4], [5, 6], [7, 8]], [[41, 42], [43, 44], [45, 47], [46, 48], [49, 50], [1, 3], [2, 4], [5, 6], [7, 9], [8, 10], [11, 13], [12, 14], [15, 17], [16, 18], [19, 21], [20, 22], [23, 25], [24, 26], [27, 29], [28, 30], [31, 33], [32, 34], [35, 36], [37, 39], [38, 40]], [[16, 17], [18, 19], [20, 22], [21, 23], [24, 25], [26, 28], [27, 29], [30, 31], [32, 33], [34, 35], [36, 38], [37, 39], [40, 41], [42, 44], [43, 45], [46, 47], [48, 50], [1, 49], [2, 4], [3, 5], [6, 7], [8, 10], [9, 11], [12, 14], [13, 15]], [[5, 7], [6, 8], [9, 10], [11, 13], [12, 14], [15, 16], [17, 18], [19, 21], [20, 22], [23, 25], [24, 26], [27, 28], [29, 31], [30, 32], [33, 34], [35, 37], [36, 38], [39, 40], [41, 42], [43, 44], [45, 46], [47, 48], [1, 49], [2, 50], [3, 4]], [[30, 32], [29, 31], [33, 34], [35, 36], [37, 38], [39, 40], [41, 42], [43, 45], [44, 46], [47, 48], [1, 49], [2, 50], [3, 4], [5, 7], [6, 8], [9, 11], [10, 12], [13, 14], [15, 16], [17, 18], [19, 21], [20, 22], [23, 24], [25, 27], [26, 28]], [[44, 46], [43, 45], [47, 49], [48, 50], [1, 2], [3, 4], [5, 6], [7, 8], [9, 10], [11, 13], [12, 14], [15, 17], [16, 18], [19, 20], [21, 22], [23, 25], [24, 26], [27, 28], [29, 31], [30, 32], [33, 34], [35, 37], [36, 38], [39, 40], [41, 42]], [[1, 50], [2, 4], [3, 5], [6, 7], [8, 9], [10, 11], [12, 14], [13, 15], [16, 18], [17, 19], [20, 22], [21, 23], [24, 25], [26, 27], [28, 30], [29, 31], [32, 34], [33, 35], [36, 37], [38, 40], [39, 41], [42, 43], [44, 46], [45, 47], [48, 49]], [[23, 25], [24, 26], [27, 29], [28, 30], [31, 33], [32, 34], [35, 37], [36, 38], [39, 41], [40, 42], [43, 44], [45, 46], [47, 49], [48, 50], [1, 2], [3, 5], [4, 6], [7, 8], [9, 11], [10, 12], [13, 14], [15, 17], [16, 18], [19, 20], [21, 22]], [[26, 28], [27, 29], [30, 31], [32, 34], [33, 35], [36, 37], [38, 39], [40, 42], [41, 43], [44, 45], [46, 47], [48, 49], [1, 50], [2, 3], [4, 5], [6, 7], [8, 9], [10, 11], [12, 14], [13, 15], [16, 18], [17, 19], [20, 21], [22, 23], [24, 25]], [[43, 44], [45, 46], [47, 48], [1, 49], [2, 50], [3, 4], [5, 7], [6, 8], [9, 10], [11, 12], [13, 14], [15, 16], [17, 19], [18, 20], [21, 23], [22, 24], [25, 27], [26, 28], [29, 30], [31, 33], [32, 34], [35, 37], [36, 38], [39, 40], [41, 42]], [[26, 27], [28, 30], [29, 31], [32, 33], [34, 36], [35, 37], [38, 40], [39, 41], [42, 44], [43, 45], [46, 48], [47, 49], [2, 50], [1, 3], [4, 5], [6, 7], [8, 10], [9, 11], [12, 14], [13, 15], [16, 17], [18, 20], [19, 21], [22, 24], [23, 25]], [[25, 27], [26, 28], [29, 30], [31, 32], [33, 35], [34, 36], [37, 39], [38, 40], [41, 43], [42, 44], [45, 47], [46, 48], [1, 49], [2, 50], [3, 4], [5, 7], [6, 8], [9, 11], [10, 12], [13, 14], [15, 16], [17, 18], [19, 20], [21, 23], [22, 24]], [[20, 21], [22, 24], [23, 25], [26, 28], [27, 29], [30, 31], [32, 33], [34, 35], [36, 38], [37, 39], [40, 41], [42, 43], [44, 46], [45, 47], [48, 49], [1, 50], [2, 3], [4, 6], [5, 7], [8, 9], [10, 12], [11, 13], [14, 15], [16, 18], [17, 19]], [[6, 7], [8, 9], [10, 11], [12, 14], [13, 15], [16, 17], [18, 20], [19, 21], [22, 24], [23, 25], [26, 28], [27, 29], [30, 32], [31, 33], [34, 36], [35, 37], [38, 40], [39, 41], [42, 44], [43, 45], [46, 48], [47, 49], [1, 50], [2, 4], [3, 5]], [[41, 43], [40, 42], [44, 45], [46, 48], [47, 49], [1, 50], [2, 4], [3, 5], [6, 8], [7, 9], [10, 12], [11, 13], [14, 16], [15, 17], [18, 19], [20, 22], [21, 23], [24, 25], [26, 28], [27, 29], [30, 31], [32, 34], [33, 35], [36, 38], [37, 39]], [[13, 14], [15, 16], [17, 18], [19, 21], [20, 22], [23, 24], [25, 26], [27, 28], [29, 30], [31, 32], [33, 34], [35, 37], [36, 38], [39, 41], [40, 42], [43, 44], [45, 47], [46, 48], [49, 50], [1, 2], [3, 5], [4, 6], [7, 8], [9, 10], [11, 12]], [[21, 22], [23, 24], [25, 26], [27, 29], [28, 30], [31, 33], [32, 34], [35, 36], [37, 39], [38, 40], [41, 42], [43, 44], [45, 47], [46, 48], [49, 50], [1, 3], [2, 4], [5, 7], [6, 8], [9, 11], [10, 12], [13, 15], [14, 16], [17, 19], [18, 20]], [[12, 14], [13, 15], [16, 18], [17, 19], [20, 22], [21, 23], [24, 26], [25, 27], [28, 30], [29, 31], [32, 34], [33, 35], [36, 38], [37, 39], [40, 42], [41, 43], [44, 46], [45, 47], [48, 50], [1, 49], [2, 4], [3, 5], [6, 8], [7, 9], [10, 11]], [[39, 40], [41, 42], [43, 44], [45, 47], [46, 48], [1, 49], [2, 50], [3, 5], [4, 6], [7, 9], [8, 10], [11, 12], [13, 15], [14, 16], [17, 18], [19, 21], [20, 22], [23, 24], [25, 27], [26, 28], [29, 31], [30, 32], [33, 35], [34, 36], [37, 38]], [[41, 43], [42, 44], [45, 46], [47, 48], [1, 49], [2, 50], [3, 4], [5, 6], [7, 9], [8, 10], [11, 13], [12, 14], [15, 17], [16, 18], [19, 21], [20, 22], [23, 24], [25, 27], [26, 28], [29, 30], [31, 32], [33, 35], [34, 36], [37, 38], [39, 40]], [[43, 45], [46, 47], [48, 49], [2, 50], [1, 3], [4, 6], [5, 7], [8, 10], [9, 11], [12, 13], [14, 16], [15, 17], [18, 20], [19, 21], [22, 23], [24, 25], [26, 27], [28, 29], [30, 32], [31, 33], [34, 35], [36, 37], [38, 40], [39, 41], [42, 44]], [[14, 16], [17, 19], [18, 20], [21, 22], [23, 25], [24, 26], [27, 28], [29, 30], [31, 32], [33, 35], [34, 36], [37, 38], [39, 40], [41, 42], [43, 45], [44, 46], [47, 48], [1, 49], [2, 50], [3, 5], [4, 6], [7, 8], [9, 10], [11, 12], [13, 15]], [[5, 6], [7, 9], [8, 10], [11, 13], [12, 14], [15, 17], [16, 18], [19, 21], [20, 22], [23, 25], [24, 26], [27, 28], [29, 31], [30, 32], [33, 34], [35, 37], [36, 38], [39, 41], [40, 42], [43, 44], [45, 47], [46, 48], [1, 49], [2, 50], [3, 4]], [[18, 19], [20, 22], [21, 23], [24, 25], [26, 28], [27, 29], [30, 32], [31, 33], [34, 36], [35, 37], [38, 40], [39, 41], [42, 44], [43, 45], [46, 48], [47, 49], [2, 50], [1, 3], [4, 5], [6, 8], [7, 9], [10, 12], [11, 13], [14, 16], [15, 17]], [[49, 50], [1, 2], [3, 4], [5, 6], [7, 8], [9, 10], [11, 12], [13, 15], [14, 16], [17, 18], [19, 20], [21, 22], [23, 25], [24, 26], [27, 28], [29, 30], [31, 32], [33, 34], [35, 36], [37, 38], [39, 41], [40, 42], [43, 44], [45, 47], [46, 48]], [[43, 45], [44, 46], [47, 49], [48, 50], [1, 2], [3, 4], [5, 7], [6, 8], [9, 10], [11, 13], [12, 14], [15, 16], [17, 18], [19, 20], [21, 23], [22, 24], [25, 27], [26, 28], [29, 31], [30, 32], [33, 35], [34, 36], [37, 38], [39, 41], [40, 42]], [[7, 8], [9, 10], [11, 13], [12, 14], [15, 17], [16, 18], [19, 21], [20, 22], [23, 24], [25, 27], [26, 28], [29, 31], [30, 32], [33, 34], [35, 36], [37, 39], [38, 40], [41, 43], [42, 44], [45, 46], [47, 49], [48, 50], [1, 2], [3, 4], [5, 6]], [[14, 16], [13, 15], [17, 19], [18, 20], [21, 22], [23, 25], [24, 26], [27, 28], [29, 31], [30, 32], [33, 34], [35, 37], [36, 38], [39, 40], [41, 42], [43, 45], [44, 46], [47, 48], [1, 49], [2, 50], [3, 4], [5, 7], [6, 8], [9, 11], [10, 12]], [[43, 45], [44, 46], [47, 48], [1, 49], [2, 50], [3, 4], [5, 6], [7, 9], [8, 10], [11, 12], [13, 14], [15, 16], [17, 19], [18, 20], [21, 23], [22, 24], [25, 26], [27, 29], [28, 30], [31, 32], [33, 35], [34, 36], [37, 39], [38, 40], [41, 42]], [[14, 15], [16, 17], [18, 19], [20, 21], [22, 24], [23, 25], [26, 27], [28, 29], [30, 32], [31, 33], [34, 36], [35, 37], [38, 39], [40, 42], [41, 43], [44, 45], [46, 47], [48, 49], [2, 50], [1, 3], [4, 5], [6, 8], [7, 9], [10, 12], [11, 13]], [[18, 20], [19, 21], [22, 24], [23, 25], [26, 28], [27, 29], [30, 32], [31, 33], [34, 35], [36, 37], [38, 40], [39, 41], [42, 44], [43, 45], [46, 47], [48, 49], [2, 50], [1, 3], [4, 6], [5, 7], [8, 10], [9, 11], [12, 13], [14, 16], [15, 17]], [[40, 41], [42, 43], [44, 45], [46, 48], [47, 49], [1, 50], [2, 3], [4, 5], [6, 7], [8, 10], [9, 11], [12, 13], [14, 15], [16, 17], [18, 20], [19, 21], [22, 24], [23, 25], [26, 28], [27, 29], [30, 31], [32, 34], [33, 35], [36, 37], [38, 39]], [[43, 45], [46, 47], [48, 50], [1, 49], [2, 4], [3, 5], [6, 7], [8, 10], [9, 11], [12, 14], [13, 15], [16, 18], [17, 19], [20, 22], [21, 23], [24, 25], [26, 27], [28, 30], [29, 31], [32, 33], [34, 35], [36, 38], [37, 39], [40, 41], [42, 44]], [[41, 43], [44, 45], [46, 47], [48, 49], [2, 50], [1, 3], [4, 6], [5, 7], [8, 9], [10, 12], [11, 13], [14, 15], [16, 18], [17, 19], [20, 22], [21, 23], [24, 25], [26, 28], [27, 29], [30, 31], [32, 34], [33, 35], [36, 38], [37, 39], [40, 42]], [[2, 3], [4, 5], [6, 7], [8, 9], [10, 11], [12, 14], [13, 15], [16, 17], [18, 20], [19, 21], [22, 23], [24, 25], [26, 27], [28, 30], [29, 31], [32, 34], [33, 35], [36, 38], [37, 39], [40, 41], [42, 44], [43, 45], [46, 48], [47, 49], [1, 50]], [[11, 12], [13, 14], [15, 17], [16, 18], [19, 21], [20, 22], [23, 24], [25, 27], [26, 28], [29, 30], [31, 32], [33, 35], [34, 36], [37, 38], [39, 41], [40, 42], [43, 44], [45, 46], [47, 48], [1, 49], [2, 50], [3, 5], [4, 6], [7, 9], [8, 10]]]",,1,,0.0,62108,earthquake,21,1,2,,0.0,62108,thyroidcancer,9,2,1,,0.0,62108,earthquake,25,3,2,,1.0,62108,earthquake,9,4,1,,0.0,62108,nucleardisaster,7,5,1,,0.0,62108,earthquake,16,6,1,,0.0,62108,earthquake,3,7,1,,0.0,62108,earthquake,9,8,1,,1.0,62108,earthquake,22,9,2,,0.0,62108,earthquake,14,10,1,,0.0,62108,tsunami,11,11,2,,0.0,62108,tsunami,24,12,1,,0.0,62108,tsunami,23,13,2,,0.0,62108,earthquake,14,14,2,,0.0,62108,earthquake,22,15,2,,0.0,62108,earthquake,23,16,1,,0.0,62108,earthquake,1,17,2,,0.0,62108,earthquake,7,18,1,,0.0,62108,earthquake,16,19,1,,0.0,62108,earthquake,5,20,2,,0.0,62108,earthquake,25,21,1,,0.0,62108,reaction,5,22,1,,0.0,62108,reaction,17,23,1,,0.0,62108,disaster,16,24,2,,0.0,62108,setsuden,13,25,2,,1.0,62108,earthquake,3,26,1,,1.0,62108,earthquake,9,27,1,,0.0,62108,earthquake,2,28,2,,0.0,62108,earthquake,11,29,2,,1.0,62108,earthquake,14,30,1,,0.0,62108,earthquake,8,31,2,,0.0,62108,earthquake,4,32,2,,1.0,62108,earthquake,14,33,1,,0.0,62108,earthquake,4,34,2,,0.0,62108,earthquake,1,35,2,,0.0,62108,earthquake,15,36,1,,0.0,62108,earthquake,14,37,1,,0.0,62108,earthquake,15,38,2,,0.0,62108,earthquake,9,39,1,,0.0,62108,earthquake,6,40,,,,,,,,,,,,,,,,,,,,,,,,,,,,,,,,,,,,,,,,,,,,,,,,,,,,,,,,,,,,,,,,,,,,,,,,,,,,,,,,,,,,,,,,,,,,,,,,,,,,,,,,,,,,,,,,,,,,,,,,,,,,,,,,,,,,,,,,,,,,,,,,,,,,,,,,,,,,,,,,,,,,,,,,,,,,,,,,,,,,,,,,,,,,,,,,,,,,,,,,,,,,,,,,,,,,,,,,,,,,,,,,,,,,,,,,,,,,,,,,,,,,,,,,,,,,,,,,,,,,,,,,,,,,,,,,,,,,,,,,,,,,,,,,,,,,,,,,,,,,,,,,,,,,,,,,,,,,,,,,,,,,,,,,,,,,,,,,,,,,,,,,,,,,,,,,,,,,,,,,,,,,,,,,,,,,,,,,,,,,,,,,,,,,,,,,,,,,,,,,,,,,,,,,,,,,,,,,,,,,,,,,,,,,,,,,,,,,,,,,,,,,,,,,,,,,,,,,,,,,,,,,,,,,,,,,,,,,,,,,,,,,,,,,,,,,,,,,,,,,,,,,,,,,,,,,,,,,,,,,,,,,,,,,,,,,,,,,,,,,,,,,,,,,,,,,,,,,,,,,,,,,,,,,,,,,,,,,,,,,,,,,,,,,,,,,,,,,,,,,,,,,,,,,,,,,,,,,,,,,,,,,,,,,,,,,,,,,,,,,,,,,,,,,,,,,,,,,,,,,,,,,,,,,,,,,,,,,,,,,,,,,,,,,,,,,,,,,,,,,,,,,,,,,,,,,,,,,,,,,,,,,,,,,,,,,,,,,,,,,,,,,,,,,,,,,,,,,,,,,,,,,,,,,,,,,,,,,,,,,,,,,,,,,,,,,,,,,,,,,,,,,,,,,,,,,,,,,,,,,,,,,,,,,,,,,,,,,,,,,,,,,,,,,,,,,,,,,,,,,,,,,,,,,,,,,,,,,,,,,,,,,,,,,,,,,,,,,,,,,,,,,,,,,,,,,,,,,,,,,,,,,,,,,,,,,,,,,,,,,,,,,,,,,,,,,,,,,,,,,,,,,,,,,,,,,,,,,,,,,,,,,,,,,,,,,,,,,,,,,,,,,,,,,,,,,,,,,,,,,,,,,,,,,,,,,,,,,,,,,,,,,,,,,,,,,,,,,,,,,,,,,,,,,,,,,,,,,,,,,,,,,,,,,,,,,,,,,,,,,,,,,,,,,,,,,,,,,,,,,,,,,,,,,,,,,,,,,,,,,,,,,,,,,,,,,,,,,,,,,,,,,,,,,,,
21,lius6el2,,0,240,240,hashtag_experiment,LastPage,2024-04-17 17:11:35.831900,1,,,7.0,g8k2na6b,,,,,0,0.0,1.0,hashtag_experiment,"[[[30, 31], [32, 33], [34, 35], [36, 38], [37, 39], [40, 42], [41, 43], [44, 46], [45, 47], [48, 50], [1, 49], [2, 4], [3, 5], [6, 7], [8, 10], [9, 11], [12, 13], [14, 15], [16, 17], [18, 19], [20, 21], [22, 23], [24, 25], [26, 27], [28, 29]], [[3, 5], [4, 6], [7, 9], [8, 10], [11, 13], [12, 14], [15, 16], [17, 19], [18, 20], [21, 23], [22, 24], [25, 26], [27, 29], [28, 30], [31, 33], [32, 34], [35, 36], [37, 39], [38, 40], [41, 42], [43, 45], [44, 46], [47, 49], [48, 50], [1, 2]], [[23, 25], [22, 24], [26, 27], [28, 30], [29, 31], [32, 34], [33, 35], [36, 37], [38, 39], [40, 41], [42, 43], [44, 46], [45, 47], [48, 50], [1, 49], [2, 3], [4, 5], [6, 8], [7, 9], [10, 12], [11, 13], [14, 15], [16, 18], [17, 19], [20, 21]], [[3, 5], [4, 6], [7, 8], [9, 10], [11, 12], [13, 15], [14, 16], [17, 19], [18, 20], [21, 23], [22, 24], [25, 27], [26, 28], [29, 31], [30, 32], [33, 34], [35, 37], [36, 38], [39, 41], [40, 42], [43, 44], [45, 46], [47, 49], [48, 50], [1, 2]], [[9, 10], [11, 12], [13, 14], [15, 17], [16, 18], [19, 21], [20, 22], [23, 24], [25, 26], [27, 29], [28, 30], [31, 33], [32, 34], [35, 36], [37, 39], [38, 40], [41, 42], [43, 44], [45, 46], [47, 49], [48, 50], [1, 3], [2, 4], [5, 6], [7, 8]], [[41, 42], [43, 44], [45, 47], [46, 48], [49, 50], [1, 3], [2, 4], [5, 6], [7, 9], [8, 10], [11, 13], [12, 14], [15, 17], [16, 18], [19, 21], [20, 22], [23, 25], [24, 26], [27, 29], [28, 30], [31, 33], [32, 34], [35, 36], [37, 39], [38, 40]], [[16, 17], [18, 19], [20, 22], [21, 23], [24, 25], [26, 28], [27, 29], [30, 31], [32, 33], [34, 35], [36, 38], [37, 39], [40, 41], [42, 44], [43, 45], [46, 47], [48, 50], [1, 49], [2, 4], [3, 5], [6, 7], [8, 10], [9, 11], [12, 14], [13, 15]], [[5, 7], [6, 8], [9, 10], [11, 13], [12, 14], [15, 16], [17, 18], [19, 21], [20, 22], [23, 25], [24, 26], [27, 28], [29, 31], [30, 32], [33, 34], [35, 37], [36, 38], [39, 40], [41, 42], [43, 44], [45, 46], [47, 48], [1, 49], [2, 50], [3, 4]], [[30, 32], [29, 31], [33, 34], [35, 36], [37, 38], [39, 40], [41, 42], [43, 45], [44, 46], [47, 48], [1, 49], [2, 50], [3, 4], [5, 7], [6, 8], [9, 11], [10, 12], [13, 14], [15, 16], [17, 18], [19, 21], [20, 22], [23, 24], [25, 27], [26, 28]], [[44, 46], [43, 45], [47, 49], [48, 50], [1, 2], [3, 4], [5, 6], [7, 8], [9, 10], [11, 13], [12, 14], [15, 17], [16, 18], [19, 20], [21, 22], [23, 25], [24, 26], [27, 28], [29, 31], [30, 32], [33, 34], [35, 37], [36, 38], [39, 40], [41, 42]], [[1, 50], [2, 4], [3, 5], [6, 7], [8, 9], [10, 11], [12, 14], [13, 15], [16, 18], [17, 19], [20, 22], [21, 23], [24, 25], [26, 27], [28, 30], [29, 31], [32, 34], [33, 35], [36, 37], [38, 40], [39, 41], [42, 43], [44, 46], [45, 47], [48, 49]], [[23, 25], [24, 26], [27, 29], [28, 30], [31, 33], [32, 34], [35, 37], [36, 38], [39, 41], [40, 42], [43, 44], [45, 46], [47, 49], [48, 50], [1, 2], [3, 5], [4, 6], [7, 8], [9, 11], [10, 12], [13, 14], [15, 17], [16, 18], [19, 20], [21, 22]], [[26, 28], [27, 29], [30, 31], [32, 34], [33, 35], [36, 37], [38, 39], [40, 42], [41, 43], [44, 45], [46, 47], [48, 49], [1, 50], [2, 3], [4, 5], [6, 7], [8, 9], [10, 11], [12, 14], [13, 15], [16, 18], [17, 19], [20, 21], [22, 23], [24, 25]], [[43, 44], [45, 46], [47, 48], [1, 49], [2, 50], [3, 4], [5, 7], [6, 8], [9, 10], [11, 12], [13, 14], [15, 16], [17, 19], [18, 20], [21, 23], [22, 24], [25, 27], [26, 28], [29, 30], [31, 33], [32, 34], [35, 37], [36, 38], [39, 40], [41, 42]], [[26, 27], [28, 30], [29, 31], [32, 33], [34, 36], [35, 37], [38, 40], [39, 41], [42, 44], [43, 45], [46, 48], [47, 49], [2, 50], [1, 3], [4, 5], [6, 7], [8, 10], [9, 11], [12, 14], [13, 15], [16, 17], [18, 20], [19, 21], [22, 24], [23, 25]], [[25, 27], [26, 28], [29, 30], [31, 32], [33, 35], [34, 36], [37, 39], [38, 40], [41, 43], [42, 44], [45, 47], [46, 48], [1, 49], [2, 50], [3, 4], [5, 7], [6, 8], [9, 11], [10, 12], [13, 14], [15, 16], [17, 18], [19, 20], [21, 23], [22, 24]], [[20, 21], [22, 24], [23, 25], [26, 28], [27, 29], [30, 31], [32, 33], [34, 35], [36, 38], [37, 39], [40, 41], [42, 43], [44, 46], [45, 47], [48, 49], [1, 50], [2, 3], [4, 6], [5, 7], [8, 9], [10, 12], [11, 13], [14, 15], [16, 18], [17, 19]], [[6, 7], [8, 9], [10, 11], [12, 14], [13, 15], [16, 17], [18, 20], [19, 21], [22, 24], [23, 25], [26, 28], [27, 29], [30, 32], [31, 33], [34, 36], [35, 37], [38, 40], [39, 41], [42, 44], [43, 45], [46, 48], [47, 49], [1, 50], [2, 4], [3, 5]], [[41, 43], [40, 42], [44, 45], [46, 48], [47, 49], [1, 50], [2, 4], [3, 5], [6, 8], [7, 9], [10, 12], [11, 13], [14, 16], [15, 17], [18, 19], [20, 22], [21, 23], [24, 25], [26, 28], [27, 29], [30, 31], [32, 34], [33, 35], [36, 38], [37, 39]], [[13, 14], [15, 16], [17, 18], [19, 21], [20, 22], [23, 24], [25, 26], [27, 28], [29, 30], [31, 32], [33, 34], [35, 37], [36, 38], [39, 41], [40, 42], [43, 44], [45, 47], [46, 48], [49, 50], [1, 2], [3, 5], [4, 6], [7, 8], [9, 10], [11, 12]], [[21, 22], [23, 24], [25, 26], [27, 29], [28, 30], [31, 33], [32, 34], [35, 36], [37, 39], [38, 40], [41, 42], [43, 44], [45, 47], [46, 48], [49, 50], [1, 3], [2, 4], [5, 7], [6, 8], [9, 11], [10, 12], [13, 15], [14, 16], [17, 19], [18, 20]], [[12, 14], [13, 15], [16, 18], [17, 19], [20, 22], [21, 23], [24, 26], [25, 27], [28, 30], [29, 31], [32, 34], [33, 35], [36, 38], [37, 39], [40, 42], [41, 43], [44, 46], [45, 47], [48, 50], [1, 49], [2, 4], [3, 5], [6, 8], [7, 9], [10, 11]], [[39, 40], [41, 42], [43, 44], [45, 47], [46, 48], [1, 49], [2, 50], [3, 5], [4, 6], [7, 9], [8, 10], [11, 12], [13, 15], [14, 16], [17, 18], [19, 21], [20, 22], [23, 24], [25, 27], [26, 28], [29, 31], [30, 32], [33, 35], [34, 36], [37, 38]], [[41, 43], [42, 44], [45, 46], [47, 48], [1, 49], [2, 50], [3, 4], [5, 6], [7, 9], [8, 10], [11, 13], [12, 14], [15, 17], [16, 18], [19, 21], [20, 22], [23, 24], [25, 27], [26, 28], [29, 30], [31, 32], [33, 35], [34, 36], [37, 38], [39, 40]], [[43, 45], [46, 47], [48, 49], [2, 50], [1, 3], [4, 6], [5, 7], [8, 10], [9, 11], [12, 13], [14, 16], [15, 17], [18, 20], [19, 21], [22, 23], [24, 25], [26, 27], [28, 29], [30, 32], [31, 33], [34, 35], [36, 37], [38, 40], [39, 41], [42, 44]], [[14, 16], [17, 19], [18, 20], [21, 22], [23, 25], [24, 26], [27, 28], [29, 30], [31, 32], [33, 35], [34, 36], [37, 38], [39, 40], [41, 42], [43, 45], [44, 46], [47, 48], [1, 49], [2, 50], [3, 5], [4, 6], [7, 8], [9, 10], [11, 12], [13, 15]], [[5, 6], [7, 9], [8, 10], [11, 13], [12, 14], [15, 17], [16, 18], [19, 21], [20, 22], [23, 25], [24, 26], [27, 28], [29, 31], [30, 32], [33, 34], [35, 37], [36, 38], [39, 41], [40, 42], [43, 44], [45, 47], [46, 48], [1, 49], [2, 50], [3, 4]], [[18, 19], [20, 22], [21, 23], [24, 25], [26, 28], [27, 29], [30, 32], [31, 33], [34, 36], [35, 37], [38, 40], [39, 41], [42, 44], [43, 45], [46, 48], [47, 49], [2, 50], [1, 3], [4, 5], [6, 8], [7, 9], [10, 12], [11, 13], [14, 16], [15, 17]], [[49, 50], [1, 2], [3, 4], [5, 6], [7, 8], [9, 10], [11, 12], [13, 15], [14, 16], [17, 18], [19, 20], [21, 22], [23, 25], [24, 26], [27, 28], [29, 30], [31, 32], [33, 34], [35, 36], [37, 38], [39, 41], [40, 42], [43, 44], [45, 47], [46, 48]], [[43, 45], [44, 46], [47, 49], [48, 50], [1, 2], [3, 4], [5, 7], [6, 8], [9, 10], [11, 13], [12, 14], [15, 16], [17, 18], [19, 20], [21, 23], [22, 24], [25, 27], [26, 28], [29, 31], [30, 32], [33, 35], [34, 36], [37, 38], [39, 41], [40, 42]], [[7, 8], [9, 10], [11, 13], [12, 14], [15, 17], [16, 18], [19, 21], [20, 22], [23, 24], [25, 27], [26, 28], [29, 31], [30, 32], [33, 34], [35, 36], [37, 39], [38, 40], [41, 43], [42, 44], [45, 46], [47, 49], [48, 50], [1, 2], [3, 4], [5, 6]], [[14, 16], [13, 15], [17, 19], [18, 20], [21, 22], [23, 25], [24, 26], [27, 28], [29, 31], [30, 32], [33, 34], [35, 37], [36, 38], [39, 40], [41, 42], [43, 45], [44, 46], [47, 48], [1, 49], [2, 50], [3, 4], [5, 7], [6, 8], [9, 11], [10, 12]], [[43, 45], [44, 46], [47, 48], [1, 49], [2, 50], [3, 4], [5, 6], [7, 9], [8, 10], [11, 12], [13, 14], [15, 16], [17, 19], [18, 20], [21, 23], [22, 24], [25, 26], [27, 29], [28, 30], [31, 32], [33, 35], [34, 36], [37, 39], [38, 40], [41, 42]], [[14, 15], [16, 17], [18, 19], [20, 21], [22, 24], [23, 25], [26, 27], [28, 29], [30, 32], [31, 33], [34, 36], [35, 37], [38, 39], [40, 42], [41, 43], [44, 45], [46, 47], [48, 49], [2, 50], [1, 3], [4, 5], [6, 8], [7, 9], [10, 12], [11, 13]], [[18, 20], [19, 21], [22, 24], [23, 25], [26, 28], [27, 29], [30, 32], [31, 33], [34, 35], [36, 37], [38, 40], [39, 41], [42, 44], [43, 45], [46, 47], [48, 49], [2, 50], [1, 3], [4, 6], [5, 7], [8, 10], [9, 11], [12, 13], [14, 16], [15, 17]], [[40, 41], [42, 43], [44, 45], [46, 48], [47, 49], [1, 50], [2, 3], [4, 5], [6, 7], [8, 10], [9, 11], [12, 13], [14, 15], [16, 17], [18, 20], [19, 21], [22, 24], [23, 25], [26, 28], [27, 29], [30, 31], [32, 34], [33, 35], [36, 37], [38, 39]], [[43, 45], [46, 47], [48, 50], [1, 49], [2, 4], [3, 5], [6, 7], [8, 10], [9, 11], [12, 14], [13, 15], [16, 18], [17, 19], [20, 22], [21, 23], [24, 25], [26, 27], [28, 30], [29, 31], [32, 33], [34, 35], [36, 38], [37, 39], [40, 41], [42, 44]], [[41, 43], [44, 45], [46, 47], [48, 49], [2, 50], [1, 3], [4, 6], [5, 7], [8, 9], [10, 12], [11, 13], [14, 15], [16, 18], [17, 19], [20, 22], [21, 23], [24, 25], [26, 28], [27, 29], [30, 31], [32, 34], [33, 35], [36, 38], [37, 39], [40, 42]], [[2, 3], [4, 5], [6, 7], [8, 9], [10, 11], [12, 14], [13, 15], [16, 17], [18, 20], [19, 21], [22, 23], [24, 25], [26, 27], [28, 30], [29, 31], [32, 34], [33, 35], [36, 38], [37, 39], [40, 41], [42, 44], [43, 45], [46, 48], [47, 49], [1, 50]], [[11, 12], [13, 14], [15, 17], [16, 18], [19, 21], [20, 22], [23, 24], [25, 27], [26, 28], [29, 30], [31, 32], [33, 35], [34, 36], [37, 38], [39, 41], [40, 42], [43, 44], [45, 46], [47, 48], [1, 49], [2, 50], [3, 5], [4, 6], [7, 9], [8, 10]]]",,2,,0.0,25644,Nuclear,21,1,1,,0.0,25644,NaturalDisaster,10,2,2,,0.0,25644,Nucleardisaster,25,3,1,,1.0,25644,Setsuden,10,4,2,,0.0,25644,Displacement,6,5,2,,0.0,25644,Tsunami,15,6,1,,0.0,25644,Earthquake,4,7,2,,0.0,25644,Tsunami,8,8,2,,0.0,25644,Tsunami,21,9,1,,0.0,25644,AidforJapan,15,10,1,,0.0,25644,Earthquake,12,11,1,,0.0,25644,Earthquake,25,12,2,,0.0,25644,Earthquake,23,13,1,,0.0,25644,Tsunami,15,14,2,,1.0,25644,Tsunami,23,15,1,,0.0,25644,Tsunami,24,16,2,,0.0,25644,Tsunami,1,17,2,,0.0,25644,Tsunami,8,18,1,,0.0,25644,Tsunami,17,19,2,,1.0,25644,Tsunami,4,20,1,,1.0,25644,Tsunami,1,21,1,,0.0,25644,Tsunami,6,22,2,,0.0,25644,Tsunami,16,23,2,,0.0,25644,Tsunami,15,24,2,,1.0,25644,Tsunami,14,25,1,,0.0,25644,TSunami,4,26,2,,0.0,25644,Tsunami,8,27,1,,0.0,25644,Tsunami,3,28,1,,0.0,25644,Tsunami,12,29,1,,0.0,25644,tsunami,15,30,2,,0.0,25644,Setsuden,7,31,1,,0.0,25644,tsunami,5,32,1,,0.0,25644,tsunami,15,33,2,,0.0,25644,setsuden,4,34,2,,0.0,25644,setsuden,2,35,2,,0.0,25644,setsuden,16,36,1,,1.0,25644,setsuden,15,37,1,,1.0,25644,setsuden,16,38,2,,0.0,25644,setsuden,10,39,2,,0.0,25644,setsuden,5,40,,,,,,,,,,,,,,,,,,,,,,,,,,,,,,,,,,,,,,,,,,,,,,,,,,,,,,,,,,,,,,,,,,,,,,,,,,,,,,,,,,,,,,,,,,,,,,,,,,,,,,,,,,,,,,,,,,,,,,,,,,,,,,,,,,,,,,,,,,,,,,,,,,,,,,,,,,,,,,,,,,,,,,,,,,,,,,,,,,,,,,,,,,,,,,,,,,,,,,,,,,,,,,,,,,,,,,,,,,,,,,,,,,,,,,,,,,,,,,,,,,,,,,,,,,,,,,,,,,,,,,,,,,,,,,,,,,,,,,,,,,,,,,,,,,,,,,,,,,,,,,,,,,,,,,,,,,,,,,,,,,,,,,,,,,,,,,,,,,,,,,,,,,,,,,,,,,,,,,,,,,,,,,,,,,,,,,,,,,,,,,,,,,,,,,,,,,,,,,,,,,,,,,,,,,,,,,,,,,,,,,,,,,,,,,,,,,,,,,,,,,,,,,,,,,,,,,,,,,,,,,,,,,,,,,,,,,,,,,,,,,,,,,,,,,,,,,,,,,,,,,,,,,,,,,,,,,,,,,,,,,,,,,,,,,,,,,,,,,,,,,,,,,,,,,,,,,,,,,,,,,,,,,,,,,,,,,,,,,,,,,,,,,,,,,,,,,,,,,,,,,,,,,,,,,,,,,,,,,,,,,,,,,,,,,,,,,,,,,,,,,,,,,,,,,,,,,,,,,,,,,,,,,,,,,,,,,,,,,,,,,,,,,,,,,,,,,,,,,,,,,,,,,,,,,,,,,,,,,,,,,,,,,,,,,,,,,,,,,,,,,,,,,,,,,,,,,,,,,,,,,,,,,,,,,,,,,,,,,,,,,,,,,,,,,,,,,,,,,,,,,,,,,,,,,,,,,,,,,,,,,,,,,,,,,,,,,,,,,,,,,,,,,,,,,,,,,,,,,,,,,,,,,,,,,,,,,,,,,,,,,,,,,,,,,,,,,,,,,,,,,,,,,,,,,,,,,,,,,,,,,,,,,,,,,,,,,,,,,,,,,,,,,,,,,,,,,,,,,,,,,,,,,,,,,,,,,,,,,,,,,,,,,,,,,,,,,,,,,,,,,,,,,,,,,,,,,,,,,,,,,,,,,,,,,,,,,,,,,,,,,,,,,,,,,,,,,,,,,,,,,,,,,,,,,,,,,,,,,,,,,,,,,,,,,,,,,,,,,,,,,,,,,,,,,,,,,,,,,,,,,,,,,,,,,,,,,,,,,,,,,,,,,,,,,,,,,,,,,,,,,,,,,,,,,
22,oy4ztee0,,0,240,240,hashtag_experiment,LastPage,2024-04-17 17:11:42.463394,1,,,8.0,g8k2na6b,,,,,0,0.0,1.0,hashtag_experiment,"[[[30, 31], [32, 33], [34, 35], [36, 38], [37, 39], [40, 42], [41, 43], [44, 46], [45, 47], [48, 50], [1, 49], [2, 4], [3, 5], [6, 7], [8, 10], [9, 11], [12, 13], [14, 15], [16, 17], [18, 19], [20, 21], [22, 23], [24, 25], [26, 27], [28, 29]], [[3, 5], [4, 6], [7, 9], [8, 10], [11, 13], [12, 14], [15, 16], [17, 19], [18, 20], [21, 23], [22, 24], [25, 26], [27, 29], [28, 30], [31, 33], [32, 34], [35, 36], [37, 39], [38, 40], [41, 42], [43, 45], [44, 46], [47, 49], [48, 50], [1, 2]], [[23, 25], [22, 24], [26, 27], [28, 30], [29, 31], [32, 34], [33, 35], [36, 37], [38, 39], [40, 41], [42, 43], [44, 46], [45, 47], [48, 50], [1, 49], [2, 3], [4, 5], [6, 8], [7, 9], [10, 12], [11, 13], [14, 15], [16, 18], [17, 19], [20, 21]], [[3, 5], [4, 6], [7, 8], [9, 10], [11, 12], [13, 15], [14, 16], [17, 19], [18, 20], [21, 23], [22, 24], [25, 27], [26, 28], [29, 31], [30, 32], [33, 34], [35, 37], [36, 38], [39, 41], [40, 42], [43, 44], [45, 46], [47, 49], [48, 50], [1, 2]], [[9, 10], [11, 12], [13, 14], [15, 17], [16, 18], [19, 21], [20, 22], [23, 24], [25, 26], [27, 29], [28, 30], [31, 33], [32, 34], [35, 36], [37, 39], [38, 40], [41, 42], [43, 44], [45, 46], [47, 49], [48, 50], [1, 3], [2, 4], [5, 6], [7, 8]], [[41, 42], [43, 44], [45, 47], [46, 48], [49, 50], [1, 3], [2, 4], [5, 6], [7, 9], [8, 10], [11, 13], [12, 14], [15, 17], [16, 18], [19, 21], [20, 22], [23, 25], [24, 26], [27, 29], [28, 30], [31, 33], [32, 34], [35, 36], [37, 39], [38, 40]], [[16, 17], [18, 19], [20, 22], [21, 23], [24, 25], [26, 28], [27, 29], [30, 31], [32, 33], [34, 35], [36, 38], [37, 39], [40, 41], [42, 44], [43, 45], [46, 47], [48, 50], [1, 49], [2, 4], [3, 5], [6, 7], [8, 10], [9, 11], [12, 14], [13, 15]], [[5, 7], [6, 8], [9, 10], [11, 13], [12, 14], [15, 16], [17, 18], [19, 21], [20, 22], [23, 25], [24, 26], [27, 28], [29, 31], [30, 32], [33, 34], [35, 37], [36, 38], [39, 40], [41, 42], [43, 44], [45, 46], [47, 48], [1, 49], [2, 50], [3, 4]], [[30, 32], [29, 31], [33, 34], [35, 36], [37, 38], [39, 40], [41, 42], [43, 45], [44, 46], [47, 48], [1, 49], [2, 50], [3, 4], [5, 7], [6, 8], [9, 11], [10, 12], [13, 14], [15, 16], [17, 18], [19, 21], [20, 22], [23, 24], [25, 27], [26, 28]], [[44, 46], [43, 45], [47, 49], [48, 50], [1, 2], [3, 4], [5, 6], [7, 8], [9, 10], [11, 13], [12, 14], [15, 17], [16, 18], [19, 20], [21, 22], [23, 25], [24, 26], [27, 28], [29, 31], [30, 32], [33, 34], [35, 37], [36, 38], [39, 40], [41, 42]], [[1, 50], [2, 4], [3, 5], [6, 7], [8, 9], [10, 11], [12, 14], [13, 15], [16, 18], [17, 19], [20, 22], [21, 23], [24, 25], [26, 27], [28, 30], [29, 31], [32, 34], [33, 35], [36, 37], [38, 40], [39, 41], [42, 43], [44, 46], [45, 47], [48, 49]], [[23, 25], [24, 26], [27, 29], [28, 30], [31, 33], [32, 34], [35, 37], [36, 38], [39, 41], [40, 42], [43, 44], [45, 46], [47, 49], [48, 50], [1, 2], [3, 5], [4, 6], [7, 8], [9, 11], [10, 12], [13, 14], [15, 17], [16, 18], [19, 20], [21, 22]], [[26, 28], [27, 29], [30, 31], [32, 34], [33, 35], [36, 37], [38, 39], [40, 42], [41, 43], [44, 45], [46, 47], [48, 49], [1, 50], [2, 3], [4, 5], [6, 7], [8, 9], [10, 11], [12, 14], [13, 15], [16, 18], [17, 19], [20, 21], [22, 23], [24, 25]], [[43, 44], [45, 46], [47, 48], [1, 49], [2, 50], [3, 4], [5, 7], [6, 8], [9, 10], [11, 12], [13, 14], [15, 16], [17, 19], [18, 20], [21, 23], [22, 24], [25, 27], [26, 28], [29, 30], [31, 33], [32, 34], [35, 37], [36, 38], [39, 40], [41, 42]], [[26, 27], [28, 30], [29, 31], [32, 33], [34, 36], [35, 37], [38, 40], [39, 41], [42, 44], [43, 45], [46, 48], [47, 49], [2, 50], [1, 3], [4, 5], [6, 7], [8, 10], [9, 11], [12, 14], [13, 15], [16, 17], [18, 20], [19, 21], [22, 24], [23, 25]], [[25, 27], [26, 28], [29, 30], [31, 32], [33, 35], [34, 36], [37, 39], [38, 40], [41, 43], [42, 44], [45, 47], [46, 48], [1, 49], [2, 50], [3, 4], [5, 7], [6, 8], [9, 11], [10, 12], [13, 14], [15, 16], [17, 18], [19, 20], [21, 23], [22, 24]], [[20, 21], [22, 24], [23, 25], [26, 28], [27, 29], [30, 31], [32, 33], [34, 35], [36, 38], [37, 39], [40, 41], [42, 43], [44, 46], [45, 47], [48, 49], [1, 50], [2, 3], [4, 6], [5, 7], [8, 9], [10, 12], [11, 13], [14, 15], [16, 18], [17, 19]], [[6, 7], [8, 9], [10, 11], [12, 14], [13, 15], [16, 17], [18, 20], [19, 21], [22, 24], [23, 25], [26, 28], [27, 29], [30, 32], [31, 33], [34, 36], [35, 37], [38, 40], [39, 41], [42, 44], [43, 45], [46, 48], [47, 49], [1, 50], [2, 4], [3, 5]], [[41, 43], [40, 42], [44, 45], [46, 48], [47, 49], [1, 50], [2, 4], [3, 5], [6, 8], [7, 9], [10, 12], [11, 13], [14, 16], [15, 17], [18, 19], [20, 22], [21, 23], [24, 25], [26, 28], [27, 29], [30, 31], [32, 34], [33, 35], [36, 38], [37, 39]], [[13, 14], [15, 16], [17, 18], [19, 21], [20, 22], [23, 24], [25, 26], [27, 28], [29, 30], [31, 32], [33, 34], [35, 37], [36, 38], [39, 41], [40, 42], [43, 44], [45, 47], [46, 48], [49, 50], [1, 2], [3, 5], [4, 6], [7, 8], [9, 10], [11, 12]], [[21, 22], [23, 24], [25, 26], [27, 29], [28, 30], [31, 33], [32, 34], [35, 36], [37, 39], [38, 40], [41, 42], [43, 44], [45, 47], [46, 48], [49, 50], [1, 3], [2, 4], [5, 7], [6, 8], [9, 11], [10, 12], [13, 15], [14, 16], [17, 19], [18, 20]], [[12, 14], [13, 15], [16, 18], [17, 19], [20, 22], [21, 23], [24, 26], [25, 27], [28, 30], [29, 31], [32, 34], [33, 35], [36, 38], [37, 39], [40, 42], [41, 43], [44, 46], [45, 47], [48, 50], [1, 49], [2, 4], [3, 5], [6, 8], [7, 9], [10, 11]], [[39, 40], [41, 42], [43, 44], [45, 47], [46, 48], [1, 49], [2, 50], [3, 5], [4, 6], [7, 9], [8, 10], [11, 12], [13, 15], [14, 16], [17, 18], [19, 21], [20, 22], [23, 24], [25, 27], [26, 28], [29, 31], [30, 32], [33, 35], [34, 36], [37, 38]], [[41, 43], [42, 44], [45, 46], [47, 48], [1, 49], [2, 50], [3, 4], [5, 6], [7, 9], [8, 10], [11, 13], [12, 14], [15, 17], [16, 18], [19, 21], [20, 22], [23, 24], [25, 27], [26, 28], [29, 30], [31, 32], [33, 35], [34, 36], [37, 38], [39, 40]], [[43, 45], [46, 47], [48, 49], [2, 50], [1, 3], [4, 6], [5, 7], [8, 10], [9, 11], [12, 13], [14, 16], [15, 17], [18, 20], [19, 21], [22, 23], [24, 25], [26, 27], [28, 29], [30, 32], [31, 33], [34, 35], [36, 37], [38, 40], [39, 41], [42, 44]], [[14, 16], [17, 19], [18, 20], [21, 22], [23, 25], [24, 26], [27, 28], [29, 30], [31, 32], [33, 35], [34, 36], [37, 38], [39, 40], [41, 42], [43, 45], [44, 46], [47, 48], [1, 49], [2, 50], [3, 5], [4, 6], [7, 8], [9, 10], [11, 12], [13, 15]], [[5, 6], [7, 9], [8, 10], [11, 13], [12, 14], [15, 17], [16, 18], [19, 21], [20, 22], [23, 25], [24, 26], [27, 28], [29, 31], [30, 32], [33, 34], [35, 37], [36, 38], [39, 41], [40, 42], [43, 44], [45, 47], [46, 48], [1, 49], [2, 50], [3, 4]], [[18, 19], [20, 22], [21, 23], [24, 25], [26, 28], [27, 29], [30, 32], [31, 33], [34, 36], [35, 37], [38, 40], [39, 41], [42, 44], [43, 45], [46, 48], [47, 49], [2, 50], [1, 3], [4, 5], [6, 8], [7, 9], [10, 12], [11, 13], [14, 16], [15, 17]], [[49, 50], [1, 2], [3, 4], [5, 6], [7, 8], [9, 10], [11, 12], [13, 15], [14, 16], [17, 18], [19, 20], [21, 22], [23, 25], [24, 26], [27, 28], [29, 30], [31, 32], [33, 34], [35, 36], [37, 38], [39, 41], [40, 42], [43, 44], [45, 47], [46, 48]], [[43, 45], [44, 46], [47, 49], [48, 50], [1, 2], [3, 4], [5, 7], [6, 8], [9, 10], [11, 13], [12, 14], [15, 16], [17, 18], [19, 20], [21, 23], [22, 24], [25, 27], [26, 28], [29, 31], [30, 32], [33, 35], [34, 36], [37, 38], [39, 41], [40, 42]], [[7, 8], [9, 10], [11, 13], [12, 14], [15, 17], [16, 18], [19, 21], [20, 22], [23, 24], [25, 27], [26, 28], [29, 31], [30, 32], [33, 34], [35, 36], [37, 39], [38, 40], [41, 43], [42, 44], [45, 46], [47, 49], [48, 50], [1, 2], [3, 4], [5, 6]], [[14, 16], [13, 15], [17, 19], [18, 20], [21, 22], [23, 25], [24, 26], [27, 28], [29, 31], [30, 32], [33, 34], [35, 37], [36, 38], [39, 40], [41, 42], [43, 45], [44, 46], [47, 48], [1, 49], [2, 50], [3, 4], [5, 7], [6, 8], [9, 11], [10, 12]], [[43, 45], [44, 46], [47, 48], [1, 49], [2, 50], [3, 4], [5, 6], [7, 9], [8, 10], [11, 12], [13, 14], [15, 16], [17, 19], [18, 20], [21, 23], [22, 24], [25, 26], [27, 29], [28, 30], [31, 32], [33, 35], [34, 36], [37, 39], [38, 40], [41, 42]], [[14, 15], [16, 17], [18, 19], [20, 21], [22, 24], [23, 25], [26, 27], [28, 29], [30, 32], [31, 33], [34, 36], [35, 37], [38, 39], [40, 42], [41, 43], [44, 45], [46, 47], [48, 49], [2, 50], [1, 3], [4, 5], [6, 8], [7, 9], [10, 12], [11, 13]], [[18, 20], [19, 21], [22, 24], [23, 25], [26, 28], [27, 29], [30, 32], [31, 33], [34, 35], [36, 37], [38, 40], [39, 41], [42, 44], [43, 45], [46, 47], [48, 49], [2, 50], [1, 3], [4, 6], [5, 7], [8, 10], [9, 11], [12, 13], [14, 16], [15, 17]], [[40, 41], [42, 43], [44, 45], [46, 48], [47, 49], [1, 50], [2, 3], [4, 5], [6, 7], [8, 10], [9, 11], [12, 13], [14, 15], [16, 17], [18, 20], [19, 21], [22, 24], [23, 25], [26, 28], [27, 29], [30, 31], [32, 34], [33, 35], [36, 37], [38, 39]], [[43, 45], [46, 47], [48, 50], [1, 49], [2, 4], [3, 5], [6, 7], [8, 10], [9, 11], [12, 14], [13, 15], [16, 18], [17, 19], [20, 22], [21, 23], [24, 25], [26, 27], [28, 30], [29, 31], [32, 33], [34, 35], [36, 38], [37, 39], [40, 41], [42, 44]], [[41, 43], [44, 45], [46, 47], [48, 49], [2, 50], [1, 3], [4, 6], [5, 7], [8, 9], [10, 12], [11, 13], [14, 15], [16, 18], [17, 19], [20, 22], [21, 23], [24, 25], [26, 28], [27, 29], [30, 31], [32, 34], [33, 35], [36, 38], [37, 39], [40, 42]], [[2, 3], [4, 5], [6, 7], [8, 9], [10, 11], [12, 14], [13, 15], [16, 17], [18, 20], [19, 21], [22, 23], [24, 25], [26, 27], [28, 30], [29, 31], [32, 34], [33, 35], [36, 38], [37, 39], [40, 41], [42, 44], [43, 45], [46, 48], [47, 49], [1, 50]], [[11, 12], [13, 14], [15, 17], [16, 18], [19, 21], [20, 22], [23, 24], [25, 27], [26, 28], [29, 30], [31, 32], [33, 35], [34, 36], [37, 38], [39, 41], [40, 42], [43, 44], [45, 46], [47, 48], [1, 49], [2, 50], [3, 5], [4, 6], [7, 9], [8, 10]]]",,1,,0.0,96994,energycrisis,22,1,1,,0.0,96994,nucleardisaster,11,2,1,,0.0,96994,displacement,2,3,1,,0.0,96994,nucleardisaster,11,4,2,,0.0,96994,earthquake,7,5,2,,0.0,96994,nucleardisaster,16,6,2,,0.0,96994,tsunami,3,7,2,,0.0,96994,radioactive,9,8,2,,1.0,96994,earthquake,22,9,2,,0.0,96994,nuclear,15,10,2,,0.0,96994,populationdisplacement,11,11,2,,0.0,96994,tsunami,25,12,1,,0.0,96994,disaster,24,13,1,,0.0,96994,saveenergy,16,14,1,,1.0,96994,setsuden,24,15,1,,0.0,96994,radioactive,25,16,1,,0.0,96994,eastasia,2,17,1,,1.0,96994,setsuden,9,18,2,,0.0,96994,setsuden,16,19,2,,0.0,96994,setsuden,5,20,2,,1.0,96994,tsunami,1,21,2,,0.0,96994,disaster,5,22,2,,0.0,96994,nucleardisaster,17,23,2,,0.0,96994,setsuden,16,24,1,,0.0,96994,savingenergy,15,25,2,,0.0,96994,setsuden,4,26,2,,1.0,96994,earthquake,9,27,2,,0.0,96994,setsuden,2,28,2,,0.0,96994,naturaldisaster,12,29,1,,0.0,96994,asia,16,30,2,,0.0,96994,setsuden,8,31,2,,0.0,96994,earthquake,5,32,1,,0.0,96994,displacement,16,33,1,,1.0,96994,setsuden,5,34,1,,1.0,96994,setsuden,3,35,1,,1.0,96994,setsuden,17,36,2,,0.0,96994,setsuden,14,37,2,,0.0,96994,setsuden,15,38,1,,0.0,96994,earthquake,11,39,2,,0.0,96994,setsuden,6,40,,,,,,,,,,,,,,,,,,,,,,,,,,,,,,,,,,,,,,,,,,,,,,,,,,,,,,,,,,,,,,,,,,,,,,,,,,,,,,,,,,,,,,,,,,,,,,,,,,,,,,,,,,,,,,,,,,,,,,,,,,,,,,,,,,,,,,,,,,,,,,,,,,,,,,,,,,,,,,,,,,,,,,,,,,,,,,,,,,,,,,,,,,,,,,,,,,,,,,,,,,,,,,,,,,,,,,,,,,,,,,,,,,,,,,,,,,,,,,,,,,,,,,,,,,,,,,,,,,,,,,,,,,,,,,,,,,,,,,,,,,,,,,,,,,,,,,,,,,,,,,,,,,,,,,,,,,,,,,,,,,,,,,,,,,,,,,,,,,,,,,,,,,,,,,,,,,,,,,,,,,,,,,,,,,,,,,,,,,,,,,,,,,,,,,,,,,,,,,,,,,,,,,,,,,,,,,,,,,,,,,,,,,,,,,,,,,,,,,,,,,,,,,,,,,,,,,,,,,,,,,,,,,,,,,,,,,,,,,,,,,,,,,,,,,,,,,,,,,,,,,,,,,,,,,,,,,,,,,,,,,,,,,,,,,,,,,,,,,,,,,,,,,,,,,,,,,,,,,,,,,,,,,,,,,,,,,,,,,,,,,,,,,,,,,,,,,,,,,,,,,,,,,,,,,,,,,,,,,,,,,,,,,,,,,,,,,,,,,,,,,,,,,,,,,,,,,,,,,,,,,,,,,,,,,,,,,,,,,,,,,,,,,,,,,,,,,,,,,,,,,,,,,,,,,,,,,,,,,,,,,,,,,,,,,,,,,,,,,,,,,,,,,,,,,,,,,,,,,,,,,,,,,,,,,,,,,,,,,,,,,,,,,,,,,,,,,,,,,,,,,,,,,,,,,,,,,,,,,,,,,,,,,,,,,,,,,,,,,,,,,,,,,,,,,,,,,,,,,,,,,,,,,,,,,,,,,,,,,,,,,,,,,,,,,,,,,,,,,,,,,,,,,,,,,,,,,,,,,,,,,,,,,,,,,,,,,,,,,,,,,,,,,,,,,,,,,,,,,,,,,,,,,,,,,,,,,,,,,,,,,,,,,,,,,,,,,,,,,,,,,,,,,,,,,,,,,,,,,,,,,,,,,,,,,,,,,,,,,,,,,,,,,,,,,,,,,,,,,,,,,,,,,,,,,,,,,,,,,,,,,,,,,,,,,,,,,,,,,,,,,,,,,,,,,,,,,,,,,,,,,,,,,,,,,,,,,,,,,,,,,,,,,,,,,,,,,,,,,,,,,,,,,,,,,
23,wi8cyja9,,0,240,240,hashtag_experiment,LastPage,2024-04-17 17:11:46.563872,1,,,21.0,g8k2na6b,,,,,0,0.0,1.0,hashtag_experiment,"[[[30, 31], [32, 33], [34, 35], [36, 38], [37, 39], [40, 42], [41, 43], [44, 46], [45, 47], [48, 50], [1, 49], [2, 4], [3, 5], [6, 7], [8, 10], [9, 11], [12, 13], [14, 15], [16, 17], [18, 19], [20, 21], [22, 23], [24, 25], [26, 27], [28, 29]], [[3, 5], [4, 6], [7, 9], [8, 10], [11, 13], [12, 14], [15, 16], [17, 19], [18, 20], [21, 23], [22, 24], [25, 26], [27, 29], [28, 30], [31, 33], [32, 34], [35, 36], [37, 39], [38, 40], [41, 42], [43, 45], [44, 46], [47, 49], [48, 50], [1, 2]], [[23, 25], [22, 24], [26, 27], [28, 30], [29, 31], [32, 34], [33, 35], [36, 37], [38, 39], [40, 41], [42, 43], [44, 46], [45, 47], [48, 50], [1, 49], [2, 3], [4, 5], [6, 8], [7, 9], [10, 12], [11, 13], [14, 15], [16, 18], [17, 19], [20, 21]], [[3, 5], [4, 6], [7, 8], [9, 10], [11, 12], [13, 15], [14, 16], [17, 19], [18, 20], [21, 23], [22, 24], [25, 27], [26, 28], [29, 31], [30, 32], [33, 34], [35, 37], [36, 38], [39, 41], [40, 42], [43, 44], [45, 46], [47, 49], [48, 50], [1, 2]], [[9, 10], [11, 12], [13, 14], [15, 17], [16, 18], [19, 21], [20, 22], [23, 24], [25, 26], [27, 29], [28, 30], [31, 33], [32, 34], [35, 36], [37, 39], [38, 40], [41, 42], [43, 44], [45, 46], [47, 49], [48, 50], [1, 3], [2, 4], [5, 6], [7, 8]], [[41, 42], [43, 44], [45, 47], [46, 48], [49, 50], [1, 3], [2, 4], [5, 6], [7, 9], [8, 10], [11, 13], [12, 14], [15, 17], [16, 18], [19, 21], [20, 22], [23, 25], [24, 26], [27, 29], [28, 30], [31, 33], [32, 34], [35, 36], [37, 39], [38, 40]], [[16, 17], [18, 19], [20, 22], [21, 23], [24, 25], [26, 28], [27, 29], [30, 31], [32, 33], [34, 35], [36, 38], [37, 39], [40, 41], [42, 44], [43, 45], [46, 47], [48, 50], [1, 49], [2, 4], [3, 5], [6, 7], [8, 10], [9, 11], [12, 14], [13, 15]], [[5, 7], [6, 8], [9, 10], [11, 13], [12, 14], [15, 16], [17, 18], [19, 21], [20, 22], [23, 25], [24, 26], [27, 28], [29, 31], [30, 32], [33, 34], [35, 37], [36, 38], [39, 40], [41, 42], [43, 44], [45, 46], [47, 48], [1, 49], [2, 50], [3, 4]], [[30, 32], [29, 31], [33, 34], [35, 36], [37, 38], [39, 40], [41, 42], [43, 45], [44, 46], [47, 48], [1, 49], [2, 50], [3, 4], [5, 7], [6, 8], [9, 11], [10, 12], [13, 14], [15, 16], [17, 18], [19, 21], [20, 22], [23, 24], [25, 27], [26, 28]], [[44, 46], [43, 45], [47, 49], [48, 50], [1, 2], [3, 4], [5, 6], [7, 8], [9, 10], [11, 13], [12, 14], [15, 17], [16, 18], [19, 20], [21, 22], [23, 25], [24, 26], [27, 28], [29, 31], [30, 32], [33, 34], [35, 37], [36, 38], [39, 40], [41, 42]], [[1, 50], [2, 4], [3, 5], [6, 7], [8, 9], [10, 11], [12, 14], [13, 15], [16, 18], [17, 19], [20, 22], [21, 23], [24, 25], [26, 27], [28, 30], [29, 31], [32, 34], [33, 35], [36, 37], [38, 40], [39, 41], [42, 43], [44, 46], [45, 47], [48, 49]], [[23, 25], [24, 26], [27, 29], [28, 30], [31, 33], [32, 34], [35, 37], [36, 38], [39, 41], [40, 42], [43, 44], [45, 46], [47, 49], [48, 50], [1, 2], [3, 5], [4, 6], [7, 8], [9, 11], [10, 12], [13, 14], [15, 17], [16, 18], [19, 20], [21, 22]], [[26, 28], [27, 29], [30, 31], [32, 34], [33, 35], [36, 37], [38, 39], [40, 42], [41, 43], [44, 45], [46, 47], [48, 49], [1, 50], [2, 3], [4, 5], [6, 7], [8, 9], [10, 11], [12, 14], [13, 15], [16, 18], [17, 19], [20, 21], [22, 23], [24, 25]], [[43, 44], [45, 46], [47, 48], [1, 49], [2, 50], [3, 4], [5, 7], [6, 8], [9, 10], [11, 12], [13, 14], [15, 16], [17, 19], [18, 20], [21, 23], [22, 24], [25, 27], [26, 28], [29, 30], [31, 33], [32, 34], [35, 37], [36, 38], [39, 40], [41, 42]], [[26, 27], [28, 30], [29, 31], [32, 33], [34, 36], [35, 37], [38, 40], [39, 41], [42, 44], [43, 45], [46, 48], [47, 49], [2, 50], [1, 3], [4, 5], [6, 7], [8, 10], [9, 11], [12, 14], [13, 15], [16, 17], [18, 20], [19, 21], [22, 24], [23, 25]], [[25, 27], [26, 28], [29, 30], [31, 32], [33, 35], [34, 36], [37, 39], [38, 40], [41, 43], [42, 44], [45, 47], [46, 48], [1, 49], [2, 50], [3, 4], [5, 7], [6, 8], [9, 11], [10, 12], [13, 14], [15, 16], [17, 18], [19, 20], [21, 23], [22, 24]], [[20, 21], [22, 24], [23, 25], [26, 28], [27, 29], [30, 31], [32, 33], [34, 35], [36, 38], [37, 39], [40, 41], [42, 43], [44, 46], [45, 47], [48, 49], [1, 50], [2, 3], [4, 6], [5, 7], [8, 9], [10, 12], [11, 13], [14, 15], [16, 18], [17, 19]], [[6, 7], [8, 9], [10, 11], [12, 14], [13, 15], [16, 17], [18, 20], [19, 21], [22, 24], [23, 25], [26, 28], [27, 29], [30, 32], [31, 33], [34, 36], [35, 37], [38, 40], [39, 41], [42, 44], [43, 45], [46, 48], [47, 49], [1, 50], [2, 4], [3, 5]], [[41, 43], [40, 42], [44, 45], [46, 48], [47, 49], [1, 50], [2, 4], [3, 5], [6, 8], [7, 9], [10, 12], [11, 13], [14, 16], [15, 17], [18, 19], [20, 22], [21, 23], [24, 25], [26, 28], [27, 29], [30, 31], [32, 34], [33, 35], [36, 38], [37, 39]], [[13, 14], [15, 16], [17, 18], [19, 21], [20, 22], [23, 24], [25, 26], [27, 28], [29, 30], [31, 32], [33, 34], [35, 37], [36, 38], [39, 41], [40, 42], [43, 44], [45, 47], [46, 48], [49, 50], [1, 2], [3, 5], [4, 6], [7, 8], [9, 10], [11, 12]], [[21, 22], [23, 24], [25, 26], [27, 29], [28, 30], [31, 33], [32, 34], [35, 36], [37, 39], [38, 40], [41, 42], [43, 44], [45, 47], [46, 48], [49, 50], [1, 3], [2, 4], [5, 7], [6, 8], [9, 11], [10, 12], [13, 15], [14, 16], [17, 19], [18, 20]], [[12, 14], [13, 15], [16, 18], [17, 19], [20, 22], [21, 23], [24, 26], [25, 27], [28, 30], [29, 31], [32, 34], [33, 35], [36, 38], [37, 39], [40, 42], [41, 43], [44, 46], [45, 47], [48, 50], [1, 49], [2, 4], [3, 5], [6, 8], [7, 9], [10, 11]], [[39, 40], [41, 42], [43, 44], [45, 47], [46, 48], [1, 49], [2, 50], [3, 5], [4, 6], [7, 9], [8, 10], [11, 12], [13, 15], [14, 16], [17, 18], [19, 21], [20, 22], [23, 24], [25, 27], [26, 28], [29, 31], [30, 32], [33, 35], [34, 36], [37, 38]], [[41, 43], [42, 44], [45, 46], [47, 48], [1, 49], [2, 50], [3, 4], [5, 6], [7, 9], [8, 10], [11, 13], [12, 14], [15, 17], [16, 18], [19, 21], [20, 22], [23, 24], [25, 27], [26, 28], [29, 30], [31, 32], [33, 35], [34, 36], [37, 38], [39, 40]], [[43, 45], [46, 47], [48, 49], [2, 50], [1, 3], [4, 6], [5, 7], [8, 10], [9, 11], [12, 13], [14, 16], [15, 17], [18, 20], [19, 21], [22, 23], [24, 25], [26, 27], [28, 29], [30, 32], [31, 33], [34, 35], [36, 37], [38, 40], [39, 41], [42, 44]], [[14, 16], [17, 19], [18, 20], [21, 22], [23, 25], [24, 26], [27, 28], [29, 30], [31, 32], [33, 35], [34, 36], [37, 38], [39, 40], [41, 42], [43, 45], [44, 46], [47, 48], [1, 49], [2, 50], [3, 5], [4, 6], [7, 8], [9, 10], [11, 12], [13, 15]], [[5, 6], [7, 9], [8, 10], [11, 13], [12, 14], [15, 17], [16, 18], [19, 21], [20, 22], [23, 25], [24, 26], [27, 28], [29, 31], [30, 32], [33, 34], [35, 37], [36, 38], [39, 41], [40, 42], [43, 44], [45, 47], [46, 48], [1, 49], [2, 50], [3, 4]], [[18, 19], [20, 22], [21, 23], [24, 25], [26, 28], [27, 29], [30, 32], [31, 33], [34, 36], [35, 37], [38, 40], [39, 41], [42, 44], [43, 45], [46, 48], [47, 49], [2, 50], [1, 3], [4, 5], [6, 8], [7, 9], [10, 12], [11, 13], [14, 16], [15, 17]], [[49, 50], [1, 2], [3, 4], [5, 6], [7, 8], [9, 10], [11, 12], [13, 15], [14, 16], [17, 18], [19, 20], [21, 22], [23, 25], [24, 26], [27, 28], [29, 30], [31, 32], [33, 34], [35, 36], [37, 38], [39, 41], [40, 42], [43, 44], [45, 47], [46, 48]], [[43, 45], [44, 46], [47, 49], [48, 50], [1, 2], [3, 4], [5, 7], [6, 8], [9, 10], [11, 13], [12, 14], [15, 16], [17, 18], [19, 20], [21, 23], [22, 24], [25, 27], [26, 28], [29, 31], [30, 32], [33, 35], [34, 36], [37, 38], [39, 41], [40, 42]], [[7, 8], [9, 10], [11, 13], [12, 14], [15, 17], [16, 18], [19, 21], [20, 22], [23, 24], [25, 27], [26, 28], [29, 31], [30, 32], [33, 34], [35, 36], [37, 39], [38, 40], [41, 43], [42, 44], [45, 46], [47, 49], [48, 50], [1, 2], [3, 4], [5, 6]], [[14, 16], [13, 15], [17, 19], [18, 20], [21, 22], [23, 25], [24, 26], [27, 28], [29, 31], [30, 32], [33, 34], [35, 37], [36, 38], [39, 40], [41, 42], [43, 45], [44, 46], [47, 48], [1, 49], [2, 50], [3, 4], [5, 7], [6, 8], [9, 11], [10, 12]], [[43, 45], [44, 46], [47, 48], [1, 49], [2, 50], [3, 4], [5, 6], [7, 9], [8, 10], [11, 12], [13, 14], [15, 16], [17, 19], [18, 20], [21, 23], [22, 24], [25, 26], [27, 29], [28, 30], [31, 32], [33, 35], [34, 36], [37, 39], [38, 40], [41, 42]], [[14, 15], [16, 17], [18, 19], [20, 21], [22, 24], [23, 25], [26, 27], [28, 29], [30, 32], [31, 33], [34, 36], [35, 37], [38, 39], [40, 42], [41, 43], [44, 45], [46, 47], [48, 49], [2, 50], [1, 3], [4, 5], [6, 8], [7, 9], [10, 12], [11, 13]], [[18, 20], [19, 21], [22, 24], [23, 25], [26, 28], [27, 29], [30, 32], [31, 33], [34, 35], [36, 37], [38, 40], [39, 41], [42, 44], [43, 45], [46, 47], [48, 49], [2, 50], [1, 3], [4, 6], [5, 7], [8, 10], [9, 11], [12, 13], [14, 16], [15, 17]], [[40, 41], [42, 43], [44, 45], [46, 48], [47, 49], [1, 50], [2, 3], [4, 5], [6, 7], [8, 10], [9, 11], [12, 13], [14, 15], [16, 17], [18, 20], [19, 21], [22, 24], [23, 25], [26, 28], [27, 29], [30, 31], [32, 34], [33, 35], [36, 37], [38, 39]], [[43, 45], [46, 47], [48, 50], [1, 49], [2, 4], [3, 5], [6, 7], [8, 10], [9, 11], [12, 14], [13, 15], [16, 18], [17, 19], [20, 22], [21, 23], [24, 25], [26, 27], [28, 30], [29, 31], [32, 33], [34, 35], [36, 38], [37, 39], [40, 41], [42, 44]], [[41, 43], [44, 45], [46, 47], [48, 49], [2, 50], [1, 3], [4, 6], [5, 7], [8, 9], [10, 12], [11, 13], [14, 15], [16, 18], [17, 19], [20, 22], [21, 23], [24, 25], [26, 28], [27, 29], [30, 31], [32, 34], [33, 35], [36, 38], [37, 39], [40, 42]], [[2, 3], [4, 5], [6, 7], [8, 9], [10, 11], [12, 14], [13, 15], [16, 17], [18, 20], [19, 21], [22, 23], [24, 25], [26, 27], [28, 30], [29, 31], [32, 34], [33, 35], [36, 38], [37, 39], [40, 41], [42, 44], [43, 45], [46, 48], [47, 49], [1, 50]], [[11, 12], [13, 14], [15, 17], [16, 18], [19, 21], [20, 22], [23, 24], [25, 27], [26, 28], [29, 30], [31, 32], [33, 35], [34, 36], [37, 38], [39, 41], [40, 42], [43, 44], [45, 46], [47, 48], [1, 49], [2, 50], [3, 5], [4, 6], [7, 9], [8, 10]]]",,2,,0.0,85754,setsuden,22,1,2,,0.0,85754,setsuden,10,2,1,,0.0,85754,setsuden,1,3,2,,1.0,85754,setsuden,10,4,1,,0.0,85754,setsuden,8,5,1,,0.0,85754,setsuden,17,6,2,,0.0,85754,setsuden,4,7,1,,0.0,85754,setsuden,10,8,1,,0.0,85754,setsuden,23,9,1,,1.0,85754,setsuden,16,10,2,,0.0,85754,setsuden,12,11,1,,1.0,85754,setsuden,1,12,2,,0.0,85754,setsuden,24,13,2,,0.0,85754,setsuden,15,14,1,,1.0,85754,setsuden,25,15,2,,0.0,85754,setsuden,24,16,1,,1.0,85754,setsuden,3,17,1,,1.0,85754,setsuden,10,18,2,,0.0,85754,setsuden,17,19,1,,1.0,85754,setsuden,6,20,1,,1.0,85754,setsuden,2,21,2,,0.0,85754,setsuden,6,22,1,,1.0,85754,setsuden,18,23,1,,1.0,85754,setsuden,17,24,2,,0.0,85754,setsuden,15,25,1,,1.0,85754,setsuden,5,26,1,,1.0,85754,setsuden,10,27,2,,0.0,85754,setsuden,3,28,1,,1.0,85754,setsuden,13,29,2,,0.0,85754,setsuden,15,30,1,,1.0,85754,setsuden,9,31,1,,1.0,85754,setsuden,6,32,2,,0.0,85754,setsuden,15,33,1,,1.0,85754,setsuden,6,34,1,,1.0,85754,setsuden,4,35,1,,1.0,85754,setsuden,18,36,2,,1.0,85754,setsuden,15,37,2,,1.0,85754,setsuden,16,38,2,,0.0,85754,setsuden,11,39,1,,1.0,85754,setsuden,7,40,,,,,,,,,,,,,,,,,,,,,,,,,,,,,,,,,,,,,,,,,,,,,,,,,,,,,,,,,,,,,,,,,,,,,,,,,,,,,,,,,,,,,,,,,,,,,,,,,,,,,,,,,,,,,,,,,,,,,,,,,,,,,,,,,,,,,,,,,,,,,,,,,,,,,,,,,,,,,,,,,,,,,,,,,,,,,,,,,,,,,,,,,,,,,,,,,,,,,,,,,,,,,,,,,,,,,,,,,,,,,,,,,,,,,,,,,,,,,,,,,,,,,,,,,,,,,,,,,,,,,,,,,,,,,,,,,,,,,,,,,,,,,,,,,,,,,,,,,,,,,,,,,,,,,,,,,,,,,,,,,,,,,,,,,,,,,,,,,,,,,,,,,,,,,,,,,,,,,,,,,,,,,,,,,,,,,,,,,,,,,,,,,,,,,,,,,,,,,,,,,,,,,,,,,,,,,,,,,,,,,,,,,,,,,,,,,,,,,,,,,,,,,,,,,,,,,,,,,,,,,,,,,,,,,,,,,,,,,,,,,,,,,,,,,,,,,,,,,,,,,,,,,,,,,,,,,,,,,,,,,,,,,,,,,,,,,,,,,,,,,,,,,,,,,,,,,,,,,,,,,,,,,,,,,,,,,,,,,,,,,,,,,,,,,,,,,,,,,,,,,,,,,,,,,,,,,,,,,,,,,,,,,,,,,,,,,,,,,,,,,,,,,,,,,,,,,,,,,,,,,,,,,,,,,,,,,,,,,,,,,,,,,,,,,,,,,,,,,,,,,,,,,,,,,,,,,,,,,,,,,,,,,,,,,,,,,,,,,,,,,,,,,,,,,,,,,,,,,,,,,,,,,,,,,,,,,,,,,,,,,,,,,,,,,,,,,,,,,,,,,,,,,,,,,,,,,,,,,,,,,,,,,,,,,,,,,,,,,,,,,,,,,,,,,,,,,,,,,,,,,,,,,,,,,,,,,,,,,,,,,,,,,,,,,,,,,,,,,,,,,,,,,,,,,,,,,,,,,,,,,,,,,,,,,,,,,,,,,,,,,,,,,,,,,,,,,,,,,,,,,,,,,,,,,,,,,,,,,,,,,,,,,,,,,,,,,,,,,,,,,,,,,,,,,,,,,,,,,,,,,,,,,,,,,,,,,,,,,,,,,,,,,,,,,,,,,,,,,,,,,,,,,,,,,,,,,,,,,,,,,,,,,,,,,,,,,,,,,,,,,,,,,,,,,,,,,,,,,,,,,,,,,,,,,,,,,,,,,,,,,,,,,,,,,,,,,,,,,,,,,,,,,,,,,,
24,zi43blym,,0,240,240,hashtag_experiment,LastPage,2024-04-17 17:11:47.529041,1,,,21.0,g8k2na6b,,,,,0,0.0,1.0,hashtag_experiment,"[[[30, 31], [32, 33], [34, 35], [36, 38], [37, 39], [40, 42], [41, 43], [44, 46], [45, 47], [48, 50], [1, 49], [2, 4], [3, 5], [6, 7], [8, 10], [9, 11], [12, 13], [14, 15], [16, 17], [18, 19], [20, 21], [22, 23], [24, 25], [26, 27], [28, 29]], [[3, 5], [4, 6], [7, 9], [8, 10], [11, 13], [12, 14], [15, 16], [17, 19], [18, 20], [21, 23], [22, 24], [25, 26], [27, 29], [28, 30], [31, 33], [32, 34], [35, 36], [37, 39], [38, 40], [41, 42], [43, 45], [44, 46], [47, 49], [48, 50], [1, 2]], [[23, 25], [22, 24], [26, 27], [28, 30], [29, 31], [32, 34], [33, 35], [36, 37], [38, 39], [40, 41], [42, 43], [44, 46], [45, 47], [48, 50], [1, 49], [2, 3], [4, 5], [6, 8], [7, 9], [10, 12], [11, 13], [14, 15], [16, 18], [17, 19], [20, 21]], [[3, 5], [4, 6], [7, 8], [9, 10], [11, 12], [13, 15], [14, 16], [17, 19], [18, 20], [21, 23], [22, 24], [25, 27], [26, 28], [29, 31], [30, 32], [33, 34], [35, 37], [36, 38], [39, 41], [40, 42], [43, 44], [45, 46], [47, 49], [48, 50], [1, 2]], [[9, 10], [11, 12], [13, 14], [15, 17], [16, 18], [19, 21], [20, 22], [23, 24], [25, 26], [27, 29], [28, 30], [31, 33], [32, 34], [35, 36], [37, 39], [38, 40], [41, 42], [43, 44], [45, 46], [47, 49], [48, 50], [1, 3], [2, 4], [5, 6], [7, 8]], [[41, 42], [43, 44], [45, 47], [46, 48], [49, 50], [1, 3], [2, 4], [5, 6], [7, 9], [8, 10], [11, 13], [12, 14], [15, 17], [16, 18], [19, 21], [20, 22], [23, 25], [24, 26], [27, 29], [28, 30], [31, 33], [32, 34], [35, 36], [37, 39], [38, 40]], [[16, 17], [18, 19], [20, 22], [21, 23], [24, 25], [26, 28], [27, 29], [30, 31], [32, 33], [34, 35], [36, 38], [37, 39], [40, 41], [42, 44], [43, 45], [46, 47], [48, 50], [1, 49], [2, 4], [3, 5], [6, 7], [8, 10], [9, 11], [12, 14], [13, 15]], [[5, 7], [6, 8], [9, 10], [11, 13], [12, 14], [15, 16], [17, 18], [19, 21], [20, 22], [23, 25], [24, 26], [27, 28], [29, 31], [30, 32], [33, 34], [35, 37], [36, 38], [39, 40], [41, 42], [43, 44], [45, 46], [47, 48], [1, 49], [2, 50], [3, 4]], [[30, 32], [29, 31], [33, 34], [35, 36], [37, 38], [39, 40], [41, 42], [43, 45], [44, 46], [47, 48], [1, 49], [2, 50], [3, 4], [5, 7], [6, 8], [9, 11], [10, 12], [13, 14], [15, 16], [17, 18], [19, 21], [20, 22], [23, 24], [25, 27], [26, 28]], [[44, 46], [43, 45], [47, 49], [48, 50], [1, 2], [3, 4], [5, 6], [7, 8], [9, 10], [11, 13], [12, 14], [15, 17], [16, 18], [19, 20], [21, 22], [23, 25], [24, 26], [27, 28], [29, 31], [30, 32], [33, 34], [35, 37], [36, 38], [39, 40], [41, 42]], [[1, 50], [2, 4], [3, 5], [6, 7], [8, 9], [10, 11], [12, 14], [13, 15], [16, 18], [17, 19], [20, 22], [21, 23], [24, 25], [26, 27], [28, 30], [29, 31], [32, 34], [33, 35], [36, 37], [38, 40], [39, 41], [42, 43], [44, 46], [45, 47], [48, 49]], [[23, 25], [24, 26], [27, 29], [28, 30], [31, 33], [32, 34], [35, 37], [36, 38], [39, 41], [40, 42], [43, 44], [45, 46], [47, 49], [48, 50], [1, 2], [3, 5], [4, 6], [7, 8], [9, 11], [10, 12], [13, 14], [15, 17], [16, 18], [19, 20], [21, 22]], [[26, 28], [27, 29], [30, 31], [32, 34], [33, 35], [36, 37], [38, 39], [40, 42], [41, 43], [44, 45], [46, 47], [48, 49], [1, 50], [2, 3], [4, 5], [6, 7], [8, 9], [10, 11], [12, 14], [13, 15], [16, 18], [17, 19], [20, 21], [22, 23], [24, 25]], [[43, 44], [45, 46], [47, 48], [1, 49], [2, 50], [3, 4], [5, 7], [6, 8], [9, 10], [11, 12], [13, 14], [15, 16], [17, 19], [18, 20], [21, 23], [22, 24], [25, 27], [26, 28], [29, 30], [31, 33], [32, 34], [35, 37], [36, 38], [39, 40], [41, 42]], [[26, 27], [28, 30], [29, 31], [32, 33], [34, 36], [35, 37], [38, 40], [39, 41], [42, 44], [43, 45], [46, 48], [47, 49], [2, 50], [1, 3], [4, 5], [6, 7], [8, 10], [9, 11], [12, 14], [13, 15], [16, 17], [18, 20], [19, 21], [22, 24], [23, 25]], [[25, 27], [26, 28], [29, 30], [31, 32], [33, 35], [34, 36], [37, 39], [38, 40], [41, 43], [42, 44], [45, 47], [46, 48], [1, 49], [2, 50], [3, 4], [5, 7], [6, 8], [9, 11], [10, 12], [13, 14], [15, 16], [17, 18], [19, 20], [21, 23], [22, 24]], [[20, 21], [22, 24], [23, 25], [26, 28], [27, 29], [30, 31], [32, 33], [34, 35], [36, 38], [37, 39], [40, 41], [42, 43], [44, 46], [45, 47], [48, 49], [1, 50], [2, 3], [4, 6], [5, 7], [8, 9], [10, 12], [11, 13], [14, 15], [16, 18], [17, 19]], [[6, 7], [8, 9], [10, 11], [12, 14], [13, 15], [16, 17], [18, 20], [19, 21], [22, 24], [23, 25], [26, 28], [27, 29], [30, 32], [31, 33], [34, 36], [35, 37], [38, 40], [39, 41], [42, 44], [43, 45], [46, 48], [47, 49], [1, 50], [2, 4], [3, 5]], [[41, 43], [40, 42], [44, 45], [46, 48], [47, 49], [1, 50], [2, 4], [3, 5], [6, 8], [7, 9], [10, 12], [11, 13], [14, 16], [15, 17], [18, 19], [20, 22], [21, 23], [24, 25], [26, 28], [27, 29], [30, 31], [32, 34], [33, 35], [36, 38], [37, 39]], [[13, 14], [15, 16], [17, 18], [19, 21], [20, 22], [23, 24], [25, 26], [27, 28], [29, 30], [31, 32], [33, 34], [35, 37], [36, 38], [39, 41], [40, 42], [43, 44], [45, 47], [46, 48], [49, 50], [1, 2], [3, 5], [4, 6], [7, 8], [9, 10], [11, 12]], [[21, 22], [23, 24], [25, 26], [27, 29], [28, 30], [31, 33], [32, 34], [35, 36], [37, 39], [38, 40], [41, 42], [43, 44], [45, 47], [46, 48], [49, 50], [1, 3], [2, 4], [5, 7], [6, 8], [9, 11], [10, 12], [13, 15], [14, 16], [17, 19], [18, 20]], [[12, 14], [13, 15], [16, 18], [17, 19], [20, 22], [21, 23], [24, 26], [25, 27], [28, 30], [29, 31], [32, 34], [33, 35], [36, 38], [37, 39], [40, 42], [41, 43], [44, 46], [45, 47], [48, 50], [1, 49], [2, 4], [3, 5], [6, 8], [7, 9], [10, 11]], [[39, 40], [41, 42], [43, 44], [45, 47], [46, 48], [1, 49], [2, 50], [3, 5], [4, 6], [7, 9], [8, 10], [11, 12], [13, 15], [14, 16], [17, 18], [19, 21], [20, 22], [23, 24], [25, 27], [26, 28], [29, 31], [30, 32], [33, 35], [34, 36], [37, 38]], [[41, 43], [42, 44], [45, 46], [47, 48], [1, 49], [2, 50], [3, 4], [5, 6], [7, 9], [8, 10], [11, 13], [12, 14], [15, 17], [16, 18], [19, 21], [20, 22], [23, 24], [25, 27], [26, 28], [29, 30], [31, 32], [33, 35], [34, 36], [37, 38], [39, 40]], [[43, 45], [46, 47], [48, 49], [2, 50], [1, 3], [4, 6], [5, 7], [8, 10], [9, 11], [12, 13], [14, 16], [15, 17], [18, 20], [19, 21], [22, 23], [24, 25], [26, 27], [28, 29], [30, 32], [31, 33], [34, 35], [36, 37], [38, 40], [39, 41], [42, 44]], [[14, 16], [17, 19], [18, 20], [21, 22], [23, 25], [24, 26], [27, 28], [29, 30], [31, 32], [33, 35], [34, 36], [37, 38], [39, 40], [41, 42], [43, 45], [44, 46], [47, 48], [1, 49], [2, 50], [3, 5], [4, 6], [7, 8], [9, 10], [11, 12], [13, 15]], [[5, 6], [7, 9], [8, 10], [11, 13], [12, 14], [15, 17], [16, 18], [19, 21], [20, 22], [23, 25], [24, 26], [27, 28], [29, 31], [30, 32], [33, 34], [35, 37], [36, 38], [39, 41], [40, 42], [43, 44], [45, 47], [46, 48], [1, 49], [2, 50], [3, 4]], [[18, 19], [20, 22], [21, 23], [24, 25], [26, 28], [27, 29], [30, 32], [31, 33], [34, 36], [35, 37], [38, 40], [39, 41], [42, 44], [43, 45], [46, 48], [47, 49], [2, 50], [1, 3], [4, 5], [6, 8], [7, 9], [10, 12], [11, 13], [14, 16], [15, 17]], [[49, 50], [1, 2], [3, 4], [5, 6], [7, 8], [9, 10], [11, 12], [13, 15], [14, 16], [17, 18], [19, 20], [21, 22], [23, 25], [24, 26], [27, 28], [29, 30], [31, 32], [33, 34], [35, 36], [37, 38], [39, 41], [40, 42], [43, 44], [45, 47], [46, 48]], [[43, 45], [44, 46], [47, 49], [48, 50], [1, 2], [3, 4], [5, 7], [6, 8], [9, 10], [11, 13], [12, 14], [15, 16], [17, 18], [19, 20], [21, 23], [22, 24], [25, 27], [26, 28], [29, 31], [30, 32], [33, 35], [34, 36], [37, 38], [39, 41], [40, 42]], [[7, 8], [9, 10], [11, 13], [12, 14], [15, 17], [16, 18], [19, 21], [20, 22], [23, 24], [25, 27], [26, 28], [29, 31], [30, 32], [33, 34], [35, 36], [37, 39], [38, 40], [41, 43], [42, 44], [45, 46], [47, 49], [48, 50], [1, 2], [3, 4], [5, 6]], [[14, 16], [13, 15], [17, 19], [18, 20], [21, 22], [23, 25], [24, 26], [27, 28], [29, 31], [30, 32], [33, 34], [35, 37], [36, 38], [39, 40], [41, 42], [43, 45], [44, 46], [47, 48], [1, 49], [2, 50], [3, 4], [5, 7], [6, 8], [9, 11], [10, 12]], [[43, 45], [44, 46], [47, 48], [1, 49], [2, 50], [3, 4], [5, 6], [7, 9], [8, 10], [11, 12], [13, 14], [15, 16], [17, 19], [18, 20], [21, 23], [22, 24], [25, 26], [27, 29], [28, 30], [31, 32], [33, 35], [34, 36], [37, 39], [38, 40], [41, 42]], [[14, 15], [16, 17], [18, 19], [20, 21], [22, 24], [23, 25], [26, 27], [28, 29], [30, 32], [31, 33], [34, 36], [35, 37], [38, 39], [40, 42], [41, 43], [44, 45], [46, 47], [48, 49], [2, 50], [1, 3], [4, 5], [6, 8], [7, 9], [10, 12], [11, 13]], [[18, 20], [19, 21], [22, 24], [23, 25], [26, 28], [27, 29], [30, 32], [31, 33], [34, 35], [36, 37], [38, 40], [39, 41], [42, 44], [43, 45], [46, 47], [48, 49], [2, 50], [1, 3], [4, 6], [5, 7], [8, 10], [9, 11], [12, 13], [14, 16], [15, 17]], [[40, 41], [42, 43], [44, 45], [46, 48], [47, 49], [1, 50], [2, 3], [4, 5], [6, 7], [8, 10], [9, 11], [12, 13], [14, 15], [16, 17], [18, 20], [19, 21], [22, 24], [23, 25], [26, 28], [27, 29], [30, 31], [32, 34], [33, 35], [36, 37], [38, 39]], [[43, 45], [46, 47], [48, 50], [1, 49], [2, 4], [3, 5], [6, 7], [8, 10], [9, 11], [12, 14], [13, 15], [16, 18], [17, 19], [20, 22], [21, 23], [24, 25], [26, 27], [28, 30], [29, 31], [32, 33], [34, 35], [36, 38], [37, 39], [40, 41], [42, 44]], [[41, 43], [44, 45], [46, 47], [48, 49], [2, 50], [1, 3], [4, 6], [5, 7], [8, 9], [10, 12], [11, 13], [14, 15], [16, 18], [17, 19], [20, 22], [21, 23], [24, 25], [26, 28], [27, 29], [30, 31], [32, 34], [33, 35], [36, 38], [37, 39], [40, 42]], [[2, 3], [4, 5], [6, 7], [8, 9], [10, 11], [12, 14], [13, 15], [16, 17], [18, 20], [19, 21], [22, 23], [24, 25], [26, 27], [28, 30], [29, 31], [32, 34], [33, 35], [36, 38], [37, 39], [40, 41], [42, 44], [43, 45], [46, 48], [47, 49], [1, 50]], [[11, 12], [13, 14], [15, 17], [16, 18], [19, 21], [20, 22], [23, 24], [25, 27], [26, 28], [29, 30], [31, 32], [33, 35], [34, 36], [37, 38], [39, 41], [40, 42], [43, 44], [45, 46], [47, 48], [1, 49], [2, 50], [3, 5], [4, 6], [7, 9], [8, 10]]]",,1,,0.0,36902,radioactive,23,1,2,,0.0,36902,radioactive,11,2,2,,0.0,36902,nucleardisaster,2,3,2,,0.0,36902,radioactive,11,4,2,,0.0,36902,nucleardisaster,8,5,1,,0.0,36902,nucleardisaster,18,6,1,,0.0,36902,cancer,5,7,1,,0.0,36902,cancer,11,8,2,,0.0,36902,nucleardisaster,23,9,1,,1.0,36902,nucleardisaster,17,10,1,,0.0,36902,nucleardisaster,13,11,1,,0.0,36902,nucleardisaster,2,12,1,,0.0,36902,nucleardisaster,25,13,2,,0.0,36902,setsuden,16,14,2,,1.0,36902,setsuden,24,15,2,,0.0,36902,setsuden,25,16,2,,0.0,36902,setsuden,2,17,2,,1.0,36902,setsuden,9,18,1,,1.0,36902,setsuden,18,19,2,,1.0,36902,setsuden,6,20,2,,1.0,36902,setsuden,2,21,1,,1.0,36902,setsuden,7,22,2,,1.0,36902,setsuden,18,23,2,,1.0,36902,setsuden,17,24,1,,1.0,36902,setsuden,16,25,1,,0.0,36902,setsuden,6,26,1,,0.0,36902,setsuden,11,27,1,,1.0,36902,setsuden,4,28,1,,1.0,36902,setsuden,14,29,2,,0.0,36902,setsuden,16,30,2,,1.0,36902,setsuden,9,31,1,,1.0,36902,setsuden,7,32,2,,0.0,36902,setsuden,16,33,2,,1.0,36902,setsuden,5,34,2,,1.0,36902,setsuden,3,35,2,,1.0,36902,setsuden,17,36,1,,1.0,36902,setsuden,16,37,1,,1.0,36902,setsuden,17,38,1,,1.0,36902,setsuden,12,39,2,,1.0,36902,setsuden,7,40,,,,,,,,,,,,,,,,,,,,,,,,,,,,,,,,,,,,,,,,,,,,,,,,,,,,,,,,,,,,,,,,,,,,,,,,,,,,,,,,,,,,,,,,,,,,,,,,,,,,,,,,,,,,,,,,,,,,,,,,,,,,,,,,,,,,,,,,,,,,,,,,,,,,,,,,,,,,,,,,,,,,,,,,,,,,,,,,,,,,,,,,,,,,,,,,,,,,,,,,,,,,,,,,,,,,,,,,,,,,,,,,,,,,,,,,,,,,,,,,,,,,,,,,,,,,,,,,,,,,,,,,,,,,,,,,,,,,,,,,,,,,,,,,,,,,,,,,,,,,,,,,,,,,,,,,,,,,,,,,,,,,,,,,,,,,,,,,,,,,,,,,,,,,,,,,,,,,,,,,,,,,,,,,,,,,,,,,,,,,,,,,,,,,,,,,,,,,,,,,,,,,,,,,,,,,,,,,,,,,,,,,,,,,,,,,,,,,,,,,,,,,,,,,,,,,,,,,,,,,,,,,,,,,,,,,,,,,,,,,,,,,,,,,,,,,,,,,,,,,,,,,,,,,,,,,,,,,,,,,,,,,,,,,,,,,,,,,,,,,,,,,,,,,,,,,,,,,,,,,,,,,,,,,,,,,,,,,,,,,,,,,,,,,,,,,,,,,,,,,,,,,,,,,,,,,,,,,,,,,,,,,,,,,,,,,,,,,,,,,,,,,,,,,,,,,,,,,,,,,,,,,,,,,,,,,,,,,,,,,,,,,,,,,,,,,,,,,,,,,,,,,,,,,,,,,,,,,,,,,,,,,,,,,,,,,,,,,,,,,,,,,,,,,,,,,,,,,,,,,,,,,,,,,,,,,,,,,,,,,,,,,,,,,,,,,,,,,,,,,,,,,,,,,,,,,,,,,,,,,,,,,,,,,,,,,,,,,,,,,,,,,,,,,,,,,,,,,,,,,,,,,,,,,,,,,,,,,,,,,,,,,,,,,,,,,,,,,,,,,,,,,,,,,,,,,,,,,,,,,,,,,,,,,,,,,,,,,,,,,,,,,,,,,,,,,,,,,,,,,,,,,,,,,,,,,,,,,,,,,,,,,,,,,,,,,,,,,,,,,,,,,,,,,,,,,,,,,,,,,,,,,,,,,,,,,,,,,,,,,,,,,,,,,,,,,,,,,,,,,,,,,,,,,,,,,,,,,,,,,,,,,,,,,,,,,,,,,,,,,,,,,,,,,,,,,,,,,,,,,,,,,,,,,,,,,,,,,,,,,,,,,,,,,,,,,,,,,,,,,,,,,,,,,,,
25,ahp1kq09,,0,240,240,hashtag_experiment,LastPage,2024-04-17 17:11:48.913231,1,,,18.0,g8k2na6b,,,,,0,0.0,1.0,hashtag_experiment,"[[[30, 31], [32, 33], [34, 35], [36, 38], [37, 39], [40, 42], [41, 43], [44, 46], [45, 47], [48, 50], [1, 49], [2, 4], [3, 5], [6, 7], [8, 10], [9, 11], [12, 13], [14, 15], [16, 17], [18, 19], [20, 21], [22, 23], [24, 25], [26, 27], [28, 29]], [[3, 5], [4, 6], [7, 9], [8, 10], [11, 13], [12, 14], [15, 16], [17, 19], [18, 20], [21, 23], [22, 24], [25, 26], [27, 29], [28, 30], [31, 33], [32, 34], [35, 36], [37, 39], [38, 40], [41, 42], [43, 45], [44, 46], [47, 49], [48, 50], [1, 2]], [[23, 25], [22, 24], [26, 27], [28, 30], [29, 31], [32, 34], [33, 35], [36, 37], [38, 39], [40, 41], [42, 43], [44, 46], [45, 47], [48, 50], [1, 49], [2, 3], [4, 5], [6, 8], [7, 9], [10, 12], [11, 13], [14, 15], [16, 18], [17, 19], [20, 21]], [[3, 5], [4, 6], [7, 8], [9, 10], [11, 12], [13, 15], [14, 16], [17, 19], [18, 20], [21, 23], [22, 24], [25, 27], [26, 28], [29, 31], [30, 32], [33, 34], [35, 37], [36, 38], [39, 41], [40, 42], [43, 44], [45, 46], [47, 49], [48, 50], [1, 2]], [[9, 10], [11, 12], [13, 14], [15, 17], [16, 18], [19, 21], [20, 22], [23, 24], [25, 26], [27, 29], [28, 30], [31, 33], [32, 34], [35, 36], [37, 39], [38, 40], [41, 42], [43, 44], [45, 46], [47, 49], [48, 50], [1, 3], [2, 4], [5, 6], [7, 8]], [[41, 42], [43, 44], [45, 47], [46, 48], [49, 50], [1, 3], [2, 4], [5, 6], [7, 9], [8, 10], [11, 13], [12, 14], [15, 17], [16, 18], [19, 21], [20, 22], [23, 25], [24, 26], [27, 29], [28, 30], [31, 33], [32, 34], [35, 36], [37, 39], [38, 40]], [[16, 17], [18, 19], [20, 22], [21, 23], [24, 25], [26, 28], [27, 29], [30, 31], [32, 33], [34, 35], [36, 38], [37, 39], [40, 41], [42, 44], [43, 45], [46, 47], [48, 50], [1, 49], [2, 4], [3, 5], [6, 7], [8, 10], [9, 11], [12, 14], [13, 15]], [[5, 7], [6, 8], [9, 10], [11, 13], [12, 14], [15, 16], [17, 18], [19, 21], [20, 22], [23, 25], [24, 26], [27, 28], [29, 31], [30, 32], [33, 34], [35, 37], [36, 38], [39, 40], [41, 42], [43, 44], [45, 46], [47, 48], [1, 49], [2, 50], [3, 4]], [[30, 32], [29, 31], [33, 34], [35, 36], [37, 38], [39, 40], [41, 42], [43, 45], [44, 46], [47, 48], [1, 49], [2, 50], [3, 4], [5, 7], [6, 8], [9, 11], [10, 12], [13, 14], [15, 16], [17, 18], [19, 21], [20, 22], [23, 24], [25, 27], [26, 28]], [[44, 46], [43, 45], [47, 49], [48, 50], [1, 2], [3, 4], [5, 6], [7, 8], [9, 10], [11, 13], [12, 14], [15, 17], [16, 18], [19, 20], [21, 22], [23, 25], [24, 26], [27, 28], [29, 31], [30, 32], [33, 34], [35, 37], [36, 38], [39, 40], [41, 42]], [[1, 50], [2, 4], [3, 5], [6, 7], [8, 9], [10, 11], [12, 14], [13, 15], [16, 18], [17, 19], [20, 22], [21, 23], [24, 25], [26, 27], [28, 30], [29, 31], [32, 34], [33, 35], [36, 37], [38, 40], [39, 41], [42, 43], [44, 46], [45, 47], [48, 49]], [[23, 25], [24, 26], [27, 29], [28, 30], [31, 33], [32, 34], [35, 37], [36, 38], [39, 41], [40, 42], [43, 44], [45, 46], [47, 49], [48, 50], [1, 2], [3, 5], [4, 6], [7, 8], [9, 11], [10, 12], [13, 14], [15, 17], [16, 18], [19, 20], [21, 22]], [[26, 28], [27, 29], [30, 31], [32, 34], [33, 35], [36, 37], [38, 39], [40, 42], [41, 43], [44, 45], [46, 47], [48, 49], [1, 50], [2, 3], [4, 5], [6, 7], [8, 9], [10, 11], [12, 14], [13, 15], [16, 18], [17, 19], [20, 21], [22, 23], [24, 25]], [[43, 44], [45, 46], [47, 48], [1, 49], [2, 50], [3, 4], [5, 7], [6, 8], [9, 10], [11, 12], [13, 14], [15, 16], [17, 19], [18, 20], [21, 23], [22, 24], [25, 27], [26, 28], [29, 30], [31, 33], [32, 34], [35, 37], [36, 38], [39, 40], [41, 42]], [[26, 27], [28, 30], [29, 31], [32, 33], [34, 36], [35, 37], [38, 40], [39, 41], [42, 44], [43, 45], [46, 48], [47, 49], [2, 50], [1, 3], [4, 5], [6, 7], [8, 10], [9, 11], [12, 14], [13, 15], [16, 17], [18, 20], [19, 21], [22, 24], [23, 25]], [[25, 27], [26, 28], [29, 30], [31, 32], [33, 35], [34, 36], [37, 39], [38, 40], [41, 43], [42, 44], [45, 47], [46, 48], [1, 49], [2, 50], [3, 4], [5, 7], [6, 8], [9, 11], [10, 12], [13, 14], [15, 16], [17, 18], [19, 20], [21, 23], [22, 24]], [[20, 21], [22, 24], [23, 25], [26, 28], [27, 29], [30, 31], [32, 33], [34, 35], [36, 38], [37, 39], [40, 41], [42, 43], [44, 46], [45, 47], [48, 49], [1, 50], [2, 3], [4, 6], [5, 7], [8, 9], [10, 12], [11, 13], [14, 15], [16, 18], [17, 19]], [[6, 7], [8, 9], [10, 11], [12, 14], [13, 15], [16, 17], [18, 20], [19, 21], [22, 24], [23, 25], [26, 28], [27, 29], [30, 32], [31, 33], [34, 36], [35, 37], [38, 40], [39, 41], [42, 44], [43, 45], [46, 48], [47, 49], [1, 50], [2, 4], [3, 5]], [[41, 43], [40, 42], [44, 45], [46, 48], [47, 49], [1, 50], [2, 4], [3, 5], [6, 8], [7, 9], [10, 12], [11, 13], [14, 16], [15, 17], [18, 19], [20, 22], [21, 23], [24, 25], [26, 28], [27, 29], [30, 31], [32, 34], [33, 35], [36, 38], [37, 39]], [[13, 14], [15, 16], [17, 18], [19, 21], [20, 22], [23, 24], [25, 26], [27, 28], [29, 30], [31, 32], [33, 34], [35, 37], [36, 38], [39, 41], [40, 42], [43, 44], [45, 47], [46, 48], [49, 50], [1, 2], [3, 5], [4, 6], [7, 8], [9, 10], [11, 12]], [[21, 22], [23, 24], [25, 26], [27, 29], [28, 30], [31, 33], [32, 34], [35, 36], [37, 39], [38, 40], [41, 42], [43, 44], [45, 47], [46, 48], [49, 50], [1, 3], [2, 4], [5, 7], [6, 8], [9, 11], [10, 12], [13, 15], [14, 16], [17, 19], [18, 20]], [[12, 14], [13, 15], [16, 18], [17, 19], [20, 22], [21, 23], [24, 26], [25, 27], [28, 30], [29, 31], [32, 34], [33, 35], [36, 38], [37, 39], [40, 42], [41, 43], [44, 46], [45, 47], [48, 50], [1, 49], [2, 4], [3, 5], [6, 8], [7, 9], [10, 11]], [[39, 40], [41, 42], [43, 44], [45, 47], [46, 48], [1, 49], [2, 50], [3, 5], [4, 6], [7, 9], [8, 10], [11, 12], [13, 15], [14, 16], [17, 18], [19, 21], [20, 22], [23, 24], [25, 27], [26, 28], [29, 31], [30, 32], [33, 35], [34, 36], [37, 38]], [[41, 43], [42, 44], [45, 46], [47, 48], [1, 49], [2, 50], [3, 4], [5, 6], [7, 9], [8, 10], [11, 13], [12, 14], [15, 17], [16, 18], [19, 21], [20, 22], [23, 24], [25, 27], [26, 28], [29, 30], [31, 32], [33, 35], [34, 36], [37, 38], [39, 40]], [[43, 45], [46, 47], [48, 49], [2, 50], [1, 3], [4, 6], [5, 7], [8, 10], [9, 11], [12, 13], [14, 16], [15, 17], [18, 20], [19, 21], [22, 23], [24, 25], [26, 27], [28, 29], [30, 32], [31, 33], [34, 35], [36, 37], [38, 40], [39, 41], [42, 44]], [[14, 16], [17, 19], [18, 20], [21, 22], [23, 25], [24, 26], [27, 28], [29, 30], [31, 32], [33, 35], [34, 36], [37, 38], [39, 40], [41, 42], [43, 45], [44, 46], [47, 48], [1, 49], [2, 50], [3, 5], [4, 6], [7, 8], [9, 10], [11, 12], [13, 15]], [[5, 6], [7, 9], [8, 10], [11, 13], [12, 14], [15, 17], [16, 18], [19, 21], [20, 22], [23, 25], [24, 26], [27, 28], [29, 31], [30, 32], [33, 34], [35, 37], [36, 38], [39, 41], [40, 42], [43, 44], [45, 47], [46, 48], [1, 49], [2, 50], [3, 4]], [[18, 19], [20, 22], [21, 23], [24, 25], [26, 28], [27, 29], [30, 32], [31, 33], [34, 36], [35, 37], [38, 40], [39, 41], [42, 44], [43, 45], [46, 48], [47, 49], [2, 50], [1, 3], [4, 5], [6, 8], [7, 9], [10, 12], [11, 13], [14, 16], [15, 17]], [[49, 50], [1, 2], [3, 4], [5, 6], [7, 8], [9, 10], [11, 12], [13, 15], [14, 16], [17, 18], [19, 20], [21, 22], [23, 25], [24, 26], [27, 28], [29, 30], [31, 32], [33, 34], [35, 36], [37, 38], [39, 41], [40, 42], [43, 44], [45, 47], [46, 48]], [[43, 45], [44, 46], [47, 49], [48, 50], [1, 2], [3, 4], [5, 7], [6, 8], [9, 10], [11, 13], [12, 14], [15, 16], [17, 18], [19, 20], [21, 23], [22, 24], [25, 27], [26, 28], [29, 31], [30, 32], [33, 35], [34, 36], [37, 38], [39, 41], [40, 42]], [[7, 8], [9, 10], [11, 13], [12, 14], [15, 17], [16, 18], [19, 21], [20, 22], [23, 24], [25, 27], [26, 28], [29, 31], [30, 32], [33, 34], [35, 36], [37, 39], [38, 40], [41, 43], [42, 44], [45, 46], [47, 49], [48, 50], [1, 2], [3, 4], [5, 6]], [[14, 16], [13, 15], [17, 19], [18, 20], [21, 22], [23, 25], [24, 26], [27, 28], [29, 31], [30, 32], [33, 34], [35, 37], [36, 38], [39, 40], [41, 42], [43, 45], [44, 46], [47, 48], [1, 49], [2, 50], [3, 4], [5, 7], [6, 8], [9, 11], [10, 12]], [[43, 45], [44, 46], [47, 48], [1, 49], [2, 50], [3, 4], [5, 6], [7, 9], [8, 10], [11, 12], [13, 14], [15, 16], [17, 19], [18, 20], [21, 23], [22, 24], [25, 26], [27, 29], [28, 30], [31, 32], [33, 35], [34, 36], [37, 39], [38, 40], [41, 42]], [[14, 15], [16, 17], [18, 19], [20, 21], [22, 24], [23, 25], [26, 27], [28, 29], [30, 32], [31, 33], [34, 36], [35, 37], [38, 39], [40, 42], [41, 43], [44, 45], [46, 47], [48, 49], [2, 50], [1, 3], [4, 5], [6, 8], [7, 9], [10, 12], [11, 13]], [[18, 20], [19, 21], [22, 24], [23, 25], [26, 28], [27, 29], [30, 32], [31, 33], [34, 35], [36, 37], [38, 40], [39, 41], [42, 44], [43, 45], [46, 47], [48, 49], [2, 50], [1, 3], [4, 6], [5, 7], [8, 10], [9, 11], [12, 13], [14, 16], [15, 17]], [[40, 41], [42, 43], [44, 45], [46, 48], [47, 49], [1, 50], [2, 3], [4, 5], [6, 7], [8, 10], [9, 11], [12, 13], [14, 15], [16, 17], [18, 20], [19, 21], [22, 24], [23, 25], [26, 28], [27, 29], [30, 31], [32, 34], [33, 35], [36, 37], [38, 39]], [[43, 45], [46, 47], [48, 50], [1, 49], [2, 4], [3, 5], [6, 7], [8, 10], [9, 11], [12, 14], [13, 15], [16, 18], [17, 19], [20, 22], [21, 23], [24, 25], [26, 27], [28, 30], [29, 31], [32, 33], [34, 35], [36, 38], [37, 39], [40, 41], [42, 44]], [[41, 43], [44, 45], [46, 47], [48, 49], [2, 50], [1, 3], [4, 6], [5, 7], [8, 9], [10, 12], [11, 13], [14, 15], [16, 18], [17, 19], [20, 22], [21, 23], [24, 25], [26, 28], [27, 29], [30, 31], [32, 34], [33, 35], [36, 38], [37, 39], [40, 42]], [[2, 3], [4, 5], [6, 7], [8, 9], [10, 11], [12, 14], [13, 15], [16, 17], [18, 20], [19, 21], [22, 23], [24, 25], [26, 27], [28, 30], [29, 31], [32, 34], [33, 35], [36, 38], [37, 39], [40, 41], [42, 44], [43, 45], [46, 48], [47, 49], [1, 50]], [[11, 12], [13, 14], [15, 17], [16, 18], [19, 21], [20, 22], [23, 24], [25, 27], [26, 28], [29, 30], [31, 32], [33, 35], [34, 36], [37, 38], [39, 41], [40, 42], [43, 44], [45, 46], [47, 48], [1, 49], [2, 50], [3, 5], [4, 6], [7, 9], [8, 10]]]",,2,,0.0,53044,,23,1,1,,0.0,53044,,12,2,2,,0.0,53044,,1,3,1,,0.0,53044,,12,4,1,,0.0,53044,,9,5,2,,0.0,53044,,17,6,2,,0.0,53044,,5,7,2,,0.0,53044,energy,10,8,1,,0.0,53044,setsuden,24,9,2,,1.0,53044,setsuden,16,10,2,,0.0,53044,setsuden,13,11,2,,1.0,53044,setsuden,1,12,2,,0.0,53044,setsuden,25,13,1,,0.0,53044,setsuden,17,14,2,,1.0,53044,setsuden,25,15,1,,0.0,53044,setsuden,1,16,2,,1.0,53044,setsuden,3,17,2,,1.0,53044,setsuden,10,18,2,,1.0,53044,setsuden,18,19,1,,0.0,53044,setsuden,7,20,1,,0.0,53044,setsuden,3,21,1,,0.0,53044,setsuden,8,22,1,,0.0,53044,naturaldisaster,19,23,1,,0.0,53044,naturaldisaster,18,24,2,,1.0,53044,setsuden,16,25,2,,1.0,53044,setsuden,5,26,2,,1.0,53044,setsuden,10,27,2,,1.0,53044,setsuden,4,28,2,,1.0,53044,setsuden,13,29,1,,0.0,53044,setsuden,17,30,1,,0.0,53044,setsuden,10,31,2,,1.0,53044,setsuden,6,32,1,,0.0,53044,setsuden,17,33,2,,1.0,53044,setsuden,6,34,2,,1.0,53044,setsuden,4,35,2,,1.0,53044,setsuden,18,36,2,,1.0,53044,setsuden,16,37,2,,1.0,53044,setsuden,17,38,2,,1.0,53044,setsuden,12,39,1,,0.0,53044,setsuden,8,40,,,,,,,,,,,,,,,,,,,,,,,,,,,,,,,,,,,,,,,,,,,,,,,,,,,,,,,,,,,,,,,,,,,,,,,,,,,,,,,,,,,,,,,,,,,,,,,,,,,,,,,,,,,,,,,,,,,,,,,,,,,,,,,,,,,,,,,,,,,,,,,,,,,,,,,,,,,,,,,,,,,,,,,,,,,,,,,,,,,,,,,,,,,,,,,,,,,,,,,,,,,,,,,,,,,,,,,,,,,,,,,,,,,,,,,,,,,,,,,,,,,,,,,,,,,,,,,,,,,,,,,,,,,,,,,,,,,,,,,,,,,,,,,,,,,,,,,,,,,,,,,,,,,,,,,,,,,,,,,,,,,,,,,,,,,,,,,,,,,,,,,,,,,,,,,,,,,,,,,,,,,,,,,,,,,,,,,,,,,,,,,,,,,,,,,,,,,,,,,,,,,,,,,,,,,,,,,,,,,,,,,,,,,,,,,,,,,,,,,,,,,,,,,,,,,,,,,,,,,,,,,,,,,,,,,,,,,,,,,,,,,,,,,,,,,,,,,,,,,,,,,,,,,,,,,,,,,,,,,,,,,,,,,,,,,,,,,,,,,,,,,,,,,,,,,,,,,,,,,,,,,,,,,,,,,,,,,,,,,,,,,,,,,,,,,,,,,,,,,,,,,,,,,,,,,,,,,,,,,,,,,,,,,,,,,,,,,,,,,,,,,,,,,,,,,,,,,,,,,,,,,,,,,,,,,,,,,,,,,,,,,,,,,,,,,,,,,,,,,,,,,,,,,,,,,,,,,,,,,,,,,,,,,,,,,,,,,,,,,,,,,,,,,,,,,,,,,,,,,,,,,,,,,,,,,,,,,,,,,,,,,,,,,,,,,,,,,,,,,,,,,,,,,,,,,,,,,,,,,,,,,,,,,,,,,,,,,,,,,,,,,,,,,,,,,,,,,,,,,,,,,,,,,,,,,,,,,,,,,,,,,,,,,,,,,,,,,,,,,,,,,,,,,,,,,,,,,,,,,,,,,,,,,,,,,,,,,,,,,,,,,,,,,,,,,,,,,,,,,,,,,,,,,,,,,,,,,,,,,,,,,,,,,,,,,,,,,,,,,,,,,,,,,,,,,,,,,,,,,,,,,,,,,,,,,,,,,,,,,,,,,,,,,,,,,,,,,,,,,,,,,,,,,,,,,,,,,,,,,,,,,,,,,,,,,,,,,,,,,,,,,,,,,,,,,,,,,,,,,,,,,,,,,,,,,,,,,,,,,,,,,,,,,,,,,,,,,,,,,,,,,,,,,,,,
26,8gjmj0vn,,0,240,240,hashtag_experiment,LastPage,2024-04-17 17:16:10.327640,1,,,16.0,g8k2na6b,,,,,0,0.0,1.0,hashtag_experiment,"[[[30, 31], [32, 33], [34, 35], [36, 38], [37, 39], [40, 42], [41, 43], [44, 46], [45, 47], [48, 50], [1, 49], [2, 4], [3, 5], [6, 7], [8, 10], [9, 11], [12, 13], [14, 15], [16, 17], [18, 19], [20, 21], [22, 23], [24, 25], [26, 27], [28, 29]], [[3, 5], [4, 6], [7, 9], [8, 10], [11, 13], [12, 14], [15, 16], [17, 19], [18, 20], [21, 23], [22, 24], [25, 26], [27, 29], [28, 30], [31, 33], [32, 34], [35, 36], [37, 39], [38, 40], [41, 42], [43, 45], [44, 46], [47, 49], [48, 50], [1, 2]], [[23, 25], [22, 24], [26, 27], [28, 30], [29, 31], [32, 34], [33, 35], [36, 37], [38, 39], [40, 41], [42, 43], [44, 46], [45, 47], [48, 50], [1, 49], [2, 3], [4, 5], [6, 8], [7, 9], [10, 12], [11, 13], [14, 15], [16, 18], [17, 19], [20, 21]], [[3, 5], [4, 6], [7, 8], [9, 10], [11, 12], [13, 15], [14, 16], [17, 19], [18, 20], [21, 23], [22, 24], [25, 27], [26, 28], [29, 31], [30, 32], [33, 34], [35, 37], [36, 38], [39, 41], [40, 42], [43, 44], [45, 46], [47, 49], [48, 50], [1, 2]], [[9, 10], [11, 12], [13, 14], [15, 17], [16, 18], [19, 21], [20, 22], [23, 24], [25, 26], [27, 29], [28, 30], [31, 33], [32, 34], [35, 36], [37, 39], [38, 40], [41, 42], [43, 44], [45, 46], [47, 49], [48, 50], [1, 3], [2, 4], [5, 6], [7, 8]], [[41, 42], [43, 44], [45, 47], [46, 48], [49, 50], [1, 3], [2, 4], [5, 6], [7, 9], [8, 10], [11, 13], [12, 14], [15, 17], [16, 18], [19, 21], [20, 22], [23, 25], [24, 26], [27, 29], [28, 30], [31, 33], [32, 34], [35, 36], [37, 39], [38, 40]], [[16, 17], [18, 19], [20, 22], [21, 23], [24, 25], [26, 28], [27, 29], [30, 31], [32, 33], [34, 35], [36, 38], [37, 39], [40, 41], [42, 44], [43, 45], [46, 47], [48, 50], [1, 49], [2, 4], [3, 5], [6, 7], [8, 10], [9, 11], [12, 14], [13, 15]], [[5, 7], [6, 8], [9, 10], [11, 13], [12, 14], [15, 16], [17, 18], [19, 21], [20, 22], [23, 25], [24, 26], [27, 28], [29, 31], [30, 32], [33, 34], [35, 37], [36, 38], [39, 40], [41, 42], [43, 44], [45, 46], [47, 48], [1, 49], [2, 50], [3, 4]], [[30, 32], [29, 31], [33, 34], [35, 36], [37, 38], [39, 40], [41, 42], [43, 45], [44, 46], [47, 48], [1, 49], [2, 50], [3, 4], [5, 7], [6, 8], [9, 11], [10, 12], [13, 14], [15, 16], [17, 18], [19, 21], [20, 22], [23, 24], [25, 27], [26, 28]], [[44, 46], [43, 45], [47, 49], [48, 50], [1, 2], [3, 4], [5, 6], [7, 8], [9, 10], [11, 13], [12, 14], [15, 17], [16, 18], [19, 20], [21, 22], [23, 25], [24, 26], [27, 28], [29, 31], [30, 32], [33, 34], [35, 37], [36, 38], [39, 40], [41, 42]], [[1, 50], [2, 4], [3, 5], [6, 7], [8, 9], [10, 11], [12, 14], [13, 15], [16, 18], [17, 19], [20, 22], [21, 23], [24, 25], [26, 27], [28, 30], [29, 31], [32, 34], [33, 35], [36, 37], [38, 40], [39, 41], [42, 43], [44, 46], [45, 47], [48, 49]], [[23, 25], [24, 26], [27, 29], [28, 30], [31, 33], [32, 34], [35, 37], [36, 38], [39, 41], [40, 42], [43, 44], [45, 46], [47, 49], [48, 50], [1, 2], [3, 5], [4, 6], [7, 8], [9, 11], [10, 12], [13, 14], [15, 17], [16, 18], [19, 20], [21, 22]], [[26, 28], [27, 29], [30, 31], [32, 34], [33, 35], [36, 37], [38, 39], [40, 42], [41, 43], [44, 45], [46, 47], [48, 49], [1, 50], [2, 3], [4, 5], [6, 7], [8, 9], [10, 11], [12, 14], [13, 15], [16, 18], [17, 19], [20, 21], [22, 23], [24, 25]], [[43, 44], [45, 46], [47, 48], [1, 49], [2, 50], [3, 4], [5, 7], [6, 8], [9, 10], [11, 12], [13, 14], [15, 16], [17, 19], [18, 20], [21, 23], [22, 24], [25, 27], [26, 28], [29, 30], [31, 33], [32, 34], [35, 37], [36, 38], [39, 40], [41, 42]], [[26, 27], [28, 30], [29, 31], [32, 33], [34, 36], [35, 37], [38, 40], [39, 41], [42, 44], [43, 45], [46, 48], [47, 49], [2, 50], [1, 3], [4, 5], [6, 7], [8, 10], [9, 11], [12, 14], [13, 15], [16, 17], [18, 20], [19, 21], [22, 24], [23, 25]], [[25, 27], [26, 28], [29, 30], [31, 32], [33, 35], [34, 36], [37, 39], [38, 40], [41, 43], [42, 44], [45, 47], [46, 48], [1, 49], [2, 50], [3, 4], [5, 7], [6, 8], [9, 11], [10, 12], [13, 14], [15, 16], [17, 18], [19, 20], [21, 23], [22, 24]], [[20, 21], [22, 24], [23, 25], [26, 28], [27, 29], [30, 31], [32, 33], [34, 35], [36, 38], [37, 39], [40, 41], [42, 43], [44, 46], [45, 47], [48, 49], [1, 50], [2, 3], [4, 6], [5, 7], [8, 9], [10, 12], [11, 13], [14, 15], [16, 18], [17, 19]], [[6, 7], [8, 9], [10, 11], [12, 14], [13, 15], [16, 17], [18, 20], [19, 21], [22, 24], [23, 25], [26, 28], [27, 29], [30, 32], [31, 33], [34, 36], [35, 37], [38, 40], [39, 41], [42, 44], [43, 45], [46, 48], [47, 49], [1, 50], [2, 4], [3, 5]], [[41, 43], [40, 42], [44, 45], [46, 48], [47, 49], [1, 50], [2, 4], [3, 5], [6, 8], [7, 9], [10, 12], [11, 13], [14, 16], [15, 17], [18, 19], [20, 22], [21, 23], [24, 25], [26, 28], [27, 29], [30, 31], [32, 34], [33, 35], [36, 38], [37, 39]], [[13, 14], [15, 16], [17, 18], [19, 21], [20, 22], [23, 24], [25, 26], [27, 28], [29, 30], [31, 32], [33, 34], [35, 37], [36, 38], [39, 41], [40, 42], [43, 44], [45, 47], [46, 48], [49, 50], [1, 2], [3, 5], [4, 6], [7, 8], [9, 10], [11, 12]], [[21, 22], [23, 24], [25, 26], [27, 29], [28, 30], [31, 33], [32, 34], [35, 36], [37, 39], [38, 40], [41, 42], [43, 44], [45, 47], [46, 48], [49, 50], [1, 3], [2, 4], [5, 7], [6, 8], [9, 11], [10, 12], [13, 15], [14, 16], [17, 19], [18, 20]], [[12, 14], [13, 15], [16, 18], [17, 19], [20, 22], [21, 23], [24, 26], [25, 27], [28, 30], [29, 31], [32, 34], [33, 35], [36, 38], [37, 39], [40, 42], [41, 43], [44, 46], [45, 47], [48, 50], [1, 49], [2, 4], [3, 5], [6, 8], [7, 9], [10, 11]], [[39, 40], [41, 42], [43, 44], [45, 47], [46, 48], [1, 49], [2, 50], [3, 5], [4, 6], [7, 9], [8, 10], [11, 12], [13, 15], [14, 16], [17, 18], [19, 21], [20, 22], [23, 24], [25, 27], [26, 28], [29, 31], [30, 32], [33, 35], [34, 36], [37, 38]], [[41, 43], [42, 44], [45, 46], [47, 48], [1, 49], [2, 50], [3, 4], [5, 6], [7, 9], [8, 10], [11, 13], [12, 14], [15, 17], [16, 18], [19, 21], [20, 22], [23, 24], [25, 27], [26, 28], [29, 30], [31, 32], [33, 35], [34, 36], [37, 38], [39, 40]], [[43, 45], [46, 47], [48, 49], [2, 50], [1, 3], [4, 6], [5, 7], [8, 10], [9, 11], [12, 13], [14, 16], [15, 17], [18, 20], [19, 21], [22, 23], [24, 25], [26, 27], [28, 29], [30, 32], [31, 33], [34, 35], [36, 37], [38, 40], [39, 41], [42, 44]], [[14, 16], [17, 19], [18, 20], [21, 22], [23, 25], [24, 26], [27, 28], [29, 30], [31, 32], [33, 35], [34, 36], [37, 38], [39, 40], [41, 42], [43, 45], [44, 46], [47, 48], [1, 49], [2, 50], [3, 5], [4, 6], [7, 8], [9, 10], [11, 12], [13, 15]], [[5, 6], [7, 9], [8, 10], [11, 13], [12, 14], [15, 17], [16, 18], [19, 21], [20, 22], [23, 25], [24, 26], [27, 28], [29, 31], [30, 32], [33, 34], [35, 37], [36, 38], [39, 41], [40, 42], [43, 44], [45, 47], [46, 48], [1, 49], [2, 50], [3, 4]], [[18, 19], [20, 22], [21, 23], [24, 25], [26, 28], [27, 29], [30, 32], [31, 33], [34, 36], [35, 37], [38, 40], [39, 41], [42, 44], [43, 45], [46, 48], [47, 49], [2, 50], [1, 3], [4, 5], [6, 8], [7, 9], [10, 12], [11, 13], [14, 16], [15, 17]], [[49, 50], [1, 2], [3, 4], [5, 6], [7, 8], [9, 10], [11, 12], [13, 15], [14, 16], [17, 18], [19, 20], [21, 22], [23, 25], [24, 26], [27, 28], [29, 30], [31, 32], [33, 34], [35, 36], [37, 38], [39, 41], [40, 42], [43, 44], [45, 47], [46, 48]], [[43, 45], [44, 46], [47, 49], [48, 50], [1, 2], [3, 4], [5, 7], [6, 8], [9, 10], [11, 13], [12, 14], [15, 16], [17, 18], [19, 20], [21, 23], [22, 24], [25, 27], [26, 28], [29, 31], [30, 32], [33, 35], [34, 36], [37, 38], [39, 41], [40, 42]], [[7, 8], [9, 10], [11, 13], [12, 14], [15, 17], [16, 18], [19, 21], [20, 22], [23, 24], [25, 27], [26, 28], [29, 31], [30, 32], [33, 34], [35, 36], [37, 39], [38, 40], [41, 43], [42, 44], [45, 46], [47, 49], [48, 50], [1, 2], [3, 4], [5, 6]], [[14, 16], [13, 15], [17, 19], [18, 20], [21, 22], [23, 25], [24, 26], [27, 28], [29, 31], [30, 32], [33, 34], [35, 37], [36, 38], [39, 40], [41, 42], [43, 45], [44, 46], [47, 48], [1, 49], [2, 50], [3, 4], [5, 7], [6, 8], [9, 11], [10, 12]], [[43, 45], [44, 46], [47, 48], [1, 49], [2, 50], [3, 4], [5, 6], [7, 9], [8, 10], [11, 12], [13, 14], [15, 16], [17, 19], [18, 20], [21, 23], [22, 24], [25, 26], [27, 29], [28, 30], [31, 32], [33, 35], [34, 36], [37, 39], [38, 40], [41, 42]], [[14, 15], [16, 17], [18, 19], [20, 21], [22, 24], [23, 25], [26, 27], [28, 29], [30, 32], [31, 33], [34, 36], [35, 37], [38, 39], [40, 42], [41, 43], [44, 45], [46, 47], [48, 49], [2, 50], [1, 3], [4, 5], [6, 8], [7, 9], [10, 12], [11, 13]], [[18, 20], [19, 21], [22, 24], [23, 25], [26, 28], [27, 29], [30, 32], [31, 33], [34, 35], [36, 37], [38, 40], [39, 41], [42, 44], [43, 45], [46, 47], [48, 49], [2, 50], [1, 3], [4, 6], [5, 7], [8, 10], [9, 11], [12, 13], [14, 16], [15, 17]], [[40, 41], [42, 43], [44, 45], [46, 48], [47, 49], [1, 50], [2, 3], [4, 5], [6, 7], [8, 10], [9, 11], [12, 13], [14, 15], [16, 17], [18, 20], [19, 21], [22, 24], [23, 25], [26, 28], [27, 29], [30, 31], [32, 34], [33, 35], [36, 37], [38, 39]], [[43, 45], [46, 47], [48, 50], [1, 49], [2, 4], [3, 5], [6, 7], [8, 10], [9, 11], [12, 14], [13, 15], [16, 18], [17, 19], [20, 22], [21, 23], [24, 25], [26, 27], [28, 30], [29, 31], [32, 33], [34, 35], [36, 38], [37, 39], [40, 41], [42, 44]], [[41, 43], [44, 45], [46, 47], [48, 49], [2, 50], [1, 3], [4, 6], [5, 7], [8, 9], [10, 12], [11, 13], [14, 15], [16, 18], [17, 19], [20, 22], [21, 23], [24, 25], [26, 28], [27, 29], [30, 31], [32, 34], [33, 35], [36, 38], [37, 39], [40, 42]], [[2, 3], [4, 5], [6, 7], [8, 9], [10, 11], [12, 14], [13, 15], [16, 17], [18, 20], [19, 21], [22, 23], [24, 25], [26, 27], [28, 30], [29, 31], [32, 34], [33, 35], [36, 38], [37, 39], [40, 41], [42, 44], [43, 45], [46, 48], [47, 49], [1, 50]], [[11, 12], [13, 14], [15, 17], [16, 18], [19, 21], [20, 22], [23, 24], [25, 27], [26, 28], [29, 30], [31, 32], [33, 35], [34, 36], [37, 38], [39, 41], [40, 42], [43, 44], [45, 46], [47, 48], [1, 49], [2, 50], [3, 5], [4, 6], [7, 9], [8, 10]]]",,1,,0.0,59795,,24,1,2,,0.0,59795,,12,2,1,,0.0,59795,,3,3,1,,0.0,59795,energy,13,4,2,,0.0,59795,energy,9,5,2,,0.0,59795,cancer,18,6,1,,0.0,59795,cancer,6,7,2,,0.0,59795,nucleardisaster,11,8,1,,0.0,59795,nucleardisaster,25,9,2,,1.0,59795,nucleardisaster,17,10,1,,0.0,59795,nucleardisaster,14,11,2,,0.0,59795,tsunami,2,12,1,,0.0,59795,tsunami,1,13,1,,1.0,59795,naturaldisaster,18,14,1,,0.0,59795,naturaldisaster,1,15,1,,1.0,59795,naturaldisaster,2,16,1,,1.0,59795,naturaldisaster,4,17,1,,1.0,59795,naturaldisaster,11,18,1,,1.0,59795,naturaldisaster,19,19,2,,0.0,59795,naturaldisaster,7,20,2,,0.0,59795,naturaldisaster,3,21,2,,1.0,59795,setsuden,7,22,1,,0.0,59795,setsuden,20,23,1,,1.0,59795,naturaldisaster,19,24,1,,1.0,59795,naturaldisaster,17,25,2,,0.0,59795,NuclearFallout,6,26,2,,0.0,59795,nuclearfallout,11,27,1,,0.0,59795,setsuden,5,28,2,,1.0,59795,setsuden,14,29,1,,1.0,59795,naturaldisaster,18,30,1,,0.0,59795,nuclearfallout,11,31,2,,1.0,59795,setsuden,7,32,2,,0.0,59795,naturaldisaster,17,33,1,,0.0,59795,setsuden,7,34,1,,0.0,59795,setsuden,5,35,1,,0.0,59795,setsuden,19,36,1,,1.0,59795,naturaldisaster,17,37,1,,1.0,59795,naturaldisaster,18,38,1,,1.0,59795,naturaldisaster,13,39,1,,1.0,59795,naturaldisaster,9,40,,,,,,,,,,,,,,,,,,,,,,,,,,,,,,,,,,,,,,,,,,,,,,,,,,,,,,,,,,,,,,,,,,,,,,,,,,,,,,,,,,,,,,,,,,,,,,,,,,,,,,,,,,,,,,,,,,,,,,,,,,,,,,,,,,,,,,,,,,,,,,,,,,,,,,,,,,,,,,,,,,,,,,,,,,,,,,,,,,,,,,,,,,,,,,,,,,,,,,,,,,,,,,,,,,,,,,,,,,,,,,,,,,,,,,,,,,,,,,,,,,,,,,,,,,,,,,,,,,,,,,,,,,,,,,,,,,,,,,,,,,,,,,,,,,,,,,,,,,,,,,,,,,,,,,,,,,,,,,,,,,,,,,,,,,,,,,,,,,,,,,,,,,,,,,,,,,,,,,,,,,,,,,,,,,,,,,,,,,,,,,,,,,,,,,,,,,,,,,,,,,,,,,,,,,,,,,,,,,,,,,,,,,,,,,,,,,,,,,,,,,,,,,,,,,,,,,,,,,,,,,,,,,,,,,,,,,,,,,,,,,,,,,,,,,,,,,,,,,,,,,,,,,,,,,,,,,,,,,,,,,,,,,,,,,,,,,,,,,,,,,,,,,,,,,,,,,,,,,,,,,,,,,,,,,,,,,,,,,,,,,,,,,,,,,,,,,,,,,,,,,,,,,,,,,,,,,,,,,,,,,,,,,,,,,,,,,,,,,,,,,,,,,,,,,,,,,,,,,,,,,,,,,,,,,,,,,,,,,,,,,,,,,,,,,,,,,,,,,,,,,,,,,,,,,,,,,,,,,,,,,,,,,,,,,,,,,,,,,,,,,,,,,,,,,,,,,,,,,,,,,,,,,,,,,,,,,,,,,,,,,,,,,,,,,,,,,,,,,,,,,,,,,,,,,,,,,,,,,,,,,,,,,,,,,,,,,,,,,,,,,,,,,,,,,,,,,,,,,,,,,,,,,,,,,,,,,,,,,,,,,,,,,,,,,,,,,,,,,,,,,,,,,,,,,,,,,,,,,,,,,,,,,,,,,,,,,,,,,,,,,,,,,,,,,,,,,,,,,,,,,,,,,,,,,,,,,,,,,,,,,,,,,,,,,,,,,,,,,,,,,,,,,,,,,,,,,,,,,,,,,,,,,,,,,,,,,,,,,,,,,,,,,,,,,,,,,,,,,,,,,,,,,,,,,,,,,,,,,,,,,,,,,,,,,,,,,,,,,,,,,,,,,,,,,,,,,,,,,,,,,,,,,,,,,,,,,,,,,,,,,,,,,,,,,,,,,,,,,,,,,,,,,,,,,
27,fh8aghrc,,0,240,240,hashtag_experiment,LastPage,2024-04-17 17:12:10.972596,1,,,8.0,g8k2na6b,,,,,0,0.0,1.0,hashtag_experiment,"[[[30, 31], [32, 33], [34, 35], [36, 38], [37, 39], [40, 42], [41, 43], [44, 46], [45, 47], [48, 50], [1, 49], [2, 4], [3, 5], [6, 7], [8, 10], [9, 11], [12, 13], [14, 15], [16, 17], [18, 19], [20, 21], [22, 23], [24, 25], [26, 27], [28, 29]], [[3, 5], [4, 6], [7, 9], [8, 10], [11, 13], [12, 14], [15, 16], [17, 19], [18, 20], [21, 23], [22, 24], [25, 26], [27, 29], [28, 30], [31, 33], [32, 34], [35, 36], [37, 39], [38, 40], [41, 42], [43, 45], [44, 46], [47, 49], [48, 50], [1, 2]], [[23, 25], [22, 24], [26, 27], [28, 30], [29, 31], [32, 34], [33, 35], [36, 37], [38, 39], [40, 41], [42, 43], [44, 46], [45, 47], [48, 50], [1, 49], [2, 3], [4, 5], [6, 8], [7, 9], [10, 12], [11, 13], [14, 15], [16, 18], [17, 19], [20, 21]], [[3, 5], [4, 6], [7, 8], [9, 10], [11, 12], [13, 15], [14, 16], [17, 19], [18, 20], [21, 23], [22, 24], [25, 27], [26, 28], [29, 31], [30, 32], [33, 34], [35, 37], [36, 38], [39, 41], [40, 42], [43, 44], [45, 46], [47, 49], [48, 50], [1, 2]], [[9, 10], [11, 12], [13, 14], [15, 17], [16, 18], [19, 21], [20, 22], [23, 24], [25, 26], [27, 29], [28, 30], [31, 33], [32, 34], [35, 36], [37, 39], [38, 40], [41, 42], [43, 44], [45, 46], [47, 49], [48, 50], [1, 3], [2, 4], [5, 6], [7, 8]], [[41, 42], [43, 44], [45, 47], [46, 48], [49, 50], [1, 3], [2, 4], [5, 6], [7, 9], [8, 10], [11, 13], [12, 14], [15, 17], [16, 18], [19, 21], [20, 22], [23, 25], [24, 26], [27, 29], [28, 30], [31, 33], [32, 34], [35, 36], [37, 39], [38, 40]], [[16, 17], [18, 19], [20, 22], [21, 23], [24, 25], [26, 28], [27, 29], [30, 31], [32, 33], [34, 35], [36, 38], [37, 39], [40, 41], [42, 44], [43, 45], [46, 47], [48, 50], [1, 49], [2, 4], [3, 5], [6, 7], [8, 10], [9, 11], [12, 14], [13, 15]], [[5, 7], [6, 8], [9, 10], [11, 13], [12, 14], [15, 16], [17, 18], [19, 21], [20, 22], [23, 25], [24, 26], [27, 28], [29, 31], [30, 32], [33, 34], [35, 37], [36, 38], [39, 40], [41, 42], [43, 44], [45, 46], [47, 48], [1, 49], [2, 50], [3, 4]], [[30, 32], [29, 31], [33, 34], [35, 36], [37, 38], [39, 40], [41, 42], [43, 45], [44, 46], [47, 48], [1, 49], [2, 50], [3, 4], [5, 7], [6, 8], [9, 11], [10, 12], [13, 14], [15, 16], [17, 18], [19, 21], [20, 22], [23, 24], [25, 27], [26, 28]], [[44, 46], [43, 45], [47, 49], [48, 50], [1, 2], [3, 4], [5, 6], [7, 8], [9, 10], [11, 13], [12, 14], [15, 17], [16, 18], [19, 20], [21, 22], [23, 25], [24, 26], [27, 28], [29, 31], [30, 32], [33, 34], [35, 37], [36, 38], [39, 40], [41, 42]], [[1, 50], [2, 4], [3, 5], [6, 7], [8, 9], [10, 11], [12, 14], [13, 15], [16, 18], [17, 19], [20, 22], [21, 23], [24, 25], [26, 27], [28, 30], [29, 31], [32, 34], [33, 35], [36, 37], [38, 40], [39, 41], [42, 43], [44, 46], [45, 47], [48, 49]], [[23, 25], [24, 26], [27, 29], [28, 30], [31, 33], [32, 34], [35, 37], [36, 38], [39, 41], [40, 42], [43, 44], [45, 46], [47, 49], [48, 50], [1, 2], [3, 5], [4, 6], [7, 8], [9, 11], [10, 12], [13, 14], [15, 17], [16, 18], [19, 20], [21, 22]], [[26, 28], [27, 29], [30, 31], [32, 34], [33, 35], [36, 37], [38, 39], [40, 42], [41, 43], [44, 45], [46, 47], [48, 49], [1, 50], [2, 3], [4, 5], [6, 7], [8, 9], [10, 11], [12, 14], [13, 15], [16, 18], [17, 19], [20, 21], [22, 23], [24, 25]], [[43, 44], [45, 46], [47, 48], [1, 49], [2, 50], [3, 4], [5, 7], [6, 8], [9, 10], [11, 12], [13, 14], [15, 16], [17, 19], [18, 20], [21, 23], [22, 24], [25, 27], [26, 28], [29, 30], [31, 33], [32, 34], [35, 37], [36, 38], [39, 40], [41, 42]], [[26, 27], [28, 30], [29, 31], [32, 33], [34, 36], [35, 37], [38, 40], [39, 41], [42, 44], [43, 45], [46, 48], [47, 49], [2, 50], [1, 3], [4, 5], [6, 7], [8, 10], [9, 11], [12, 14], [13, 15], [16, 17], [18, 20], [19, 21], [22, 24], [23, 25]], [[25, 27], [26, 28], [29, 30], [31, 32], [33, 35], [34, 36], [37, 39], [38, 40], [41, 43], [42, 44], [45, 47], [46, 48], [1, 49], [2, 50], [3, 4], [5, 7], [6, 8], [9, 11], [10, 12], [13, 14], [15, 16], [17, 18], [19, 20], [21, 23], [22, 24]], [[20, 21], [22, 24], [23, 25], [26, 28], [27, 29], [30, 31], [32, 33], [34, 35], [36, 38], [37, 39], [40, 41], [42, 43], [44, 46], [45, 47], [48, 49], [1, 50], [2, 3], [4, 6], [5, 7], [8, 9], [10, 12], [11, 13], [14, 15], [16, 18], [17, 19]], [[6, 7], [8, 9], [10, 11], [12, 14], [13, 15], [16, 17], [18, 20], [19, 21], [22, 24], [23, 25], [26, 28], [27, 29], [30, 32], [31, 33], [34, 36], [35, 37], [38, 40], [39, 41], [42, 44], [43, 45], [46, 48], [47, 49], [1, 50], [2, 4], [3, 5]], [[41, 43], [40, 42], [44, 45], [46, 48], [47, 49], [1, 50], [2, 4], [3, 5], [6, 8], [7, 9], [10, 12], [11, 13], [14, 16], [15, 17], [18, 19], [20, 22], [21, 23], [24, 25], [26, 28], [27, 29], [30, 31], [32, 34], [33, 35], [36, 38], [37, 39]], [[13, 14], [15, 16], [17, 18], [19, 21], [20, 22], [23, 24], [25, 26], [27, 28], [29, 30], [31, 32], [33, 34], [35, 37], [36, 38], [39, 41], [40, 42], [43, 44], [45, 47], [46, 48], [49, 50], [1, 2], [3, 5], [4, 6], [7, 8], [9, 10], [11, 12]], [[21, 22], [23, 24], [25, 26], [27, 29], [28, 30], [31, 33], [32, 34], [35, 36], [37, 39], [38, 40], [41, 42], [43, 44], [45, 47], [46, 48], [49, 50], [1, 3], [2, 4], [5, 7], [6, 8], [9, 11], [10, 12], [13, 15], [14, 16], [17, 19], [18, 20]], [[12, 14], [13, 15], [16, 18], [17, 19], [20, 22], [21, 23], [24, 26], [25, 27], [28, 30], [29, 31], [32, 34], [33, 35], [36, 38], [37, 39], [40, 42], [41, 43], [44, 46], [45, 47], [48, 50], [1, 49], [2, 4], [3, 5], [6, 8], [7, 9], [10, 11]], [[39, 40], [41, 42], [43, 44], [45, 47], [46, 48], [1, 49], [2, 50], [3, 5], [4, 6], [7, 9], [8, 10], [11, 12], [13, 15], [14, 16], [17, 18], [19, 21], [20, 22], [23, 24], [25, 27], [26, 28], [29, 31], [30, 32], [33, 35], [34, 36], [37, 38]], [[41, 43], [42, 44], [45, 46], [47, 48], [1, 49], [2, 50], [3, 4], [5, 6], [7, 9], [8, 10], [11, 13], [12, 14], [15, 17], [16, 18], [19, 21], [20, 22], [23, 24], [25, 27], [26, 28], [29, 30], [31, 32], [33, 35], [34, 36], [37, 38], [39, 40]], [[43, 45], [46, 47], [48, 49], [2, 50], [1, 3], [4, 6], [5, 7], [8, 10], [9, 11], [12, 13], [14, 16], [15, 17], [18, 20], [19, 21], [22, 23], [24, 25], [26, 27], [28, 29], [30, 32], [31, 33], [34, 35], [36, 37], [38, 40], [39, 41], [42, 44]], [[14, 16], [17, 19], [18, 20], [21, 22], [23, 25], [24, 26], [27, 28], [29, 30], [31, 32], [33, 35], [34, 36], [37, 38], [39, 40], [41, 42], [43, 45], [44, 46], [47, 48], [1, 49], [2, 50], [3, 5], [4, 6], [7, 8], [9, 10], [11, 12], [13, 15]], [[5, 6], [7, 9], [8, 10], [11, 13], [12, 14], [15, 17], [16, 18], [19, 21], [20, 22], [23, 25], [24, 26], [27, 28], [29, 31], [30, 32], [33, 34], [35, 37], [36, 38], [39, 41], [40, 42], [43, 44], [45, 47], [46, 48], [1, 49], [2, 50], [3, 4]], [[18, 19], [20, 22], [21, 23], [24, 25], [26, 28], [27, 29], [30, 32], [31, 33], [34, 36], [35, 37], [38, 40], [39, 41], [42, 44], [43, 45], [46, 48], [47, 49], [2, 50], [1, 3], [4, 5], [6, 8], [7, 9], [10, 12], [11, 13], [14, 16], [15, 17]], [[49, 50], [1, 2], [3, 4], [5, 6], [7, 8], [9, 10], [11, 12], [13, 15], [14, 16], [17, 18], [19, 20], [21, 22], [23, 25], [24, 26], [27, 28], [29, 30], [31, 32], [33, 34], [35, 36], [37, 38], [39, 41], [40, 42], [43, 44], [45, 47], [46, 48]], [[43, 45], [44, 46], [47, 49], [48, 50], [1, 2], [3, 4], [5, 7], [6, 8], [9, 10], [11, 13], [12, 14], [15, 16], [17, 18], [19, 20], [21, 23], [22, 24], [25, 27], [26, 28], [29, 31], [30, 32], [33, 35], [34, 36], [37, 38], [39, 41], [40, 42]], [[7, 8], [9, 10], [11, 13], [12, 14], [15, 17], [16, 18], [19, 21], [20, 22], [23, 24], [25, 27], [26, 28], [29, 31], [30, 32], [33, 34], [35, 36], [37, 39], [38, 40], [41, 43], [42, 44], [45, 46], [47, 49], [48, 50], [1, 2], [3, 4], [5, 6]], [[14, 16], [13, 15], [17, 19], [18, 20], [21, 22], [23, 25], [24, 26], [27, 28], [29, 31], [30, 32], [33, 34], [35, 37], [36, 38], [39, 40], [41, 42], [43, 45], [44, 46], [47, 48], [1, 49], [2, 50], [3, 4], [5, 7], [6, 8], [9, 11], [10, 12]], [[43, 45], [44, 46], [47, 48], [1, 49], [2, 50], [3, 4], [5, 6], [7, 9], [8, 10], [11, 12], [13, 14], [15, 16], [17, 19], [18, 20], [21, 23], [22, 24], [25, 26], [27, 29], [28, 30], [31, 32], [33, 35], [34, 36], [37, 39], [38, 40], [41, 42]], [[14, 15], [16, 17], [18, 19], [20, 21], [22, 24], [23, 25], [26, 27], [28, 29], [30, 32], [31, 33], [34, 36], [35, 37], [38, 39], [40, 42], [41, 43], [44, 45], [46, 47], [48, 49], [2, 50], [1, 3], [4, 5], [6, 8], [7, 9], [10, 12], [11, 13]], [[18, 20], [19, 21], [22, 24], [23, 25], [26, 28], [27, 29], [30, 32], [31, 33], [34, 35], [36, 37], [38, 40], [39, 41], [42, 44], [43, 45], [46, 47], [48, 49], [2, 50], [1, 3], [4, 6], [5, 7], [8, 10], [9, 11], [12, 13], [14, 16], [15, 17]], [[40, 41], [42, 43], [44, 45], [46, 48], [47, 49], [1, 50], [2, 3], [4, 5], [6, 7], [8, 10], [9, 11], [12, 13], [14, 15], [16, 17], [18, 20], [19, 21], [22, 24], [23, 25], [26, 28], [27, 29], [30, 31], [32, 34], [33, 35], [36, 37], [38, 39]], [[43, 45], [46, 47], [48, 50], [1, 49], [2, 4], [3, 5], [6, 7], [8, 10], [9, 11], [12, 14], [13, 15], [16, 18], [17, 19], [20, 22], [21, 23], [24, 25], [26, 27], [28, 30], [29, 31], [32, 33], [34, 35], [36, 38], [37, 39], [40, 41], [42, 44]], [[41, 43], [44, 45], [46, 47], [48, 49], [2, 50], [1, 3], [4, 6], [5, 7], [8, 9], [10, 12], [11, 13], [14, 15], [16, 18], [17, 19], [20, 22], [21, 23], [24, 25], [26, 28], [27, 29], [30, 31], [32, 34], [33, 35], [36, 38], [37, 39], [40, 42]], [[2, 3], [4, 5], [6, 7], [8, 9], [10, 11], [12, 14], [13, 15], [16, 17], [18, 20], [19, 21], [22, 23], [24, 25], [26, 27], [28, 30], [29, 31], [32, 34], [33, 35], [36, 38], [37, 39], [40, 41], [42, 44], [43, 45], [46, 48], [47, 49], [1, 50]], [[11, 12], [13, 14], [15, 17], [16, 18], [19, 21], [20, 22], [23, 24], [25, 27], [26, 28], [29, 30], [31, 32], [33, 35], [34, 36], [37, 38], [39, 41], [40, 42], [43, 44], [45, 46], [47, 48], [1, 49], [2, 50], [3, 5], [4, 6], [7, 9], [8, 10]]]",,2,,0.0,28887,Fcancer,24,1,1,,0.0,28887,cancer,13,2,2,,0.0,28887,chemicals,3,3,2,,0.0,28887,saveenergy,12,4,1,,0.0,28887,saveourplanet,10,5,1,,0.0,28887,reducewaste,19,6,1,,0.0,28887,environment,7,7,1,,0.0,28887,cancersucks,12,8,2,,0.0,28887,savetheenvironment,24,9,1,,0.0,28887,disaster,18,10,2,,0.0,28887,tsunami,14,11,1,,0.0,28887,nucleardisaster,3,12,1,,0.0,28887,naturalenergy,2,13,2,,0.0,28887,meltdown,17,14,2,,0.0,28887,CleanPlanet,1,15,2,,0.0,28887,cleanenergy,1,16,1,,0.0,28887,savetheplanet,5,17,1,,0.0,28887,nuclear,12,18,1,,0.0,28887,setsudan,20,19,1,,0.0,28887,nucleardisaster,8,20,1,,1.0,28887,naturaldisaster,4,21,2,,0.0,28887,naturaldisaster,8,22,2,,0.0,28887,naturalenergy,19,23,2,,0.0,28887,setsudan,18,24,2,,1.0,28887,naturaldisaster,17,25,1,,1.0,28887,naturaldisaster,7,26,1,,1.0,28887,naturaldisaster,12,27,1,,0.0,28887,naturaldisaster,6,28,1,,0.0,28887,setsudan,15,29,2,,0.0,28887,naturaldisaster,17,30,2,,0.0,28887,naturaldisaster,10,31,1,,1.0,28887,naturaldisaster,8,32,1,,1.0,28887,naturaldisaster,18,33,2,,0.0,28887,naturaldisaster,7,34,1,,0.0,28887,setsuden,6,35,1,,0.0,28887,naturaldisaster,20,36,2,,1.0,28887,naturaldisaster,17,37,1,,0.0,28887,naturaldisaster,19,38,2,,1.0,28887,naturaldisaster,13,39,2,,0.0,28887,naturaldisaster,8,40,,,,,,,,,,,,,,,,,,,,,,,,,,,,,,,,,,,,,,,,,,,,,,,,,,,,,,,,,,,,,,,,,,,,,,,,,,,,,,,,,,,,,,,,,,,,,,,,,,,,,,,,,,,,,,,,,,,,,,,,,,,,,,,,,,,,,,,,,,,,,,,,,,,,,,,,,,,,,,,,,,,,,,,,,,,,,,,,,,,,,,,,,,,,,,,,,,,,,,,,,,,,,,,,,,,,,,,,,,,,,,,,,,,,,,,,,,,,,,,,,,,,,,,,,,,,,,,,,,,,,,,,,,,,,,,,,,,,,,,,,,,,,,,,,,,,,,,,,,,,,,,,,,,,,,,,,,,,,,,,,,,,,,,,,,,,,,,,,,,,,,,,,,,,,,,,,,,,,,,,,,,,,,,,,,,,,,,,,,,,,,,,,,,,,,,,,,,,,,,,,,,,,,,,,,,,,,,,,,,,,,,,,,,,,,,,,,,,,,,,,,,,,,,,,,,,,,,,,,,,,,,,,,,,,,,,,,,,,,,,,,,,,,,,,,,,,,,,,,,,,,,,,,,,,,,,,,,,,,,,,,,,,,,,,,,,,,,,,,,,,,,,,,,,,,,,,,,,,,,,,,,,,,,,,,,,,,,,,,,,,,,,,,,,,,,,,,,,,,,,,,,,,,,,,,,,,,,,,,,,,,,,,,,,,,,,,,,,,,,,,,,,,,,,,,,,,,,,,,,,,,,,,,,,,,,,,,,,,,,,,,,,,,,,,,,,,,,,,,,,,,,,,,,,,,,,,,,,,,,,,,,,,,,,,,,,,,,,,,,,,,,,,,,,,,,,,,,,,,,,,,,,,,,,,,,,,,,,,,,,,,,,,,,,,,,,,,,,,,,,,,,,,,,,,,,,,,,,,,,,,,,,,,,,,,,,,,,,,,,,,,,,,,,,,,,,,,,,,,,,,,,,,,,,,,,,,,,,,,,,,,,,,,,,,,,,,,,,,,,,,,,,,,,,,,,,,,,,,,,,,,,,,,,,,,,,,,,,,,,,,,,,,,,,,,,,,,,,,,,,,,,,,,,,,,,,,,,,,,,,,,,,,,,,,,,,,,,,,,,,,,,,,,,,,,,,,,,,,,,,,,,,,,,,,,,,,,,,,,,,,,,,,,,,,,,,,,,,,,,,,,,,,,,,,,,,,,,,,,,,,,,,,,,,,,,,,,,,,,,,,,,,,,,,,,,,,,,,,,,,,,,,,,,,,,,,,,,,,,,,,,,,,,,,,,,,,,,,,,,,,,,,,,,,,,
28,ya5y14mm,,0,240,240,hashtag_experiment,LastPage,2024-04-17 17:12:28.017943,1,,,23.0,g8k2na6b,,,,,0,0.0,1.0,hashtag_experiment,"[[[30, 31], [32, 33], [34, 35], [36, 38], [37, 39], [40, 42], [41, 43], [44, 46], [45, 47], [48, 50], [1, 49], [2, 4], [3, 5], [6, 7], [8, 10], [9, 11], [12, 13], [14, 15], [16, 17], [18, 19], [20, 21], [22, 23], [24, 25], [26, 27], [28, 29]], [[3, 5], [4, 6], [7, 9], [8, 10], [11, 13], [12, 14], [15, 16], [17, 19], [18, 20], [21, 23], [22, 24], [25, 26], [27, 29], [28, 30], [31, 33], [32, 34], [35, 36], [37, 39], [38, 40], [41, 42], [43, 45], [44, 46], [47, 49], [48, 50], [1, 2]], [[23, 25], [22, 24], [26, 27], [28, 30], [29, 31], [32, 34], [33, 35], [36, 37], [38, 39], [40, 41], [42, 43], [44, 46], [45, 47], [48, 50], [1, 49], [2, 3], [4, 5], [6, 8], [7, 9], [10, 12], [11, 13], [14, 15], [16, 18], [17, 19], [20, 21]], [[3, 5], [4, 6], [7, 8], [9, 10], [11, 12], [13, 15], [14, 16], [17, 19], [18, 20], [21, 23], [22, 24], [25, 27], [26, 28], [29, 31], [30, 32], [33, 34], [35, 37], [36, 38], [39, 41], [40, 42], [43, 44], [45, 46], [47, 49], [48, 50], [1, 2]], [[9, 10], [11, 12], [13, 14], [15, 17], [16, 18], [19, 21], [20, 22], [23, 24], [25, 26], [27, 29], [28, 30], [31, 33], [32, 34], [35, 36], [37, 39], [38, 40], [41, 42], [43, 44], [45, 46], [47, 49], [48, 50], [1, 3], [2, 4], [5, 6], [7, 8]], [[41, 42], [43, 44], [45, 47], [46, 48], [49, 50], [1, 3], [2, 4], [5, 6], [7, 9], [8, 10], [11, 13], [12, 14], [15, 17], [16, 18], [19, 21], [20, 22], [23, 25], [24, 26], [27, 29], [28, 30], [31, 33], [32, 34], [35, 36], [37, 39], [38, 40]], [[16, 17], [18, 19], [20, 22], [21, 23], [24, 25], [26, 28], [27, 29], [30, 31], [32, 33], [34, 35], [36, 38], [37, 39], [40, 41], [42, 44], [43, 45], [46, 47], [48, 50], [1, 49], [2, 4], [3, 5], [6, 7], [8, 10], [9, 11], [12, 14], [13, 15]], [[5, 7], [6, 8], [9, 10], [11, 13], [12, 14], [15, 16], [17, 18], [19, 21], [20, 22], [23, 25], [24, 26], [27, 28], [29, 31], [30, 32], [33, 34], [35, 37], [36, 38], [39, 40], [41, 42], [43, 44], [45, 46], [47, 48], [1, 49], [2, 50], [3, 4]], [[30, 32], [29, 31], [33, 34], [35, 36], [37, 38], [39, 40], [41, 42], [43, 45], [44, 46], [47, 48], [1, 49], [2, 50], [3, 4], [5, 7], [6, 8], [9, 11], [10, 12], [13, 14], [15, 16], [17, 18], [19, 21], [20, 22], [23, 24], [25, 27], [26, 28]], [[44, 46], [43, 45], [47, 49], [48, 50], [1, 2], [3, 4], [5, 6], [7, 8], [9, 10], [11, 13], [12, 14], [15, 17], [16, 18], [19, 20], [21, 22], [23, 25], [24, 26], [27, 28], [29, 31], [30, 32], [33, 34], [35, 37], [36, 38], [39, 40], [41, 42]], [[1, 50], [2, 4], [3, 5], [6, 7], [8, 9], [10, 11], [12, 14], [13, 15], [16, 18], [17, 19], [20, 22], [21, 23], [24, 25], [26, 27], [28, 30], [29, 31], [32, 34], [33, 35], [36, 37], [38, 40], [39, 41], [42, 43], [44, 46], [45, 47], [48, 49]], [[23, 25], [24, 26], [27, 29], [28, 30], [31, 33], [32, 34], [35, 37], [36, 38], [39, 41], [40, 42], [43, 44], [45, 46], [47, 49], [48, 50], [1, 2], [3, 5], [4, 6], [7, 8], [9, 11], [10, 12], [13, 14], [15, 17], [16, 18], [19, 20], [21, 22]], [[26, 28], [27, 29], [30, 31], [32, 34], [33, 35], [36, 37], [38, 39], [40, 42], [41, 43], [44, 45], [46, 47], [48, 49], [1, 50], [2, 3], [4, 5], [6, 7], [8, 9], [10, 11], [12, 14], [13, 15], [16, 18], [17, 19], [20, 21], [22, 23], [24, 25]], [[43, 44], [45, 46], [47, 48], [1, 49], [2, 50], [3, 4], [5, 7], [6, 8], [9, 10], [11, 12], [13, 14], [15, 16], [17, 19], [18, 20], [21, 23], [22, 24], [25, 27], [26, 28], [29, 30], [31, 33], [32, 34], [35, 37], [36, 38], [39, 40], [41, 42]], [[26, 27], [28, 30], [29, 31], [32, 33], [34, 36], [35, 37], [38, 40], [39, 41], [42, 44], [43, 45], [46, 48], [47, 49], [2, 50], [1, 3], [4, 5], [6, 7], [8, 10], [9, 11], [12, 14], [13, 15], [16, 17], [18, 20], [19, 21], [22, 24], [23, 25]], [[25, 27], [26, 28], [29, 30], [31, 32], [33, 35], [34, 36], [37, 39], [38, 40], [41, 43], [42, 44], [45, 47], [46, 48], [1, 49], [2, 50], [3, 4], [5, 7], [6, 8], [9, 11], [10, 12], [13, 14], [15, 16], [17, 18], [19, 20], [21, 23], [22, 24]], [[20, 21], [22, 24], [23, 25], [26, 28], [27, 29], [30, 31], [32, 33], [34, 35], [36, 38], [37, 39], [40, 41], [42, 43], [44, 46], [45, 47], [48, 49], [1, 50], [2, 3], [4, 6], [5, 7], [8, 9], [10, 12], [11, 13], [14, 15], [16, 18], [17, 19]], [[6, 7], [8, 9], [10, 11], [12, 14], [13, 15], [16, 17], [18, 20], [19, 21], [22, 24], [23, 25], [26, 28], [27, 29], [30, 32], [31, 33], [34, 36], [35, 37], [38, 40], [39, 41], [42, 44], [43, 45], [46, 48], [47, 49], [1, 50], [2, 4], [3, 5]], [[41, 43], [40, 42], [44, 45], [46, 48], [47, 49], [1, 50], [2, 4], [3, 5], [6, 8], [7, 9], [10, 12], [11, 13], [14, 16], [15, 17], [18, 19], [20, 22], [21, 23], [24, 25], [26, 28], [27, 29], [30, 31], [32, 34], [33, 35], [36, 38], [37, 39]], [[13, 14], [15, 16], [17, 18], [19, 21], [20, 22], [23, 24], [25, 26], [27, 28], [29, 30], [31, 32], [33, 34], [35, 37], [36, 38], [39, 41], [40, 42], [43, 44], [45, 47], [46, 48], [49, 50], [1, 2], [3, 5], [4, 6], [7, 8], [9, 10], [11, 12]], [[21, 22], [23, 24], [25, 26], [27, 29], [28, 30], [31, 33], [32, 34], [35, 36], [37, 39], [38, 40], [41, 42], [43, 44], [45, 47], [46, 48], [49, 50], [1, 3], [2, 4], [5, 7], [6, 8], [9, 11], [10, 12], [13, 15], [14, 16], [17, 19], [18, 20]], [[12, 14], [13, 15], [16, 18], [17, 19], [20, 22], [21, 23], [24, 26], [25, 27], [28, 30], [29, 31], [32, 34], [33, 35], [36, 38], [37, 39], [40, 42], [41, 43], [44, 46], [45, 47], [48, 50], [1, 49], [2, 4], [3, 5], [6, 8], [7, 9], [10, 11]], [[39, 40], [41, 42], [43, 44], [45, 47], [46, 48], [1, 49], [2, 50], [3, 5], [4, 6], [7, 9], [8, 10], [11, 12], [13, 15], [14, 16], [17, 18], [19, 21], [20, 22], [23, 24], [25, 27], [26, 28], [29, 31], [30, 32], [33, 35], [34, 36], [37, 38]], [[41, 43], [42, 44], [45, 46], [47, 48], [1, 49], [2, 50], [3, 4], [5, 6], [7, 9], [8, 10], [11, 13], [12, 14], [15, 17], [16, 18], [19, 21], [20, 22], [23, 24], [25, 27], [26, 28], [29, 30], [31, 32], [33, 35], [34, 36], [37, 38], [39, 40]], [[43, 45], [46, 47], [48, 49], [2, 50], [1, 3], [4, 6], [5, 7], [8, 10], [9, 11], [12, 13], [14, 16], [15, 17], [18, 20], [19, 21], [22, 23], [24, 25], [26, 27], [28, 29], [30, 32], [31, 33], [34, 35], [36, 37], [38, 40], [39, 41], [42, 44]], [[14, 16], [17, 19], [18, 20], [21, 22], [23, 25], [24, 26], [27, 28], [29, 30], [31, 32], [33, 35], [34, 36], [37, 38], [39, 40], [41, 42], [43, 45], [44, 46], [47, 48], [1, 49], [2, 50], [3, 5], [4, 6], [7, 8], [9, 10], [11, 12], [13, 15]], [[5, 6], [7, 9], [8, 10], [11, 13], [12, 14], [15, 17], [16, 18], [19, 21], [20, 22], [23, 25], [24, 26], [27, 28], [29, 31], [30, 32], [33, 34], [35, 37], [36, 38], [39, 41], [40, 42], [43, 44], [45, 47], [46, 48], [1, 49], [2, 50], [3, 4]], [[18, 19], [20, 22], [21, 23], [24, 25], [26, 28], [27, 29], [30, 32], [31, 33], [34, 36], [35, 37], [38, 40], [39, 41], [42, 44], [43, 45], [46, 48], [47, 49], [2, 50], [1, 3], [4, 5], [6, 8], [7, 9], [10, 12], [11, 13], [14, 16], [15, 17]], [[49, 50], [1, 2], [3, 4], [5, 6], [7, 8], [9, 10], [11, 12], [13, 15], [14, 16], [17, 18], [19, 20], [21, 22], [23, 25], [24, 26], [27, 28], [29, 30], [31, 32], [33, 34], [35, 36], [37, 38], [39, 41], [40, 42], [43, 44], [45, 47], [46, 48]], [[43, 45], [44, 46], [47, 49], [48, 50], [1, 2], [3, 4], [5, 7], [6, 8], [9, 10], [11, 13], [12, 14], [15, 16], [17, 18], [19, 20], [21, 23], [22, 24], [25, 27], [26, 28], [29, 31], [30, 32], [33, 35], [34, 36], [37, 38], [39, 41], [40, 42]], [[7, 8], [9, 10], [11, 13], [12, 14], [15, 17], [16, 18], [19, 21], [20, 22], [23, 24], [25, 27], [26, 28], [29, 31], [30, 32], [33, 34], [35, 36], [37, 39], [38, 40], [41, 43], [42, 44], [45, 46], [47, 49], [48, 50], [1, 2], [3, 4], [5, 6]], [[14, 16], [13, 15], [17, 19], [18, 20], [21, 22], [23, 25], [24, 26], [27, 28], [29, 31], [30, 32], [33, 34], [35, 37], [36, 38], [39, 40], [41, 42], [43, 45], [44, 46], [47, 48], [1, 49], [2, 50], [3, 4], [5, 7], [6, 8], [9, 11], [10, 12]], [[43, 45], [44, 46], [47, 48], [1, 49], [2, 50], [3, 4], [5, 6], [7, 9], [8, 10], [11, 12], [13, 14], [15, 16], [17, 19], [18, 20], [21, 23], [22, 24], [25, 26], [27, 29], [28, 30], [31, 32], [33, 35], [34, 36], [37, 39], [38, 40], [41, 42]], [[14, 15], [16, 17], [18, 19], [20, 21], [22, 24], [23, 25], [26, 27], [28, 29], [30, 32], [31, 33], [34, 36], [35, 37], [38, 39], [40, 42], [41, 43], [44, 45], [46, 47], [48, 49], [2, 50], [1, 3], [4, 5], [6, 8], [7, 9], [10, 12], [11, 13]], [[18, 20], [19, 21], [22, 24], [23, 25], [26, 28], [27, 29], [30, 32], [31, 33], [34, 35], [36, 37], [38, 40], [39, 41], [42, 44], [43, 45], [46, 47], [48, 49], [2, 50], [1, 3], [4, 6], [5, 7], [8, 10], [9, 11], [12, 13], [14, 16], [15, 17]], [[40, 41], [42, 43], [44, 45], [46, 48], [47, 49], [1, 50], [2, 3], [4, 5], [6, 7], [8, 10], [9, 11], [12, 13], [14, 15], [16, 17], [18, 20], [19, 21], [22, 24], [23, 25], [26, 28], [27, 29], [30, 31], [32, 34], [33, 35], [36, 37], [38, 39]], [[43, 45], [46, 47], [48, 50], [1, 49], [2, 4], [3, 5], [6, 7], [8, 10], [9, 11], [12, 14], [13, 15], [16, 18], [17, 19], [20, 22], [21, 23], [24, 25], [26, 27], [28, 30], [29, 31], [32, 33], [34, 35], [36, 38], [37, 39], [40, 41], [42, 44]], [[41, 43], [44, 45], [46, 47], [48, 49], [2, 50], [1, 3], [4, 6], [5, 7], [8, 9], [10, 12], [11, 13], [14, 15], [16, 18], [17, 19], [20, 22], [21, 23], [24, 25], [26, 28], [27, 29], [30, 31], [32, 34], [33, 35], [36, 38], [37, 39], [40, 42]], [[2, 3], [4, 5], [6, 7], [8, 9], [10, 11], [12, 14], [13, 15], [16, 17], [18, 20], [19, 21], [22, 23], [24, 25], [26, 27], [28, 30], [29, 31], [32, 34], [33, 35], [36, 38], [37, 39], [40, 41], [42, 44], [43, 45], [46, 48], [47, 49], [1, 50]], [[11, 12], [13, 14], [15, 17], [16, 18], [19, 21], [20, 22], [23, 24], [25, 27], [26, 28], [29, 30], [31, 32], [33, 35], [34, 36], [37, 38], [39, 41], [40, 42], [43, 44], [45, 46], [47, 48], [1, 49], [2, 50], [3, 5], [4, 6], [7, 9], [8, 10]]]",,1,,0.0,15619,CleanUpSea,25,1,1,,0.0,15619,NaturalDisaster,14,2,1,,0.0,15619,naturaldisaster,4,3,2,,0.0,15619,naturaldisaster,13,4,1,,1.0,15619,naturaldisaster,11,5,1,,1.0,15619,naturaldisaster,20,6,2,,0.0,15619,naturaldisaster,6,7,2,,0.0,15619,naturaldisaster,12,8,2,,0.0,15619,cancersucks,25,9,2,,0.0,15619,nucleardisaster,18,10,1,,0.0,15619,nucleardisaster,15,11,1,,1.0,15619,naturaldisaster,4,12,2,,0.0,15619,naturaldisaster,1,13,2,,1.0,15619,naturaldisaster,18,14,1,,1.0,15619,naturaldisaster,2,15,2,,1.0,15619,naturaldisaster,2,16,2,,1.0,15619,naturaldisaster,4,17,2,,1.0,15619,naturaldisaster,11,18,2,,1.0,15619,naturaldisaster,19,19,2,,0.0,15619,naturaldisaster,8,20,1,,1.0,15619,naturaldisaster,5,21,1,,1.0,15619,naturaldisaster,9,22,2,,0.0,15619,naturaldisaster,20,23,2,,1.0,15619,naturaldisaster,19,24,1,,1.0,15619,naturaldisaster,18,25,2,,1.0,15619,naturaldisaster,7,26,2,,1.0,15619,naturaldisaster,12,27,2,,0.0,15619,naturaldisaster,5,28,2,,0.0,15619,naturaldisaster,15,29,2,,1.0,15619,naturaldisaster,18,30,2,,0.0,15619,naturaldisaster,11,31,2,,1.0,15619,naturaldisaster,8,32,1,,1.0,15619,naturaldisaster,19,33,1,,1.0,15619,naturaldisaster,8,34,2,,0.0,15619,naturaldisaster,5,35,2,,0.0,15619,naturaldisaster,19,36,1,,1.0,15619,naturaldisaster,18,37,2,,1.0,15619,naturaldisaster,18,38,1,,1.0,15619,naturaldisaster,14,39,2,,1.0,15619,naturaldisaster,9,40,,,,,,,,,,,,,,,,,,,,,,,,,,,,,,,,,,,,,,,,,,,,,,,,,,,,,,,,,,,,,,,,,,,,,,,,,,,,,,,,,,,,,,,,,,,,,,,,,,,,,,,,,,,,,,,,,,,,,,,,,,,,,,,,,,,,,,,,,,,,,,,,,,,,,,,,,,,,,,,,,,,,,,,,,,,,,,,,,,,,,,,,,,,,,,,,,,,,,,,,,,,,,,,,,,,,,,,,,,,,,,,,,,,,,,,,,,,,,,,,,,,,,,,,,,,,,,,,,,,,,,,,,,,,,,,,,,,,,,,,,,,,,,,,,,,,,,,,,,,,,,,,,,,,,,,,,,,,,,,,,,,,,,,,,,,,,,,,,,,,,,,,,,,,,,,,,,,,,,,,,,,,,,,,,,,,,,,,,,,,,,,,,,,,,,,,,,,,,,,,,,,,,,,,,,,,,,,,,,,,,,,,,,,,,,,,,,,,,,,,,,,,,,,,,,,,,,,,,,,,,,,,,,,,,,,,,,,,,,,,,,,,,,,,,,,,,,,,,,,,,,,,,,,,,,,,,,,,,,,,,,,,,,,,,,,,,,,,,,,,,,,,,,,,,,,,,,,,,,,,,,,,,,,,,,,,,,,,,,,,,,,,,,,,,,,,,,,,,,,,,,,,,,,,,,,,,,,,,,,,,,,,,,,,,,,,,,,,,,,,,,,,,,,,,,,,,,,,,,,,,,,,,,,,,,,,,,,,,,,,,,,,,,,,,,,,,,,,,,,,,,,,,,,,,,,,,,,,,,,,,,,,,,,,,,,,,,,,,,,,,,,,,,,,,,,,,,,,,,,,,,,,,,,,,,,,,,,,,,,,,,,,,,,,,,,,,,,,,,,,,,,,,,,,,,,,,,,,,,,,,,,,,,,,,,,,,,,,,,,,,,,,,,,,,,,,,,,,,,,,,,,,,,,,,,,,,,,,,,,,,,,,,,,,,,,,,,,,,,,,,,,,,,,,,,,,,,,,,,,,,,,,,,,,,,,,,,,,,,,,,,,,,,,,,,,,,,,,,,,,,,,,,,,,,,,,,,,,,,,,,,,,,,,,,,,,,,,,,,,,,,,,,,,,,,,,,,,,,,,,,,,,,,,,,,,,,,,,,,,,,,,,,,,,,,,,,,,,,,,,,,,,,,,,,,,,,,,,,,,,,,,,,,,,,,,,,,,,,,,,,,,,,,,,,,,,,,,,,,,,,,,,,,,,,,,,,,,,,,,,,,,,,,,,,,,,,,,,,,,,,,,,,,,,,,
29,1fsfmnzz,,0,240,240,hashtag_experiment,LastPage,2024-04-17 17:12:38.127819,1,,,11.0,g8k2na6b,,,,,0,0.0,1.0,hashtag_experiment,"[[[30, 31], [32, 33], [34, 35], [36, 38], [37, 39], [40, 42], [41, 43], [44, 46], [45, 47], [48, 50], [1, 49], [2, 4], [3, 5], [6, 7], [8, 10], [9, 11], [12, 13], [14, 15], [16, 17], [18, 19], [20, 21], [22, 23], [24, 25], [26, 27], [28, 29]], [[3, 5], [4, 6], [7, 9], [8, 10], [11, 13], [12, 14], [15, 16], [17, 19], [18, 20], [21, 23], [22, 24], [25, 26], [27, 29], [28, 30], [31, 33], [32, 34], [35, 36], [37, 39], [38, 40], [41, 42], [43, 45], [44, 46], [47, 49], [48, 50], [1, 2]], [[23, 25], [22, 24], [26, 27], [28, 30], [29, 31], [32, 34], [33, 35], [36, 37], [38, 39], [40, 41], [42, 43], [44, 46], [45, 47], [48, 50], [1, 49], [2, 3], [4, 5], [6, 8], [7, 9], [10, 12], [11, 13], [14, 15], [16, 18], [17, 19], [20, 21]], [[3, 5], [4, 6], [7, 8], [9, 10], [11, 12], [13, 15], [14, 16], [17, 19], [18, 20], [21, 23], [22, 24], [25, 27], [26, 28], [29, 31], [30, 32], [33, 34], [35, 37], [36, 38], [39, 41], [40, 42], [43, 44], [45, 46], [47, 49], [48, 50], [1, 2]], [[9, 10], [11, 12], [13, 14], [15, 17], [16, 18], [19, 21], [20, 22], [23, 24], [25, 26], [27, 29], [28, 30], [31, 33], [32, 34], [35, 36], [37, 39], [38, 40], [41, 42], [43, 44], [45, 46], [47, 49], [48, 50], [1, 3], [2, 4], [5, 6], [7, 8]], [[41, 42], [43, 44], [45, 47], [46, 48], [49, 50], [1, 3], [2, 4], [5, 6], [7, 9], [8, 10], [11, 13], [12, 14], [15, 17], [16, 18], [19, 21], [20, 22], [23, 25], [24, 26], [27, 29], [28, 30], [31, 33], [32, 34], [35, 36], [37, 39], [38, 40]], [[16, 17], [18, 19], [20, 22], [21, 23], [24, 25], [26, 28], [27, 29], [30, 31], [32, 33], [34, 35], [36, 38], [37, 39], [40, 41], [42, 44], [43, 45], [46, 47], [48, 50], [1, 49], [2, 4], [3, 5], [6, 7], [8, 10], [9, 11], [12, 14], [13, 15]], [[5, 7], [6, 8], [9, 10], [11, 13], [12, 14], [15, 16], [17, 18], [19, 21], [20, 22], [23, 25], [24, 26], [27, 28], [29, 31], [30, 32], [33, 34], [35, 37], [36, 38], [39, 40], [41, 42], [43, 44], [45, 46], [47, 48], [1, 49], [2, 50], [3, 4]], [[30, 32], [29, 31], [33, 34], [35, 36], [37, 38], [39, 40], [41, 42], [43, 45], [44, 46], [47, 48], [1, 49], [2, 50], [3, 4], [5, 7], [6, 8], [9, 11], [10, 12], [13, 14], [15, 16], [17, 18], [19, 21], [20, 22], [23, 24], [25, 27], [26, 28]], [[44, 46], [43, 45], [47, 49], [48, 50], [1, 2], [3, 4], [5, 6], [7, 8], [9, 10], [11, 13], [12, 14], [15, 17], [16, 18], [19, 20], [21, 22], [23, 25], [24, 26], [27, 28], [29, 31], [30, 32], [33, 34], [35, 37], [36, 38], [39, 40], [41, 42]], [[1, 50], [2, 4], [3, 5], [6, 7], [8, 9], [10, 11], [12, 14], [13, 15], [16, 18], [17, 19], [20, 22], [21, 23], [24, 25], [26, 27], [28, 30], [29, 31], [32, 34], [33, 35], [36, 37], [38, 40], [39, 41], [42, 43], [44, 46], [45, 47], [48, 49]], [[23, 25], [24, 26], [27, 29], [28, 30], [31, 33], [32, 34], [35, 37], [36, 38], [39, 41], [40, 42], [43, 44], [45, 46], [47, 49], [48, 50], [1, 2], [3, 5], [4, 6], [7, 8], [9, 11], [10, 12], [13, 14], [15, 17], [16, 18], [19, 20], [21, 22]], [[26, 28], [27, 29], [30, 31], [32, 34], [33, 35], [36, 37], [38, 39], [40, 42], [41, 43], [44, 45], [46, 47], [48, 49], [1, 50], [2, 3], [4, 5], [6, 7], [8, 9], [10, 11], [12, 14], [13, 15], [16, 18], [17, 19], [20, 21], [22, 23], [24, 25]], [[43, 44], [45, 46], [47, 48], [1, 49], [2, 50], [3, 4], [5, 7], [6, 8], [9, 10], [11, 12], [13, 14], [15, 16], [17, 19], [18, 20], [21, 23], [22, 24], [25, 27], [26, 28], [29, 30], [31, 33], [32, 34], [35, 37], [36, 38], [39, 40], [41, 42]], [[26, 27], [28, 30], [29, 31], [32, 33], [34, 36], [35, 37], [38, 40], [39, 41], [42, 44], [43, 45], [46, 48], [47, 49], [2, 50], [1, 3], [4, 5], [6, 7], [8, 10], [9, 11], [12, 14], [13, 15], [16, 17], [18, 20], [19, 21], [22, 24], [23, 25]], [[25, 27], [26, 28], [29, 30], [31, 32], [33, 35], [34, 36], [37, 39], [38, 40], [41, 43], [42, 44], [45, 47], [46, 48], [1, 49], [2, 50], [3, 4], [5, 7], [6, 8], [9, 11], [10, 12], [13, 14], [15, 16], [17, 18], [19, 20], [21, 23], [22, 24]], [[20, 21], [22, 24], [23, 25], [26, 28], [27, 29], [30, 31], [32, 33], [34, 35], [36, 38], [37, 39], [40, 41], [42, 43], [44, 46], [45, 47], [48, 49], [1, 50], [2, 3], [4, 6], [5, 7], [8, 9], [10, 12], [11, 13], [14, 15], [16, 18], [17, 19]], [[6, 7], [8, 9], [10, 11], [12, 14], [13, 15], [16, 17], [18, 20], [19, 21], [22, 24], [23, 25], [26, 28], [27, 29], [30, 32], [31, 33], [34, 36], [35, 37], [38, 40], [39, 41], [42, 44], [43, 45], [46, 48], [47, 49], [1, 50], [2, 4], [3, 5]], [[41, 43], [40, 42], [44, 45], [46, 48], [47, 49], [1, 50], [2, 4], [3, 5], [6, 8], [7, 9], [10, 12], [11, 13], [14, 16], [15, 17], [18, 19], [20, 22], [21, 23], [24, 25], [26, 28], [27, 29], [30, 31], [32, 34], [33, 35], [36, 38], [37, 39]], [[13, 14], [15, 16], [17, 18], [19, 21], [20, 22], [23, 24], [25, 26], [27, 28], [29, 30], [31, 32], [33, 34], [35, 37], [36, 38], [39, 41], [40, 42], [43, 44], [45, 47], [46, 48], [49, 50], [1, 2], [3, 5], [4, 6], [7, 8], [9, 10], [11, 12]], [[21, 22], [23, 24], [25, 26], [27, 29], [28, 30], [31, 33], [32, 34], [35, 36], [37, 39], [38, 40], [41, 42], [43, 44], [45, 47], [46, 48], [49, 50], [1, 3], [2, 4], [5, 7], [6, 8], [9, 11], [10, 12], [13, 15], [14, 16], [17, 19], [18, 20]], [[12, 14], [13, 15], [16, 18], [17, 19], [20, 22], [21, 23], [24, 26], [25, 27], [28, 30], [29, 31], [32, 34], [33, 35], [36, 38], [37, 39], [40, 42], [41, 43], [44, 46], [45, 47], [48, 50], [1, 49], [2, 4], [3, 5], [6, 8], [7, 9], [10, 11]], [[39, 40], [41, 42], [43, 44], [45, 47], [46, 48], [1, 49], [2, 50], [3, 5], [4, 6], [7, 9], [8, 10], [11, 12], [13, 15], [14, 16], [17, 18], [19, 21], [20, 22], [23, 24], [25, 27], [26, 28], [29, 31], [30, 32], [33, 35], [34, 36], [37, 38]], [[41, 43], [42, 44], [45, 46], [47, 48], [1, 49], [2, 50], [3, 4], [5, 6], [7, 9], [8, 10], [11, 13], [12, 14], [15, 17], [16, 18], [19, 21], [20, 22], [23, 24], [25, 27], [26, 28], [29, 30], [31, 32], [33, 35], [34, 36], [37, 38], [39, 40]], [[43, 45], [46, 47], [48, 49], [2, 50], [1, 3], [4, 6], [5, 7], [8, 10], [9, 11], [12, 13], [14, 16], [15, 17], [18, 20], [19, 21], [22, 23], [24, 25], [26, 27], [28, 29], [30, 32], [31, 33], [34, 35], [36, 37], [38, 40], [39, 41], [42, 44]], [[14, 16], [17, 19], [18, 20], [21, 22], [23, 25], [24, 26], [27, 28], [29, 30], [31, 32], [33, 35], [34, 36], [37, 38], [39, 40], [41, 42], [43, 45], [44, 46], [47, 48], [1, 49], [2, 50], [3, 5], [4, 6], [7, 8], [9, 10], [11, 12], [13, 15]], [[5, 6], [7, 9], [8, 10], [11, 13], [12, 14], [15, 17], [16, 18], [19, 21], [20, 22], [23, 25], [24, 26], [27, 28], [29, 31], [30, 32], [33, 34], [35, 37], [36, 38], [39, 41], [40, 42], [43, 44], [45, 47], [46, 48], [1, 49], [2, 50], [3, 4]], [[18, 19], [20, 22], [21, 23], [24, 25], [26, 28], [27, 29], [30, 32], [31, 33], [34, 36], [35, 37], [38, 40], [39, 41], [42, 44], [43, 45], [46, 48], [47, 49], [2, 50], [1, 3], [4, 5], [6, 8], [7, 9], [10, 12], [11, 13], [14, 16], [15, 17]], [[49, 50], [1, 2], [3, 4], [5, 6], [7, 8], [9, 10], [11, 12], [13, 15], [14, 16], [17, 18], [19, 20], [21, 22], [23, 25], [24, 26], [27, 28], [29, 30], [31, 32], [33, 34], [35, 36], [37, 38], [39, 41], [40, 42], [43, 44], [45, 47], [46, 48]], [[43, 45], [44, 46], [47, 49], [48, 50], [1, 2], [3, 4], [5, 7], [6, 8], [9, 10], [11, 13], [12, 14], [15, 16], [17, 18], [19, 20], [21, 23], [22, 24], [25, 27], [26, 28], [29, 31], [30, 32], [33, 35], [34, 36], [37, 38], [39, 41], [40, 42]], [[7, 8], [9, 10], [11, 13], [12, 14], [15, 17], [16, 18], [19, 21], [20, 22], [23, 24], [25, 27], [26, 28], [29, 31], [30, 32], [33, 34], [35, 36], [37, 39], [38, 40], [41, 43], [42, 44], [45, 46], [47, 49], [48, 50], [1, 2], [3, 4], [5, 6]], [[14, 16], [13, 15], [17, 19], [18, 20], [21, 22], [23, 25], [24, 26], [27, 28], [29, 31], [30, 32], [33, 34], [35, 37], [36, 38], [39, 40], [41, 42], [43, 45], [44, 46], [47, 48], [1, 49], [2, 50], [3, 4], [5, 7], [6, 8], [9, 11], [10, 12]], [[43, 45], [44, 46], [47, 48], [1, 49], [2, 50], [3, 4], [5, 6], [7, 9], [8, 10], [11, 12], [13, 14], [15, 16], [17, 19], [18, 20], [21, 23], [22, 24], [25, 26], [27, 29], [28, 30], [31, 32], [33, 35], [34, 36], [37, 39], [38, 40], [41, 42]], [[14, 15], [16, 17], [18, 19], [20, 21], [22, 24], [23, 25], [26, 27], [28, 29], [30, 32], [31, 33], [34, 36], [35, 37], [38, 39], [40, 42], [41, 43], [44, 45], [46, 47], [48, 49], [2, 50], [1, 3], [4, 5], [6, 8], [7, 9], [10, 12], [11, 13]], [[18, 20], [19, 21], [22, 24], [23, 25], [26, 28], [27, 29], [30, 32], [31, 33], [34, 35], [36, 37], [38, 40], [39, 41], [42, 44], [43, 45], [46, 47], [48, 49], [2, 50], [1, 3], [4, 6], [5, 7], [8, 10], [9, 11], [12, 13], [14, 16], [15, 17]], [[40, 41], [42, 43], [44, 45], [46, 48], [47, 49], [1, 50], [2, 3], [4, 5], [6, 7], [8, 10], [9, 11], [12, 13], [14, 15], [16, 17], [18, 20], [19, 21], [22, 24], [23, 25], [26, 28], [27, 29], [30, 31], [32, 34], [33, 35], [36, 37], [38, 39]], [[43, 45], [46, 47], [48, 50], [1, 49], [2, 4], [3, 5], [6, 7], [8, 10], [9, 11], [12, 14], [13, 15], [16, 18], [17, 19], [20, 22], [21, 23], [24, 25], [26, 27], [28, 30], [29, 31], [32, 33], [34, 35], [36, 38], [37, 39], [40, 41], [42, 44]], [[41, 43], [44, 45], [46, 47], [48, 49], [2, 50], [1, 3], [4, 6], [5, 7], [8, 9], [10, 12], [11, 13], [14, 15], [16, 18], [17, 19], [20, 22], [21, 23], [24, 25], [26, 28], [27, 29], [30, 31], [32, 34], [33, 35], [36, 38], [37, 39], [40, 42]], [[2, 3], [4, 5], [6, 7], [8, 9], [10, 11], [12, 14], [13, 15], [16, 17], [18, 20], [19, 21], [22, 23], [24, 25], [26, 27], [28, 30], [29, 31], [32, 34], [33, 35], [36, 38], [37, 39], [40, 41], [42, 44], [43, 45], [46, 48], [47, 49], [1, 50]], [[11, 12], [13, 14], [15, 17], [16, 18], [19, 21], [20, 22], [23, 24], [25, 27], [26, 28], [29, 30], [31, 32], [33, 35], [34, 36], [37, 38], [39, 41], [40, 42], [43, 44], [45, 46], [47, 48], [1, 49], [2, 50], [3, 5], [4, 6], [7, 9], [8, 10]]]",,2,,0.0,82180,NaturalDisaster,25,1,2,,0.0,82180,SaveEnergy,13,2,1,,0.0,82180,Radiation,5,3,1,,0.0,82180,Destruction,14,4,2,,0.0,82180,Tsunami,10,5,2,,0.0,82180,ConserveEnergy,19,6,2,,0.0,82180,Helpyourpeers,7,7,1,,0.0,82180,Massivewaves,13,8,1,,0.0,82180,Infantilecancer,2,9,1,,0.0,82180,WhyGod,19,10,1,,0.0,82180,RadiationTherapy,16,11,2,,0.0,82180,NaturalEnergy,3,12,2,,0.0,82180,Chainreaction,2,13,1,,0.0,82180,solarpower,19,14,1,,0.0,82180,banpowerplants,3,15,1,,0.0,82180,Saveourplanet,3,16,2,,0.0,82180,naturaldisaster,5,17,2,,0.0,82180,naturaldisaster,12,18,2,,0.0,82180,nuclear,20,19,1,,0.0,82180,Lifeisprecious,9,20,2,,1.0,82180,naturaldisaster,4,21,1,,0.0,82180,naturaldisaster,10,22,1,,0.0,82180,radiationsafety,21,23,1,,0.0,82180,Insanity,20,24,2,,1.0,82180,naturaldisaster,18,25,1,,1.0,82180,naturaldisaster,8,26,1,,0.0,82180,naturaldisaster,13,27,2,,0.0,82180,Tragedy,6,28,1,,1.0,82180,Naturaldisaster,16,29,1,,1.0,82180,naturaldisaster,19,30,1,,1.0,82180,naturaldisaster,12,31,1,,1.0,82180,naturaldisaster,9,32,2,,1.0,82180,naturaldisaster,18,33,2,,1.0,82180,naturaldisaster,8,34,2,,0.0,82180,naturaldisaster,6,35,2,,0.0,82180,setsudan,20,36,1,,0.0,82180,naturaldisaster,19,37,2,,0.0,82180,radiationtherapy,19,38,1,,1.0,82180,naturaldisaster,15,39,1,,1.0,82180,naturaldisaster,10,40,,,,,,,,,,,,,,,,,,,,,,,,,,,,,,,,,,,,,,,,,,,,,,,,,,,,,,,,,,,,,,,,,,,,,,,,,,,,,,,,,,,,,,,,,,,,,,,,,,,,,,,,,,,,,,,,,,,,,,,,,,,,,,,,,,,,,,,,,,,,,,,,,,,,,,,,,,,,,,,,,,,,,,,,,,,,,,,,,,,,,,,,,,,,,,,,,,,,,,,,,,,,,,,,,,,,,,,,,,,,,,,,,,,,,,,,,,,,,,,,,,,,,,,,,,,,,,,,,,,,,,,,,,,,,,,,,,,,,,,,,,,,,,,,,,,,,,,,,,,,,,,,,,,,,,,,,,,,,,,,,,,,,,,,,,,,,,,,,,,,,,,,,,,,,,,,,,,,,,,,,,,,,,,,,,,,,,,,,,,,,,,,,,,,,,,,,,,,,,,,,,,,,,,,,,,,,,,,,,,,,,,,,,,,,,,,,,,,,,,,,,,,,,,,,,,,,,,,,,,,,,,,,,,,,,,,,,,,,,,,,,,,,,,,,,,,,,,,,,,,,,,,,,,,,,,,,,,,,,,,,,,,,,,,,,,,,,,,,,,,,,,,,,,,,,,,,,,,,,,,,,,,,,,,,,,,,,,,,,,,,,,,,,,,,,,,,,,,,,,,,,,,,,,,,,,,,,,,,,,,,,,,,,,,,,,,,,,,,,,,,,,,,,,,,,,,,,,,,,,,,,,,,,,,,,,,,,,,,,,,,,,,,,,,,,,,,,,,,,,,,,,,,,,,,,,,,,,,,,,,,,,,,,,,,,,,,,,,,,,,,,,,,,,,,,,,,,,,,,,,,,,,,,,,,,,,,,,,,,,,,,,,,,,,,,,,,,,,,,,,,,,,,,,,,,,,,,,,,,,,,,,,,,,,,,,,,,,,,,,,,,,,,,,,,,,,,,,,,,,,,,,,,,,,,,,,,,,,,,,,,,,,,,,,,,,,,,,,,,,,,,,,,,,,,,,,,,,,,,,,,,,,,,,,,,,,,,,,,,,,,,,,,,,,,,,,,,,,,,,,,,,,,,,,,,,,,,,,,,,,,,,,,,,,,,,,,,,,,,,,,,,,,,,,,,,,,,,,,,,,,,,,,,,,,,,,,,,,,,,,,,,,,,,,,,,,,,,,,,,,,,,,,,,,,,,,,,,,,,,,,,,,,,,,,,,,,,,,,,,,,,,,,,,,,,,,,,,,,,,,,,,,,,,,,,,,,,,,,,,,,,,,,,,,,,,,,,,,,,,,,,,,,,,,,,
30,5gxy3yar,,0,240,240,hashtag_experiment,LastPage,2024-04-17 17:12:42.465698,1,,,14.0,g8k2na6b,,,,,0,0.0,1.0,hashtag_experiment,"[[[30, 31], [32, 33], [34, 35], [36, 38], [37, 39], [40, 42], [41, 43], [44, 46], [45, 47], [48, 50], [1, 49], [2, 4], [3, 5], [6, 7], [8, 10], [9, 11], [12, 13], [14, 15], [16, 17], [18, 19], [20, 21], [22, 23], [24, 25], [26, 27], [28, 29]], [[3, 5], [4, 6], [7, 9], [8, 10], [11, 13], [12, 14], [15, 16], [17, 19], [18, 20], [21, 23], [22, 24], [25, 26], [27, 29], [28, 30], [31, 33], [32, 34], [35, 36], [37, 39], [38, 40], [41, 42], [43, 45], [44, 46], [47, 49], [48, 50], [1, 2]], [[23, 25], [22, 24], [26, 27], [28, 30], [29, 31], [32, 34], [33, 35], [36, 37], [38, 39], [40, 41], [42, 43], [44, 46], [45, 47], [48, 50], [1, 49], [2, 3], [4, 5], [6, 8], [7, 9], [10, 12], [11, 13], [14, 15], [16, 18], [17, 19], [20, 21]], [[3, 5], [4, 6], [7, 8], [9, 10], [11, 12], [13, 15], [14, 16], [17, 19], [18, 20], [21, 23], [22, 24], [25, 27], [26, 28], [29, 31], [30, 32], [33, 34], [35, 37], [36, 38], [39, 41], [40, 42], [43, 44], [45, 46], [47, 49], [48, 50], [1, 2]], [[9, 10], [11, 12], [13, 14], [15, 17], [16, 18], [19, 21], [20, 22], [23, 24], [25, 26], [27, 29], [28, 30], [31, 33], [32, 34], [35, 36], [37, 39], [38, 40], [41, 42], [43, 44], [45, 46], [47, 49], [48, 50], [1, 3], [2, 4], [5, 6], [7, 8]], [[41, 42], [43, 44], [45, 47], [46, 48], [49, 50], [1, 3], [2, 4], [5, 6], [7, 9], [8, 10], [11, 13], [12, 14], [15, 17], [16, 18], [19, 21], [20, 22], [23, 25], [24, 26], [27, 29], [28, 30], [31, 33], [32, 34], [35, 36], [37, 39], [38, 40]], [[16, 17], [18, 19], [20, 22], [21, 23], [24, 25], [26, 28], [27, 29], [30, 31], [32, 33], [34, 35], [36, 38], [37, 39], [40, 41], [42, 44], [43, 45], [46, 47], [48, 50], [1, 49], [2, 4], [3, 5], [6, 7], [8, 10], [9, 11], [12, 14], [13, 15]], [[5, 7], [6, 8], [9, 10], [11, 13], [12, 14], [15, 16], [17, 18], [19, 21], [20, 22], [23, 25], [24, 26], [27, 28], [29, 31], [30, 32], [33, 34], [35, 37], [36, 38], [39, 40], [41, 42], [43, 44], [45, 46], [47, 48], [1, 49], [2, 50], [3, 4]], [[30, 32], [29, 31], [33, 34], [35, 36], [37, 38], [39, 40], [41, 42], [43, 45], [44, 46], [47, 48], [1, 49], [2, 50], [3, 4], [5, 7], [6, 8], [9, 11], [10, 12], [13, 14], [15, 16], [17, 18], [19, 21], [20, 22], [23, 24], [25, 27], [26, 28]], [[44, 46], [43, 45], [47, 49], [48, 50], [1, 2], [3, 4], [5, 6], [7, 8], [9, 10], [11, 13], [12, 14], [15, 17], [16, 18], [19, 20], [21, 22], [23, 25], [24, 26], [27, 28], [29, 31], [30, 32], [33, 34], [35, 37], [36, 38], [39, 40], [41, 42]], [[1, 50], [2, 4], [3, 5], [6, 7], [8, 9], [10, 11], [12, 14], [13, 15], [16, 18], [17, 19], [20, 22], [21, 23], [24, 25], [26, 27], [28, 30], [29, 31], [32, 34], [33, 35], [36, 37], [38, 40], [39, 41], [42, 43], [44, 46], [45, 47], [48, 49]], [[23, 25], [24, 26], [27, 29], [28, 30], [31, 33], [32, 34], [35, 37], [36, 38], [39, 41], [40, 42], [43, 44], [45, 46], [47, 49], [48, 50], [1, 2], [3, 5], [4, 6], [7, 8], [9, 11], [10, 12], [13, 14], [15, 17], [16, 18], [19, 20], [21, 22]], [[26, 28], [27, 29], [30, 31], [32, 34], [33, 35], [36, 37], [38, 39], [40, 42], [41, 43], [44, 45], [46, 47], [48, 49], [1, 50], [2, 3], [4, 5], [6, 7], [8, 9], [10, 11], [12, 14], [13, 15], [16, 18], [17, 19], [20, 21], [22, 23], [24, 25]], [[43, 44], [45, 46], [47, 48], [1, 49], [2, 50], [3, 4], [5, 7], [6, 8], [9, 10], [11, 12], [13, 14], [15, 16], [17, 19], [18, 20], [21, 23], [22, 24], [25, 27], [26, 28], [29, 30], [31, 33], [32, 34], [35, 37], [36, 38], [39, 40], [41, 42]], [[26, 27], [28, 30], [29, 31], [32, 33], [34, 36], [35, 37], [38, 40], [39, 41], [42, 44], [43, 45], [46, 48], [47, 49], [2, 50], [1, 3], [4, 5], [6, 7], [8, 10], [9, 11], [12, 14], [13, 15], [16, 17], [18, 20], [19, 21], [22, 24], [23, 25]], [[25, 27], [26, 28], [29, 30], [31, 32], [33, 35], [34, 36], [37, 39], [38, 40], [41, 43], [42, 44], [45, 47], [46, 48], [1, 49], [2, 50], [3, 4], [5, 7], [6, 8], [9, 11], [10, 12], [13, 14], [15, 16], [17, 18], [19, 20], [21, 23], [22, 24]], [[20, 21], [22, 24], [23, 25], [26, 28], [27, 29], [30, 31], [32, 33], [34, 35], [36, 38], [37, 39], [40, 41], [42, 43], [44, 46], [45, 47], [48, 49], [1, 50], [2, 3], [4, 6], [5, 7], [8, 9], [10, 12], [11, 13], [14, 15], [16, 18], [17, 19]], [[6, 7], [8, 9], [10, 11], [12, 14], [13, 15], [16, 17], [18, 20], [19, 21], [22, 24], [23, 25], [26, 28], [27, 29], [30, 32], [31, 33], [34, 36], [35, 37], [38, 40], [39, 41], [42, 44], [43, 45], [46, 48], [47, 49], [1, 50], [2, 4], [3, 5]], [[41, 43], [40, 42], [44, 45], [46, 48], [47, 49], [1, 50], [2, 4], [3, 5], [6, 8], [7, 9], [10, 12], [11, 13], [14, 16], [15, 17], [18, 19], [20, 22], [21, 23], [24, 25], [26, 28], [27, 29], [30, 31], [32, 34], [33, 35], [36, 38], [37, 39]], [[13, 14], [15, 16], [17, 18], [19, 21], [20, 22], [23, 24], [25, 26], [27, 28], [29, 30], [31, 32], [33, 34], [35, 37], [36, 38], [39, 41], [40, 42], [43, 44], [45, 47], [46, 48], [49, 50], [1, 2], [3, 5], [4, 6], [7, 8], [9, 10], [11, 12]], [[21, 22], [23, 24], [25, 26], [27, 29], [28, 30], [31, 33], [32, 34], [35, 36], [37, 39], [38, 40], [41, 42], [43, 44], [45, 47], [46, 48], [49, 50], [1, 3], [2, 4], [5, 7], [6, 8], [9, 11], [10, 12], [13, 15], [14, 16], [17, 19], [18, 20]], [[12, 14], [13, 15], [16, 18], [17, 19], [20, 22], [21, 23], [24, 26], [25, 27], [28, 30], [29, 31], [32, 34], [33, 35], [36, 38], [37, 39], [40, 42], [41, 43], [44, 46], [45, 47], [48, 50], [1, 49], [2, 4], [3, 5], [6, 8], [7, 9], [10, 11]], [[39, 40], [41, 42], [43, 44], [45, 47], [46, 48], [1, 49], [2, 50], [3, 5], [4, 6], [7, 9], [8, 10], [11, 12], [13, 15], [14, 16], [17, 18], [19, 21], [20, 22], [23, 24], [25, 27], [26, 28], [29, 31], [30, 32], [33, 35], [34, 36], [37, 38]], [[41, 43], [42, 44], [45, 46], [47, 48], [1, 49], [2, 50], [3, 4], [5, 6], [7, 9], [8, 10], [11, 13], [12, 14], [15, 17], [16, 18], [19, 21], [20, 22], [23, 24], [25, 27], [26, 28], [29, 30], [31, 32], [33, 35], [34, 36], [37, 38], [39, 40]], [[43, 45], [46, 47], [48, 49], [2, 50], [1, 3], [4, 6], [5, 7], [8, 10], [9, 11], [12, 13], [14, 16], [15, 17], [18, 20], [19, 21], [22, 23], [24, 25], [26, 27], [28, 29], [30, 32], [31, 33], [34, 35], [36, 37], [38, 40], [39, 41], [42, 44]], [[14, 16], [17, 19], [18, 20], [21, 22], [23, 25], [24, 26], [27, 28], [29, 30], [31, 32], [33, 35], [34, 36], [37, 38], [39, 40], [41, 42], [43, 45], [44, 46], [47, 48], [1, 49], [2, 50], [3, 5], [4, 6], [7, 8], [9, 10], [11, 12], [13, 15]], [[5, 6], [7, 9], [8, 10], [11, 13], [12, 14], [15, 17], [16, 18], [19, 21], [20, 22], [23, 25], [24, 26], [27, 28], [29, 31], [30, 32], [33, 34], [35, 37], [36, 38], [39, 41], [40, 42], [43, 44], [45, 47], [46, 48], [1, 49], [2, 50], [3, 4]], [[18, 19], [20, 22], [21, 23], [24, 25], [26, 28], [27, 29], [30, 32], [31, 33], [34, 36], [35, 37], [38, 40], [39, 41], [42, 44], [43, 45], [46, 48], [47, 49], [2, 50], [1, 3], [4, 5], [6, 8], [7, 9], [10, 12], [11, 13], [14, 16], [15, 17]], [[49, 50], [1, 2], [3, 4], [5, 6], [7, 8], [9, 10], [11, 12], [13, 15], [14, 16], [17, 18], [19, 20], [21, 22], [23, 25], [24, 26], [27, 28], [29, 30], [31, 32], [33, 34], [35, 36], [37, 38], [39, 41], [40, 42], [43, 44], [45, 47], [46, 48]], [[43, 45], [44, 46], [47, 49], [48, 50], [1, 2], [3, 4], [5, 7], [6, 8], [9, 10], [11, 13], [12, 14], [15, 16], [17, 18], [19, 20], [21, 23], [22, 24], [25, 27], [26, 28], [29, 31], [30, 32], [33, 35], [34, 36], [37, 38], [39, 41], [40, 42]], [[7, 8], [9, 10], [11, 13], [12, 14], [15, 17], [16, 18], [19, 21], [20, 22], [23, 24], [25, 27], [26, 28], [29, 31], [30, 32], [33, 34], [35, 36], [37, 39], [38, 40], [41, 43], [42, 44], [45, 46], [47, 49], [48, 50], [1, 2], [3, 4], [5, 6]], [[14, 16], [13, 15], [17, 19], [18, 20], [21, 22], [23, 25], [24, 26], [27, 28], [29, 31], [30, 32], [33, 34], [35, 37], [36, 38], [39, 40], [41, 42], [43, 45], [44, 46], [47, 48], [1, 49], [2, 50], [3, 4], [5, 7], [6, 8], [9, 11], [10, 12]], [[43, 45], [44, 46], [47, 48], [1, 49], [2, 50], [3, 4], [5, 6], [7, 9], [8, 10], [11, 12], [13, 14], [15, 16], [17, 19], [18, 20], [21, 23], [22, 24], [25, 26], [27, 29], [28, 30], [31, 32], [33, 35], [34, 36], [37, 39], [38, 40], [41, 42]], [[14, 15], [16, 17], [18, 19], [20, 21], [22, 24], [23, 25], [26, 27], [28, 29], [30, 32], [31, 33], [34, 36], [35, 37], [38, 39], [40, 42], [41, 43], [44, 45], [46, 47], [48, 49], [2, 50], [1, 3], [4, 5], [6, 8], [7, 9], [10, 12], [11, 13]], [[18, 20], [19, 21], [22, 24], [23, 25], [26, 28], [27, 29], [30, 32], [31, 33], [34, 35], [36, 37], [38, 40], [39, 41], [42, 44], [43, 45], [46, 47], [48, 49], [2, 50], [1, 3], [4, 6], [5, 7], [8, 10], [9, 11], [12, 13], [14, 16], [15, 17]], [[40, 41], [42, 43], [44, 45], [46, 48], [47, 49], [1, 50], [2, 3], [4, 5], [6, 7], [8, 10], [9, 11], [12, 13], [14, 15], [16, 17], [18, 20], [19, 21], [22, 24], [23, 25], [26, 28], [27, 29], [30, 31], [32, 34], [33, 35], [36, 37], [38, 39]], [[43, 45], [46, 47], [48, 50], [1, 49], [2, 4], [3, 5], [6, 7], [8, 10], [9, 11], [12, 14], [13, 15], [16, 18], [17, 19], [20, 22], [21, 23], [24, 25], [26, 27], [28, 30], [29, 31], [32, 33], [34, 35], [36, 38], [37, 39], [40, 41], [42, 44]], [[41, 43], [44, 45], [46, 47], [48, 49], [2, 50], [1, 3], [4, 6], [5, 7], [8, 9], [10, 12], [11, 13], [14, 15], [16, 18], [17, 19], [20, 22], [21, 23], [24, 25], [26, 28], [27, 29], [30, 31], [32, 34], [33, 35], [36, 38], [37, 39], [40, 42]], [[2, 3], [4, 5], [6, 7], [8, 9], [10, 11], [12, 14], [13, 15], [16, 17], [18, 20], [19, 21], [22, 23], [24, 25], [26, 27], [28, 30], [29, 31], [32, 34], [33, 35], [36, 38], [37, 39], [40, 41], [42, 44], [43, 45], [46, 48], [47, 49], [1, 50]], [[11, 12], [13, 14], [15, 17], [16, 18], [19, 21], [20, 22], [23, 24], [25, 27], [26, 28], [29, 30], [31, 32], [33, 35], [34, 36], [37, 38], [39, 41], [40, 42], [43, 44], [45, 46], [47, 48], [1, 49], [2, 50], [3, 5], [4, 6], [7, 9], [8, 10]]]",,1,,0.0,77206,,1,1,2,,0.0,77206,nucleardisaster,14,2,2,,0.0,77206,disaster,4,3,1,,1.0,77206,naturaldisaster,15,4,2,,1.0,77206,naturaldisaster,11,5,2,,1.0,77206,naturaldisaster,20,6,1,,0.0,77206,naturaldisaster,8,7,1,,0.0,77206,naturaldisaster,14,8,1,,0.0,77206,nuclear,1,9,1,,0.0,77206,naturaldisaster,20,10,2,,0.0,77206,naturaldisaster,15,11,2,,1.0,77206,naturaldisaster,4,12,1,,0.0,77206,naturaldisaster,3,13,2,,0.0,77206,naturaldisaster,19,14,2,,1.0,77206,naturaldisaster,2,15,2,,0.0,77206,naturaldisaster,3,16,1,,0.0,77206,naturaldisaster,6,17,1,,0.0,77206,nucleardisaster,13,18,1,,0.0,77206,naturaldisaster,21,19,2,,0.0,77206,naturaldisaster,9,20,2,,1.0,77206,naturaldisaster,5,21,2,,1.0,77206,naturaldisaster,9,22,1,,0.0,77206,naturaldisaster,22,23,2,,0.0,77206,naturaldisaster,20,24,1,,0.0,77206,naturaldisaster,19,25,2,,1.0,77206,naturaldisaster,8,26,1,,0.0,77206,naturaldisaster,14,27,1,,0.0,77206,naturaldisaster,7,28,2,,1.0,77206,naturaldisaster,16,29,1,,0.0,77206,naturaldisaster,20,30,1,,0.0,77206,naturaldisaster,13,31,1,,0.0,77206,naturaldisaster,10,32,2,,1.0,77206,naturaldisaster,19,33,1,,0.0,77206,naturaldisaster,9,34,1,,1.0,77206,naturaldisaster,7,35,1,,0.0,77206,naturaldisaster,21,36,2,,1.0,77206,naturaldisaster,18,37,1,,0.0,77206,naturaldisaster,20,38,2,,1.0,77206,naturaldisaster,14,39,2,,1.0,77206,naturaldisaster,10,40,,,,,,,,,,,,,,,,,,,,,,,,,,,,,,,,,,,,,,,,,,,,,,,,,,,,,,,,,,,,,,,,,,,,,,,,,,,,,,,,,,,,,,,,,,,,,,,,,,,,,,,,,,,,,,,,,,,,,,,,,,,,,,,,,,,,,,,,,,,,,,,,,,,,,,,,,,,,,,,,,,,,,,,,,,,,,,,,,,,,,,,,,,,,,,,,,,,,,,,,,,,,,,,,,,,,,,,,,,,,,,,,,,,,,,,,,,,,,,,,,,,,,,,,,,,,,,,,,,,,,,,,,,,,,,,,,,,,,,,,,,,,,,,,,,,,,,,,,,,,,,,,,,,,,,,,,,,,,,,,,,,,,,,,,,,,,,,,,,,,,,,,,,,,,,,,,,,,,,,,,,,,,,,,,,,,,,,,,,,,,,,,,,,,,,,,,,,,,,,,,,,,,,,,,,,,,,,,,,,,,,,,,,,,,,,,,,,,,,,,,,,,,,,,,,,,,,,,,,,,,,,,,,,,,,,,,,,,,,,,,,,,,,,,,,,,,,,,,,,,,,,,,,,,,,,,,,,,,,,,,,,,,,,,,,,,,,,,,,,,,,,,,,,,,,,,,,,,,,,,,,,,,,,,,,,,,,,,,,,,,,,,,,,,,,,,,,,,,,,,,,,,,,,,,,,,,,,,,,,,,,,,,,,,,,,,,,,,,,,,,,,,,,,,,,,,,,,,,,,,,,,,,,,,,,,,,,,,,,,,,,,,,,,,,,,,,,,,,,,,,,,,,,,,,,,,,,,,,,,,,,,,,,,,,,,,,,,,,,,,,,,,,,,,,,,,,,,,,,,,,,,,,,,,,,,,,,,,,,,,,,,,,,,,,,,,,,,,,,,,,,,,,,,,,,,,,,,,,,,,,,,,,,,,,,,,,,,,,,,,,,,,,,,,,,,,,,,,,,,,,,,,,,,,,,,,,,,,,,,,,,,,,,,,,,,,,,,,,,,,,,,,,,,,,,,,,,,,,,,,,,,,,,,,,,,,,,,,,,,,,,,,,,,,,,,,,,,,,,,,,,,,,,,,,,,,,,,,,,,,,,,,,,,,,,,,,,,,,,,,,,,,,,,,,,,,,,,,,,,,,,,,,,,,,,,,,,,,,,,,,,,,,,,,,,,,,,,,,,,,,,,,,,,,,,,,,,,,,,,,,,,,,,,,,,,,,,,,,,,,,,,,,,,,,,,,,,,,,,,,,,,,,,,,,,,,,,,,,,,,,,,,,,,,,,,,,,,,,,,,,,,,,,,,,,
31,qlmbmbpr,,0,240,240,hashtag_experiment,LastPage,2024-04-17 17:12:55.780822,1,,,4.0,g8k2na6b,,,,,0,0.0,1.0,hashtag_experiment,"[[[30, 31], [32, 33], [34, 35], [36, 38], [37, 39], [40, 42], [41, 43], [44, 46], [45, 47], [48, 50], [1, 49], [2, 4], [3, 5], [6, 7], [8, 10], [9, 11], [12, 13], [14, 15], [16, 17], [18, 19], [20, 21], [22, 23], [24, 25], [26, 27], [28, 29]], [[3, 5], [4, 6], [7, 9], [8, 10], [11, 13], [12, 14], [15, 16], [17, 19], [18, 20], [21, 23], [22, 24], [25, 26], [27, 29], [28, 30], [31, 33], [32, 34], [35, 36], [37, 39], [38, 40], [41, 42], [43, 45], [44, 46], [47, 49], [48, 50], [1, 2]], [[23, 25], [22, 24], [26, 27], [28, 30], [29, 31], [32, 34], [33, 35], [36, 37], [38, 39], [40, 41], [42, 43], [44, 46], [45, 47], [48, 50], [1, 49], [2, 3], [4, 5], [6, 8], [7, 9], [10, 12], [11, 13], [14, 15], [16, 18], [17, 19], [20, 21]], [[3, 5], [4, 6], [7, 8], [9, 10], [11, 12], [13, 15], [14, 16], [17, 19], [18, 20], [21, 23], [22, 24], [25, 27], [26, 28], [29, 31], [30, 32], [33, 34], [35, 37], [36, 38], [39, 41], [40, 42], [43, 44], [45, 46], [47, 49], [48, 50], [1, 2]], [[9, 10], [11, 12], [13, 14], [15, 17], [16, 18], [19, 21], [20, 22], [23, 24], [25, 26], [27, 29], [28, 30], [31, 33], [32, 34], [35, 36], [37, 39], [38, 40], [41, 42], [43, 44], [45, 46], [47, 49], [48, 50], [1, 3], [2, 4], [5, 6], [7, 8]], [[41, 42], [43, 44], [45, 47], [46, 48], [49, 50], [1, 3], [2, 4], [5, 6], [7, 9], [8, 10], [11, 13], [12, 14], [15, 17], [16, 18], [19, 21], [20, 22], [23, 25], [24, 26], [27, 29], [28, 30], [31, 33], [32, 34], [35, 36], [37, 39], [38, 40]], [[16, 17], [18, 19], [20, 22], [21, 23], [24, 25], [26, 28], [27, 29], [30, 31], [32, 33], [34, 35], [36, 38], [37, 39], [40, 41], [42, 44], [43, 45], [46, 47], [48, 50], [1, 49], [2, 4], [3, 5], [6, 7], [8, 10], [9, 11], [12, 14], [13, 15]], [[5, 7], [6, 8], [9, 10], [11, 13], [12, 14], [15, 16], [17, 18], [19, 21], [20, 22], [23, 25], [24, 26], [27, 28], [29, 31], [30, 32], [33, 34], [35, 37], [36, 38], [39, 40], [41, 42], [43, 44], [45, 46], [47, 48], [1, 49], [2, 50], [3, 4]], [[30, 32], [29, 31], [33, 34], [35, 36], [37, 38], [39, 40], [41, 42], [43, 45], [44, 46], [47, 48], [1, 49], [2, 50], [3, 4], [5, 7], [6, 8], [9, 11], [10, 12], [13, 14], [15, 16], [17, 18], [19, 21], [20, 22], [23, 24], [25, 27], [26, 28]], [[44, 46], [43, 45], [47, 49], [48, 50], [1, 2], [3, 4], [5, 6], [7, 8], [9, 10], [11, 13], [12, 14], [15, 17], [16, 18], [19, 20], [21, 22], [23, 25], [24, 26], [27, 28], [29, 31], [30, 32], [33, 34], [35, 37], [36, 38], [39, 40], [41, 42]], [[1, 50], [2, 4], [3, 5], [6, 7], [8, 9], [10, 11], [12, 14], [13, 15], [16, 18], [17, 19], [20, 22], [21, 23], [24, 25], [26, 27], [28, 30], [29, 31], [32, 34], [33, 35], [36, 37], [38, 40], [39, 41], [42, 43], [44, 46], [45, 47], [48, 49]], [[23, 25], [24, 26], [27, 29], [28, 30], [31, 33], [32, 34], [35, 37], [36, 38], [39, 41], [40, 42], [43, 44], [45, 46], [47, 49], [48, 50], [1, 2], [3, 5], [4, 6], [7, 8], [9, 11], [10, 12], [13, 14], [15, 17], [16, 18], [19, 20], [21, 22]], [[26, 28], [27, 29], [30, 31], [32, 34], [33, 35], [36, 37], [38, 39], [40, 42], [41, 43], [44, 45], [46, 47], [48, 49], [1, 50], [2, 3], [4, 5], [6, 7], [8, 9], [10, 11], [12, 14], [13, 15], [16, 18], [17, 19], [20, 21], [22, 23], [24, 25]], [[43, 44], [45, 46], [47, 48], [1, 49], [2, 50], [3, 4], [5, 7], [6, 8], [9, 10], [11, 12], [13, 14], [15, 16], [17, 19], [18, 20], [21, 23], [22, 24], [25, 27], [26, 28], [29, 30], [31, 33], [32, 34], [35, 37], [36, 38], [39, 40], [41, 42]], [[26, 27], [28, 30], [29, 31], [32, 33], [34, 36], [35, 37], [38, 40], [39, 41], [42, 44], [43, 45], [46, 48], [47, 49], [2, 50], [1, 3], [4, 5], [6, 7], [8, 10], [9, 11], [12, 14], [13, 15], [16, 17], [18, 20], [19, 21], [22, 24], [23, 25]], [[25, 27], [26, 28], [29, 30], [31, 32], [33, 35], [34, 36], [37, 39], [38, 40], [41, 43], [42, 44], [45, 47], [46, 48], [1, 49], [2, 50], [3, 4], [5, 7], [6, 8], [9, 11], [10, 12], [13, 14], [15, 16], [17, 18], [19, 20], [21, 23], [22, 24]], [[20, 21], [22, 24], [23, 25], [26, 28], [27, 29], [30, 31], [32, 33], [34, 35], [36, 38], [37, 39], [40, 41], [42, 43], [44, 46], [45, 47], [48, 49], [1, 50], [2, 3], [4, 6], [5, 7], [8, 9], [10, 12], [11, 13], [14, 15], [16, 18], [17, 19]], [[6, 7], [8, 9], [10, 11], [12, 14], [13, 15], [16, 17], [18, 20], [19, 21], [22, 24], [23, 25], [26, 28], [27, 29], [30, 32], [31, 33], [34, 36], [35, 37], [38, 40], [39, 41], [42, 44], [43, 45], [46, 48], [47, 49], [1, 50], [2, 4], [3, 5]], [[41, 43], [40, 42], [44, 45], [46, 48], [47, 49], [1, 50], [2, 4], [3, 5], [6, 8], [7, 9], [10, 12], [11, 13], [14, 16], [15, 17], [18, 19], [20, 22], [21, 23], [24, 25], [26, 28], [27, 29], [30, 31], [32, 34], [33, 35], [36, 38], [37, 39]], [[13, 14], [15, 16], [17, 18], [19, 21], [20, 22], [23, 24], [25, 26], [27, 28], [29, 30], [31, 32], [33, 34], [35, 37], [36, 38], [39, 41], [40, 42], [43, 44], [45, 47], [46, 48], [49, 50], [1, 2], [3, 5], [4, 6], [7, 8], [9, 10], [11, 12]], [[21, 22], [23, 24], [25, 26], [27, 29], [28, 30], [31, 33], [32, 34], [35, 36], [37, 39], [38, 40], [41, 42], [43, 44], [45, 47], [46, 48], [49, 50], [1, 3], [2, 4], [5, 7], [6, 8], [9, 11], [10, 12], [13, 15], [14, 16], [17, 19], [18, 20]], [[12, 14], [13, 15], [16, 18], [17, 19], [20, 22], [21, 23], [24, 26], [25, 27], [28, 30], [29, 31], [32, 34], [33, 35], [36, 38], [37, 39], [40, 42], [41, 43], [44, 46], [45, 47], [48, 50], [1, 49], [2, 4], [3, 5], [6, 8], [7, 9], [10, 11]], [[39, 40], [41, 42], [43, 44], [45, 47], [46, 48], [1, 49], [2, 50], [3, 5], [4, 6], [7, 9], [8, 10], [11, 12], [13, 15], [14, 16], [17, 18], [19, 21], [20, 22], [23, 24], [25, 27], [26, 28], [29, 31], [30, 32], [33, 35], [34, 36], [37, 38]], [[41, 43], [42, 44], [45, 46], [47, 48], [1, 49], [2, 50], [3, 4], [5, 6], [7, 9], [8, 10], [11, 13], [12, 14], [15, 17], [16, 18], [19, 21], [20, 22], [23, 24], [25, 27], [26, 28], [29, 30], [31, 32], [33, 35], [34, 36], [37, 38], [39, 40]], [[43, 45], [46, 47], [48, 49], [2, 50], [1, 3], [4, 6], [5, 7], [8, 10], [9, 11], [12, 13], [14, 16], [15, 17], [18, 20], [19, 21], [22, 23], [24, 25], [26, 27], [28, 29], [30, 32], [31, 33], [34, 35], [36, 37], [38, 40], [39, 41], [42, 44]], [[14, 16], [17, 19], [18, 20], [21, 22], [23, 25], [24, 26], [27, 28], [29, 30], [31, 32], [33, 35], [34, 36], [37, 38], [39, 40], [41, 42], [43, 45], [44, 46], [47, 48], [1, 49], [2, 50], [3, 5], [4, 6], [7, 8], [9, 10], [11, 12], [13, 15]], [[5, 6], [7, 9], [8, 10], [11, 13], [12, 14], [15, 17], [16, 18], [19, 21], [20, 22], [23, 25], [24, 26], [27, 28], [29, 31], [30, 32], [33, 34], [35, 37], [36, 38], [39, 41], [40, 42], [43, 44], [45, 47], [46, 48], [1, 49], [2, 50], [3, 4]], [[18, 19], [20, 22], [21, 23], [24, 25], [26, 28], [27, 29], [30, 32], [31, 33], [34, 36], [35, 37], [38, 40], [39, 41], [42, 44], [43, 45], [46, 48], [47, 49], [2, 50], [1, 3], [4, 5], [6, 8], [7, 9], [10, 12], [11, 13], [14, 16], [15, 17]], [[49, 50], [1, 2], [3, 4], [5, 6], [7, 8], [9, 10], [11, 12], [13, 15], [14, 16], [17, 18], [19, 20], [21, 22], [23, 25], [24, 26], [27, 28], [29, 30], [31, 32], [33, 34], [35, 36], [37, 38], [39, 41], [40, 42], [43, 44], [45, 47], [46, 48]], [[43, 45], [44, 46], [47, 49], [48, 50], [1, 2], [3, 4], [5, 7], [6, 8], [9, 10], [11, 13], [12, 14], [15, 16], [17, 18], [19, 20], [21, 23], [22, 24], [25, 27], [26, 28], [29, 31], [30, 32], [33, 35], [34, 36], [37, 38], [39, 41], [40, 42]], [[7, 8], [9, 10], [11, 13], [12, 14], [15, 17], [16, 18], [19, 21], [20, 22], [23, 24], [25, 27], [26, 28], [29, 31], [30, 32], [33, 34], [35, 36], [37, 39], [38, 40], [41, 43], [42, 44], [45, 46], [47, 49], [48, 50], [1, 2], [3, 4], [5, 6]], [[14, 16], [13, 15], [17, 19], [18, 20], [21, 22], [23, 25], [24, 26], [27, 28], [29, 31], [30, 32], [33, 34], [35, 37], [36, 38], [39, 40], [41, 42], [43, 45], [44, 46], [47, 48], [1, 49], [2, 50], [3, 4], [5, 7], [6, 8], [9, 11], [10, 12]], [[43, 45], [44, 46], [47, 48], [1, 49], [2, 50], [3, 4], [5, 6], [7, 9], [8, 10], [11, 12], [13, 14], [15, 16], [17, 19], [18, 20], [21, 23], [22, 24], [25, 26], [27, 29], [28, 30], [31, 32], [33, 35], [34, 36], [37, 39], [38, 40], [41, 42]], [[14, 15], [16, 17], [18, 19], [20, 21], [22, 24], [23, 25], [26, 27], [28, 29], [30, 32], [31, 33], [34, 36], [35, 37], [38, 39], [40, 42], [41, 43], [44, 45], [46, 47], [48, 49], [2, 50], [1, 3], [4, 5], [6, 8], [7, 9], [10, 12], [11, 13]], [[18, 20], [19, 21], [22, 24], [23, 25], [26, 28], [27, 29], [30, 32], [31, 33], [34, 35], [36, 37], [38, 40], [39, 41], [42, 44], [43, 45], [46, 47], [48, 49], [2, 50], [1, 3], [4, 6], [5, 7], [8, 10], [9, 11], [12, 13], [14, 16], [15, 17]], [[40, 41], [42, 43], [44, 45], [46, 48], [47, 49], [1, 50], [2, 3], [4, 5], [6, 7], [8, 10], [9, 11], [12, 13], [14, 15], [16, 17], [18, 20], [19, 21], [22, 24], [23, 25], [26, 28], [27, 29], [30, 31], [32, 34], [33, 35], [36, 37], [38, 39]], [[43, 45], [46, 47], [48, 50], [1, 49], [2, 4], [3, 5], [6, 7], [8, 10], [9, 11], [12, 14], [13, 15], [16, 18], [17, 19], [20, 22], [21, 23], [24, 25], [26, 27], [28, 30], [29, 31], [32, 33], [34, 35], [36, 38], [37, 39], [40, 41], [42, 44]], [[41, 43], [44, 45], [46, 47], [48, 49], [2, 50], [1, 3], [4, 6], [5, 7], [8, 9], [10, 12], [11, 13], [14, 15], [16, 18], [17, 19], [20, 22], [21, 23], [24, 25], [26, 28], [27, 29], [30, 31], [32, 34], [33, 35], [36, 38], [37, 39], [40, 42]], [[2, 3], [4, 5], [6, 7], [8, 9], [10, 11], [12, 14], [13, 15], [16, 17], [18, 20], [19, 21], [22, 23], [24, 25], [26, 27], [28, 30], [29, 31], [32, 34], [33, 35], [36, 38], [37, 39], [40, 41], [42, 44], [43, 45], [46, 48], [47, 49], [1, 50]], [[11, 12], [13, 14], [15, 17], [16, 18], [19, 21], [20, 22], [23, 24], [25, 27], [26, 28], [29, 30], [31, 32], [33, 35], [34, 36], [37, 38], [39, 41], [40, 42], [43, 44], [45, 46], [47, 48], [1, 49], [2, 50], [3, 5], [4, 6], [7, 9], [8, 10]]]",,2,,0.0,30104,nucleardisaster,1,1,1,,0.0,30104,radiation,15,2,2,,0.0,30104,disaster,5,3,2,,0.0,30104,earthquake,14,4,1,,0.0,30104,crisis,12,5,1,,0.0,30104,nuclearenergy,21,6,2,,0.0,30104,cancer,8,7,2,,0.0,30104,thyroidcancer,13,8,2,,0.0,30104,naturaldisaster,2,9,2,,0.0,30104,cancerinfemales,19,10,2,,0.0,30104,bannuclearenergy,16,11,1,,0.0,30104,nuclearenergy,5,12,2,,0.0,30104,cleanenergy,3,13,1,,0.0,30104,renewableenergy,20,14,2,,0.0,30104,nuclearpower,3,15,1,,0.0,30104,nuclearmeltdown,4,16,2,,0.0,30104,nuclearsafety,6,17,1,,0.0,30104,contamination,14,18,2,,0.0,30104,radiationcleanup,21,19,1,,0.0,30104,japandisaster,10,20,1,,0.0,30104,radiationthreat,6,21,2,,0.0,30104,radiationSafety,10,22,2,,0.0,30104,FukushimaChildren,21,23,1,,0.0,30104,Japandisaster,21,24,1,,0.0,30104,contamination,20,25,1,,0.0,30104,nuclearcontamination,9,26,2,,0.0,30104,radiationcontamination,13,27,1,,0.0,30104,nuclearregulation,8,28,1,,0.0,30104,fukushimaawareness,17,29,2,,1.0,30104,naturaldisaster,19,30,2,,1.0,30104,naturaldisaster,12,31,2,,1.0,30104,naturaldisaster,9,32,1,,0.0,30104,japandisaster,20,33,1,,0.0,30104,japandisaster,10,34,1,,0.0,30104,fukushimahealth,8,35,2,,0.0,30104,policyreform,21,36,2,,0.0,30104,radiationsafety,19,37,2,,0.0,30104,japanradiation,20,38,2,,1.0,30104,naturaldisaster,15,39,1,,0.0,30104,radiationexposure,11,40,,,,,,,,,,,,,,,,,,,,,,,,,,,,,,,,,,,,,,,,,,,,,,,,,,,,,,,,,,,,,,,,,,,,,,,,,,,,,,,,,,,,,,,,,,,,,,,,,,,,,,,,,,,,,,,,,,,,,,,,,,,,,,,,,,,,,,,,,,,,,,,,,,,,,,,,,,,,,,,,,,,,,,,,,,,,,,,,,,,,,,,,,,,,,,,,,,,,,,,,,,,,,,,,,,,,,,,,,,,,,,,,,,,,,,,,,,,,,,,,,,,,,,,,,,,,,,,,,,,,,,,,,,,,,,,,,,,,,,,,,,,,,,,,,,,,,,,,,,,,,,,,,,,,,,,,,,,,,,,,,,,,,,,,,,,,,,,,,,,,,,,,,,,,,,,,,,,,,,,,,,,,,,,,,,,,,,,,,,,,,,,,,,,,,,,,,,,,,,,,,,,,,,,,,,,,,,,,,,,,,,,,,,,,,,,,,,,,,,,,,,,,,,,,,,,,,,,,,,,,,,,,,,,,,,,,,,,,,,,,,,,,,,,,,,,,,,,,,,,,,,,,,,,,,,,,,,,,,,,,,,,,,,,,,,,,,,,,,,,,,,,,,,,,,,,,,,,,,,,,,,,,,,,,,,,,,,,,,,,,,,,,,,,,,,,,,,,,,,,,,,,,,,,,,,,,,,,,,,,,,,,,,,,,,,,,,,,,,,,,,,,,,,,,,,,,,,,,,,,,,,,,,,,,,,,,,,,,,,,,,,,,,,,,,,,,,,,,,,,,,,,,,,,,,,,,,,,,,,,,,,,,,,,,,,,,,,,,,,,,,,,,,,,,,,,,,,,,,,,,,,,,,,,,,,,,,,,,,,,,,,,,,,,,,,,,,,,,,,,,,,,,,,,,,,,,,,,,,,,,,,,,,,,,,,,,,,,,,,,,,,,,,,,,,,,,,,,,,,,,,,,,,,,,,,,,,,,,,,,,,,,,,,,,,,,,,,,,,,,,,,,,,,,,,,,,,,,,,,,,,,,,,,,,,,,,,,,,,,,,,,,,,,,,,,,,,,,,,,,,,,,,,,,,,,,,,,,,,,,,,,,,,,,,,,,,,,,,,,,,,,,,,,,,,,,,,,,,,,,,,,,,,,,,,,,,,,,,,,,,,,,,,,,,,,,,,,,,,,,,,,,,,,,,,,,,,,,,,,,,,,,,,,,,,,,,,,,,,,,,,,,,,,,,,,,,,,,,,,,,,,,,,,,,,,,,,,,,,,,,,,,,,,,,,,,,,,,,,,,,,,,,,,,,,,
32,m7t9vrqz,,0,240,240,hashtag_experiment,LastPage,2024-04-17 17:13:01.659893,1,,,5.0,g8k2na6b,,,,,0,0.0,1.0,hashtag_experiment,"[[[30, 31], [32, 33], [34, 35], [36, 38], [37, 39], [40, 42], [41, 43], [44, 46], [45, 47], [48, 50], [1, 49], [2, 4], [3, 5], [6, 7], [8, 10], [9, 11], [12, 13], [14, 15], [16, 17], [18, 19], [20, 21], [22, 23], [24, 25], [26, 27], [28, 29]], [[3, 5], [4, 6], [7, 9], [8, 10], [11, 13], [12, 14], [15, 16], [17, 19], [18, 20], [21, 23], [22, 24], [25, 26], [27, 29], [28, 30], [31, 33], [32, 34], [35, 36], [37, 39], [38, 40], [41, 42], [43, 45], [44, 46], [47, 49], [48, 50], [1, 2]], [[23, 25], [22, 24], [26, 27], [28, 30], [29, 31], [32, 34], [33, 35], [36, 37], [38, 39], [40, 41], [42, 43], [44, 46], [45, 47], [48, 50], [1, 49], [2, 3], [4, 5], [6, 8], [7, 9], [10, 12], [11, 13], [14, 15], [16, 18], [17, 19], [20, 21]], [[3, 5], [4, 6], [7, 8], [9, 10], [11, 12], [13, 15], [14, 16], [17, 19], [18, 20], [21, 23], [22, 24], [25, 27], [26, 28], [29, 31], [30, 32], [33, 34], [35, 37], [36, 38], [39, 41], [40, 42], [43, 44], [45, 46], [47, 49], [48, 50], [1, 2]], [[9, 10], [11, 12], [13, 14], [15, 17], [16, 18], [19, 21], [20, 22], [23, 24], [25, 26], [27, 29], [28, 30], [31, 33], [32, 34], [35, 36], [37, 39], [38, 40], [41, 42], [43, 44], [45, 46], [47, 49], [48, 50], [1, 3], [2, 4], [5, 6], [7, 8]], [[41, 42], [43, 44], [45, 47], [46, 48], [49, 50], [1, 3], [2, 4], [5, 6], [7, 9], [8, 10], [11, 13], [12, 14], [15, 17], [16, 18], [19, 21], [20, 22], [23, 25], [24, 26], [27, 29], [28, 30], [31, 33], [32, 34], [35, 36], [37, 39], [38, 40]], [[16, 17], [18, 19], [20, 22], [21, 23], [24, 25], [26, 28], [27, 29], [30, 31], [32, 33], [34, 35], [36, 38], [37, 39], [40, 41], [42, 44], [43, 45], [46, 47], [48, 50], [1, 49], [2, 4], [3, 5], [6, 7], [8, 10], [9, 11], [12, 14], [13, 15]], [[5, 7], [6, 8], [9, 10], [11, 13], [12, 14], [15, 16], [17, 18], [19, 21], [20, 22], [23, 25], [24, 26], [27, 28], [29, 31], [30, 32], [33, 34], [35, 37], [36, 38], [39, 40], [41, 42], [43, 44], [45, 46], [47, 48], [1, 49], [2, 50], [3, 4]], [[30, 32], [29, 31], [33, 34], [35, 36], [37, 38], [39, 40], [41, 42], [43, 45], [44, 46], [47, 48], [1, 49], [2, 50], [3, 4], [5, 7], [6, 8], [9, 11], [10, 12], [13, 14], [15, 16], [17, 18], [19, 21], [20, 22], [23, 24], [25, 27], [26, 28]], [[44, 46], [43, 45], [47, 49], [48, 50], [1, 2], [3, 4], [5, 6], [7, 8], [9, 10], [11, 13], [12, 14], [15, 17], [16, 18], [19, 20], [21, 22], [23, 25], [24, 26], [27, 28], [29, 31], [30, 32], [33, 34], [35, 37], [36, 38], [39, 40], [41, 42]], [[1, 50], [2, 4], [3, 5], [6, 7], [8, 9], [10, 11], [12, 14], [13, 15], [16, 18], [17, 19], [20, 22], [21, 23], [24, 25], [26, 27], [28, 30], [29, 31], [32, 34], [33, 35], [36, 37], [38, 40], [39, 41], [42, 43], [44, 46], [45, 47], [48, 49]], [[23, 25], [24, 26], [27, 29], [28, 30], [31, 33], [32, 34], [35, 37], [36, 38], [39, 41], [40, 42], [43, 44], [45, 46], [47, 49], [48, 50], [1, 2], [3, 5], [4, 6], [7, 8], [9, 11], [10, 12], [13, 14], [15, 17], [16, 18], [19, 20], [21, 22]], [[26, 28], [27, 29], [30, 31], [32, 34], [33, 35], [36, 37], [38, 39], [40, 42], [41, 43], [44, 45], [46, 47], [48, 49], [1, 50], [2, 3], [4, 5], [6, 7], [8, 9], [10, 11], [12, 14], [13, 15], [16, 18], [17, 19], [20, 21], [22, 23], [24, 25]], [[43, 44], [45, 46], [47, 48], [1, 49], [2, 50], [3, 4], [5, 7], [6, 8], [9, 10], [11, 12], [13, 14], [15, 16], [17, 19], [18, 20], [21, 23], [22, 24], [25, 27], [26, 28], [29, 30], [31, 33], [32, 34], [35, 37], [36, 38], [39, 40], [41, 42]], [[26, 27], [28, 30], [29, 31], [32, 33], [34, 36], [35, 37], [38, 40], [39, 41], [42, 44], [43, 45], [46, 48], [47, 49], [2, 50], [1, 3], [4, 5], [6, 7], [8, 10], [9, 11], [12, 14], [13, 15], [16, 17], [18, 20], [19, 21], [22, 24], [23, 25]], [[25, 27], [26, 28], [29, 30], [31, 32], [33, 35], [34, 36], [37, 39], [38, 40], [41, 43], [42, 44], [45, 47], [46, 48], [1, 49], [2, 50], [3, 4], [5, 7], [6, 8], [9, 11], [10, 12], [13, 14], [15, 16], [17, 18], [19, 20], [21, 23], [22, 24]], [[20, 21], [22, 24], [23, 25], [26, 28], [27, 29], [30, 31], [32, 33], [34, 35], [36, 38], [37, 39], [40, 41], [42, 43], [44, 46], [45, 47], [48, 49], [1, 50], [2, 3], [4, 6], [5, 7], [8, 9], [10, 12], [11, 13], [14, 15], [16, 18], [17, 19]], [[6, 7], [8, 9], [10, 11], [12, 14], [13, 15], [16, 17], [18, 20], [19, 21], [22, 24], [23, 25], [26, 28], [27, 29], [30, 32], [31, 33], [34, 36], [35, 37], [38, 40], [39, 41], [42, 44], [43, 45], [46, 48], [47, 49], [1, 50], [2, 4], [3, 5]], [[41, 43], [40, 42], [44, 45], [46, 48], [47, 49], [1, 50], [2, 4], [3, 5], [6, 8], [7, 9], [10, 12], [11, 13], [14, 16], [15, 17], [18, 19], [20, 22], [21, 23], [24, 25], [26, 28], [27, 29], [30, 31], [32, 34], [33, 35], [36, 38], [37, 39]], [[13, 14], [15, 16], [17, 18], [19, 21], [20, 22], [23, 24], [25, 26], [27, 28], [29, 30], [31, 32], [33, 34], [35, 37], [36, 38], [39, 41], [40, 42], [43, 44], [45, 47], [46, 48], [49, 50], [1, 2], [3, 5], [4, 6], [7, 8], [9, 10], [11, 12]], [[21, 22], [23, 24], [25, 26], [27, 29], [28, 30], [31, 33], [32, 34], [35, 36], [37, 39], [38, 40], [41, 42], [43, 44], [45, 47], [46, 48], [49, 50], [1, 3], [2, 4], [5, 7], [6, 8], [9, 11], [10, 12], [13, 15], [14, 16], [17, 19], [18, 20]], [[12, 14], [13, 15], [16, 18], [17, 19], [20, 22], [21, 23], [24, 26], [25, 27], [28, 30], [29, 31], [32, 34], [33, 35], [36, 38], [37, 39], [40, 42], [41, 43], [44, 46], [45, 47], [48, 50], [1, 49], [2, 4], [3, 5], [6, 8], [7, 9], [10, 11]], [[39, 40], [41, 42], [43, 44], [45, 47], [46, 48], [1, 49], [2, 50], [3, 5], [4, 6], [7, 9], [8, 10], [11, 12], [13, 15], [14, 16], [17, 18], [19, 21], [20, 22], [23, 24], [25, 27], [26, 28], [29, 31], [30, 32], [33, 35], [34, 36], [37, 38]], [[41, 43], [42, 44], [45, 46], [47, 48], [1, 49], [2, 50], [3, 4], [5, 6], [7, 9], [8, 10], [11, 13], [12, 14], [15, 17], [16, 18], [19, 21], [20, 22], [23, 24], [25, 27], [26, 28], [29, 30], [31, 32], [33, 35], [34, 36], [37, 38], [39, 40]], [[43, 45], [46, 47], [48, 49], [2, 50], [1, 3], [4, 6], [5, 7], [8, 10], [9, 11], [12, 13], [14, 16], [15, 17], [18, 20], [19, 21], [22, 23], [24, 25], [26, 27], [28, 29], [30, 32], [31, 33], [34, 35], [36, 37], [38, 40], [39, 41], [42, 44]], [[14, 16], [17, 19], [18, 20], [21, 22], [23, 25], [24, 26], [27, 28], [29, 30], [31, 32], [33, 35], [34, 36], [37, 38], [39, 40], [41, 42], [43, 45], [44, 46], [47, 48], [1, 49], [2, 50], [3, 5], [4, 6], [7, 8], [9, 10], [11, 12], [13, 15]], [[5, 6], [7, 9], [8, 10], [11, 13], [12, 14], [15, 17], [16, 18], [19, 21], [20, 22], [23, 25], [24, 26], [27, 28], [29, 31], [30, 32], [33, 34], [35, 37], [36, 38], [39, 41], [40, 42], [43, 44], [45, 47], [46, 48], [1, 49], [2, 50], [3, 4]], [[18, 19], [20, 22], [21, 23], [24, 25], [26, 28], [27, 29], [30, 32], [31, 33], [34, 36], [35, 37], [38, 40], [39, 41], [42, 44], [43, 45], [46, 48], [47, 49], [2, 50], [1, 3], [4, 5], [6, 8], [7, 9], [10, 12], [11, 13], [14, 16], [15, 17]], [[49, 50], [1, 2], [3, 4], [5, 6], [7, 8], [9, 10], [11, 12], [13, 15], [14, 16], [17, 18], [19, 20], [21, 22], [23, 25], [24, 26], [27, 28], [29, 30], [31, 32], [33, 34], [35, 36], [37, 38], [39, 41], [40, 42], [43, 44], [45, 47], [46, 48]], [[43, 45], [44, 46], [47, 49], [48, 50], [1, 2], [3, 4], [5, 7], [6, 8], [9, 10], [11, 13], [12, 14], [15, 16], [17, 18], [19, 20], [21, 23], [22, 24], [25, 27], [26, 28], [29, 31], [30, 32], [33, 35], [34, 36], [37, 38], [39, 41], [40, 42]], [[7, 8], [9, 10], [11, 13], [12, 14], [15, 17], [16, 18], [19, 21], [20, 22], [23, 24], [25, 27], [26, 28], [29, 31], [30, 32], [33, 34], [35, 36], [37, 39], [38, 40], [41, 43], [42, 44], [45, 46], [47, 49], [48, 50], [1, 2], [3, 4], [5, 6]], [[14, 16], [13, 15], [17, 19], [18, 20], [21, 22], [23, 25], [24, 26], [27, 28], [29, 31], [30, 32], [33, 34], [35, 37], [36, 38], [39, 40], [41, 42], [43, 45], [44, 46], [47, 48], [1, 49], [2, 50], [3, 4], [5, 7], [6, 8], [9, 11], [10, 12]], [[43, 45], [44, 46], [47, 48], [1, 49], [2, 50], [3, 4], [5, 6], [7, 9], [8, 10], [11, 12], [13, 14], [15, 16], [17, 19], [18, 20], [21, 23], [22, 24], [25, 26], [27, 29], [28, 30], [31, 32], [33, 35], [34, 36], [37, 39], [38, 40], [41, 42]], [[14, 15], [16, 17], [18, 19], [20, 21], [22, 24], [23, 25], [26, 27], [28, 29], [30, 32], [31, 33], [34, 36], [35, 37], [38, 39], [40, 42], [41, 43], [44, 45], [46, 47], [48, 49], [2, 50], [1, 3], [4, 5], [6, 8], [7, 9], [10, 12], [11, 13]], [[18, 20], [19, 21], [22, 24], [23, 25], [26, 28], [27, 29], [30, 32], [31, 33], [34, 35], [36, 37], [38, 40], [39, 41], [42, 44], [43, 45], [46, 47], [48, 49], [2, 50], [1, 3], [4, 6], [5, 7], [8, 10], [9, 11], [12, 13], [14, 16], [15, 17]], [[40, 41], [42, 43], [44, 45], [46, 48], [47, 49], [1, 50], [2, 3], [4, 5], [6, 7], [8, 10], [9, 11], [12, 13], [14, 15], [16, 17], [18, 20], [19, 21], [22, 24], [23, 25], [26, 28], [27, 29], [30, 31], [32, 34], [33, 35], [36, 37], [38, 39]], [[43, 45], [46, 47], [48, 50], [1, 49], [2, 4], [3, 5], [6, 7], [8, 10], [9, 11], [12, 14], [13, 15], [16, 18], [17, 19], [20, 22], [21, 23], [24, 25], [26, 27], [28, 30], [29, 31], [32, 33], [34, 35], [36, 38], [37, 39], [40, 41], [42, 44]], [[41, 43], [44, 45], [46, 47], [48, 49], [2, 50], [1, 3], [4, 6], [5, 7], [8, 9], [10, 12], [11, 13], [14, 15], [16, 18], [17, 19], [20, 22], [21, 23], [24, 25], [26, 28], [27, 29], [30, 31], [32, 34], [33, 35], [36, 38], [37, 39], [40, 42]], [[2, 3], [4, 5], [6, 7], [8, 9], [10, 11], [12, 14], [13, 15], [16, 17], [18, 20], [19, 21], [22, 23], [24, 25], [26, 27], [28, 30], [29, 31], [32, 34], [33, 35], [36, 38], [37, 39], [40, 41], [42, 44], [43, 45], [46, 48], [47, 49], [1, 50]], [[11, 12], [13, 14], [15, 17], [16, 18], [19, 21], [20, 22], [23, 24], [25, 27], [26, 28], [29, 30], [31, 32], [33, 35], [34, 36], [37, 38], [39, 41], [40, 42], [43, 44], [45, 46], [47, 48], [1, 49], [2, 50], [3, 5], [4, 6], [7, 9], [8, 10]]]",,1,,0.0,66562,NuclearDisaster,2,1,1,,0.0,66562,NuclearExplosion,16,2,1,,0.0,66562,NuclearPowerPlant,6,3,2,,1.0,66562,NaturalDisaster,15,4,1,,0.0,66562,NuclearDisaster,13,5,1,,0.0,66562,NationalDisaster,22,6,1,,0.0,66562,Radiation,9,7,2,,0.0,66562,Earthquake,14,8,2,,0.0,66562,naturaldisaster,1,9,2,,0.0,66562,nuclear,20,10,1,,0.0,66562,nuclear,17,11,1,,0.0,66562,Tsunami,6,12,1,,0.0,66562,Earthquake,4,13,1,,1.0,66562,nuclearaccident,21,14,1,,0.0,66562,earthquake,4,15,2,,0.0,66562,energy,4,16,1,,0.0,66562,Nuclearexplosion,7,17,2,,0.0,66562,Nuclearreactor,13,18,1,,0.0,66562,Nucleardisaster,22,19,2,,0.0,66562,nuclearaccident,10,20,1,,0.0,66562,japanesedisaster,7,21,1,,1.0,66562,nucleardisaster,11,22,2,,0.0,66562,nuclearmeltdown,22,23,2,,0.0,66562,naturaldisaster,21,24,2,,0.0,66562,Japanesedisaster,19,25,2,,0.0,66562,earthquake,9,26,2,,0.0,66562,nucleardisaster,14,27,2,,0.0,66562,radiation,7,28,2,,0.0,66562,naturaldisaster,17,29,2,,0.0,66562,fukushimaawareness,20,30,2,,0.0,66562,Nucleardisaster,13,31,2,,0.0,66562,Nucleardisaster,10,32,2,,0.0,66562,naturaldisaster,20,33,2,,0.0,66562,japandisaster,9,34,2,,1.0,66562,naturaldisaster,7,35,1,,0.0,66562,naturaldisaster,22,36,1,,0.0,66562,nucleardisaster,20,37,1,,0.0,66562,fukushimahealth,21,38,1,,1.0,66562,nucleardisaster,16,39,2,,0.0,66562,nucleardisaster,11,40,,,,,,,,,,,,,,,,,,,,,,,,,,,,,,,,,,,,,,,,,,,,,,,,,,,,,,,,,,,,,,,,,,,,,,,,,,,,,,,,,,,,,,,,,,,,,,,,,,,,,,,,,,,,,,,,,,,,,,,,,,,,,,,,,,,,,,,,,,,,,,,,,,,,,,,,,,,,,,,,,,,,,,,,,,,,,,,,,,,,,,,,,,,,,,,,,,,,,,,,,,,,,,,,,,,,,,,,,,,,,,,,,,,,,,,,,,,,,,,,,,,,,,,,,,,,,,,,,,,,,,,,,,,,,,,,,,,,,,,,,,,,,,,,,,,,,,,,,,,,,,,,,,,,,,,,,,,,,,,,,,,,,,,,,,,,,,,,,,,,,,,,,,,,,,,,,,,,,,,,,,,,,,,,,,,,,,,,,,,,,,,,,,,,,,,,,,,,,,,,,,,,,,,,,,,,,,,,,,,,,,,,,,,,,,,,,,,,,,,,,,,,,,,,,,,,,,,,,,,,,,,,,,,,,,,,,,,,,,,,,,,,,,,,,,,,,,,,,,,,,,,,,,,,,,,,,,,,,,,,,,,,,,,,,,,,,,,,,,,,,,,,,,,,,,,,,,,,,,,,,,,,,,,,,,,,,,,,,,,,,,,,,,,,,,,,,,,,,,,,,,,,,,,,,,,,,,,,,,,,,,,,,,,,,,,,,,,,,,,,,,,,,,,,,,,,,,,,,,,,,,,,,,,,,,,,,,,,,,,,,,,,,,,,,,,,,,,,,,,,,,,,,,,,,,,,,,,,,,,,,,,,,,,,,,,,,,,,,,,,,,,,,,,,,,,,,,,,,,,,,,,,,,,,,,,,,,,,,,,,,,,,,,,,,,,,,,,,,,,,,,,,,,,,,,,,,,,,,,,,,,,,,,,,,,,,,,,,,,,,,,,,,,,,,,,,,,,,,,,,,,,,,,,,,,,,,,,,,,,,,,,,,,,,,,,,,,,,,,,,,,,,,,,,,,,,,,,,,,,,,,,,,,,,,,,,,,,,,,,,,,,,,,,,,,,,,,,,,,,,,,,,,,,,,,,,,,,,,,,,,,,,,,,,,,,,,,,,,,,,,,,,,,,,,,,,,,,,,,,,,,,,,,,,,,,,,,,,,,,,,,,,,,,,,,,,,,,,,,,,,,,,,,,,,,,,,,,,,,,,,,,,,,,,,,,,,,,,,,,,,,,,,,,,,,,,,,,,,,,,,,,,,,,,,,,,,,,,,,,,,,,,,,,,,,,,,,,,,,,,,,,,,,,,,,
33,2uwxwwu2,,0,240,240,hashtag_experiment,LastPage,2024-04-17 17:13:05.914064,1,,,4.0,g8k2na6b,,,,,0,0.0,1.0,hashtag_experiment,"[[[30, 31], [32, 33], [34, 35], [36, 38], [37, 39], [40, 42], [41, 43], [44, 46], [45, 47], [48, 50], [1, 49], [2, 4], [3, 5], [6, 7], [8, 10], [9, 11], [12, 13], [14, 15], [16, 17], [18, 19], [20, 21], [22, 23], [24, 25], [26, 27], [28, 29]], [[3, 5], [4, 6], [7, 9], [8, 10], [11, 13], [12, 14], [15, 16], [17, 19], [18, 20], [21, 23], [22, 24], [25, 26], [27, 29], [28, 30], [31, 33], [32, 34], [35, 36], [37, 39], [38, 40], [41, 42], [43, 45], [44, 46], [47, 49], [48, 50], [1, 2]], [[23, 25], [22, 24], [26, 27], [28, 30], [29, 31], [32, 34], [33, 35], [36, 37], [38, 39], [40, 41], [42, 43], [44, 46], [45, 47], [48, 50], [1, 49], [2, 3], [4, 5], [6, 8], [7, 9], [10, 12], [11, 13], [14, 15], [16, 18], [17, 19], [20, 21]], [[3, 5], [4, 6], [7, 8], [9, 10], [11, 12], [13, 15], [14, 16], [17, 19], [18, 20], [21, 23], [22, 24], [25, 27], [26, 28], [29, 31], [30, 32], [33, 34], [35, 37], [36, 38], [39, 41], [40, 42], [43, 44], [45, 46], [47, 49], [48, 50], [1, 2]], [[9, 10], [11, 12], [13, 14], [15, 17], [16, 18], [19, 21], [20, 22], [23, 24], [25, 26], [27, 29], [28, 30], [31, 33], [32, 34], [35, 36], [37, 39], [38, 40], [41, 42], [43, 44], [45, 46], [47, 49], [48, 50], [1, 3], [2, 4], [5, 6], [7, 8]], [[41, 42], [43, 44], [45, 47], [46, 48], [49, 50], [1, 3], [2, 4], [5, 6], [7, 9], [8, 10], [11, 13], [12, 14], [15, 17], [16, 18], [19, 21], [20, 22], [23, 25], [24, 26], [27, 29], [28, 30], [31, 33], [32, 34], [35, 36], [37, 39], [38, 40]], [[16, 17], [18, 19], [20, 22], [21, 23], [24, 25], [26, 28], [27, 29], [30, 31], [32, 33], [34, 35], [36, 38], [37, 39], [40, 41], [42, 44], [43, 45], [46, 47], [48, 50], [1, 49], [2, 4], [3, 5], [6, 7], [8, 10], [9, 11], [12, 14], [13, 15]], [[5, 7], [6, 8], [9, 10], [11, 13], [12, 14], [15, 16], [17, 18], [19, 21], [20, 22], [23, 25], [24, 26], [27, 28], [29, 31], [30, 32], [33, 34], [35, 37], [36, 38], [39, 40], [41, 42], [43, 44], [45, 46], [47, 48], [1, 49], [2, 50], [3, 4]], [[30, 32], [29, 31], [33, 34], [35, 36], [37, 38], [39, 40], [41, 42], [43, 45], [44, 46], [47, 48], [1, 49], [2, 50], [3, 4], [5, 7], [6, 8], [9, 11], [10, 12], [13, 14], [15, 16], [17, 18], [19, 21], [20, 22], [23, 24], [25, 27], [26, 28]], [[44, 46], [43, 45], [47, 49], [48, 50], [1, 2], [3, 4], [5, 6], [7, 8], [9, 10], [11, 13], [12, 14], [15, 17], [16, 18], [19, 20], [21, 22], [23, 25], [24, 26], [27, 28], [29, 31], [30, 32], [33, 34], [35, 37], [36, 38], [39, 40], [41, 42]], [[1, 50], [2, 4], [3, 5], [6, 7], [8, 9], [10, 11], [12, 14], [13, 15], [16, 18], [17, 19], [20, 22], [21, 23], [24, 25], [26, 27], [28, 30], [29, 31], [32, 34], [33, 35], [36, 37], [38, 40], [39, 41], [42, 43], [44, 46], [45, 47], [48, 49]], [[23, 25], [24, 26], [27, 29], [28, 30], [31, 33], [32, 34], [35, 37], [36, 38], [39, 41], [40, 42], [43, 44], [45, 46], [47, 49], [48, 50], [1, 2], [3, 5], [4, 6], [7, 8], [9, 11], [10, 12], [13, 14], [15, 17], [16, 18], [19, 20], [21, 22]], [[26, 28], [27, 29], [30, 31], [32, 34], [33, 35], [36, 37], [38, 39], [40, 42], [41, 43], [44, 45], [46, 47], [48, 49], [1, 50], [2, 3], [4, 5], [6, 7], [8, 9], [10, 11], [12, 14], [13, 15], [16, 18], [17, 19], [20, 21], [22, 23], [24, 25]], [[43, 44], [45, 46], [47, 48], [1, 49], [2, 50], [3, 4], [5, 7], [6, 8], [9, 10], [11, 12], [13, 14], [15, 16], [17, 19], [18, 20], [21, 23], [22, 24], [25, 27], [26, 28], [29, 30], [31, 33], [32, 34], [35, 37], [36, 38], [39, 40], [41, 42]], [[26, 27], [28, 30], [29, 31], [32, 33], [34, 36], [35, 37], [38, 40], [39, 41], [42, 44], [43, 45], [46, 48], [47, 49], [2, 50], [1, 3], [4, 5], [6, 7], [8, 10], [9, 11], [12, 14], [13, 15], [16, 17], [18, 20], [19, 21], [22, 24], [23, 25]], [[25, 27], [26, 28], [29, 30], [31, 32], [33, 35], [34, 36], [37, 39], [38, 40], [41, 43], [42, 44], [45, 47], [46, 48], [1, 49], [2, 50], [3, 4], [5, 7], [6, 8], [9, 11], [10, 12], [13, 14], [15, 16], [17, 18], [19, 20], [21, 23], [22, 24]], [[20, 21], [22, 24], [23, 25], [26, 28], [27, 29], [30, 31], [32, 33], [34, 35], [36, 38], [37, 39], [40, 41], [42, 43], [44, 46], [45, 47], [48, 49], [1, 50], [2, 3], [4, 6], [5, 7], [8, 9], [10, 12], [11, 13], [14, 15], [16, 18], [17, 19]], [[6, 7], [8, 9], [10, 11], [12, 14], [13, 15], [16, 17], [18, 20], [19, 21], [22, 24], [23, 25], [26, 28], [27, 29], [30, 32], [31, 33], [34, 36], [35, 37], [38, 40], [39, 41], [42, 44], [43, 45], [46, 48], [47, 49], [1, 50], [2, 4], [3, 5]], [[41, 43], [40, 42], [44, 45], [46, 48], [47, 49], [1, 50], [2, 4], [3, 5], [6, 8], [7, 9], [10, 12], [11, 13], [14, 16], [15, 17], [18, 19], [20, 22], [21, 23], [24, 25], [26, 28], [27, 29], [30, 31], [32, 34], [33, 35], [36, 38], [37, 39]], [[13, 14], [15, 16], [17, 18], [19, 21], [20, 22], [23, 24], [25, 26], [27, 28], [29, 30], [31, 32], [33, 34], [35, 37], [36, 38], [39, 41], [40, 42], [43, 44], [45, 47], [46, 48], [49, 50], [1, 2], [3, 5], [4, 6], [7, 8], [9, 10], [11, 12]], [[21, 22], [23, 24], [25, 26], [27, 29], [28, 30], [31, 33], [32, 34], [35, 36], [37, 39], [38, 40], [41, 42], [43, 44], [45, 47], [46, 48], [49, 50], [1, 3], [2, 4], [5, 7], [6, 8], [9, 11], [10, 12], [13, 15], [14, 16], [17, 19], [18, 20]], [[12, 14], [13, 15], [16, 18], [17, 19], [20, 22], [21, 23], [24, 26], [25, 27], [28, 30], [29, 31], [32, 34], [33, 35], [36, 38], [37, 39], [40, 42], [41, 43], [44, 46], [45, 47], [48, 50], [1, 49], [2, 4], [3, 5], [6, 8], [7, 9], [10, 11]], [[39, 40], [41, 42], [43, 44], [45, 47], [46, 48], [1, 49], [2, 50], [3, 5], [4, 6], [7, 9], [8, 10], [11, 12], [13, 15], [14, 16], [17, 18], [19, 21], [20, 22], [23, 24], [25, 27], [26, 28], [29, 31], [30, 32], [33, 35], [34, 36], [37, 38]], [[41, 43], [42, 44], [45, 46], [47, 48], [1, 49], [2, 50], [3, 4], [5, 6], [7, 9], [8, 10], [11, 13], [12, 14], [15, 17], [16, 18], [19, 21], [20, 22], [23, 24], [25, 27], [26, 28], [29, 30], [31, 32], [33, 35], [34, 36], [37, 38], [39, 40]], [[43, 45], [46, 47], [48, 49], [2, 50], [1, 3], [4, 6], [5, 7], [8, 10], [9, 11], [12, 13], [14, 16], [15, 17], [18, 20], [19, 21], [22, 23], [24, 25], [26, 27], [28, 29], [30, 32], [31, 33], [34, 35], [36, 37], [38, 40], [39, 41], [42, 44]], [[14, 16], [17, 19], [18, 20], [21, 22], [23, 25], [24, 26], [27, 28], [29, 30], [31, 32], [33, 35], [34, 36], [37, 38], [39, 40], [41, 42], [43, 45], [44, 46], [47, 48], [1, 49], [2, 50], [3, 5], [4, 6], [7, 8], [9, 10], [11, 12], [13, 15]], [[5, 6], [7, 9], [8, 10], [11, 13], [12, 14], [15, 17], [16, 18], [19, 21], [20, 22], [23, 25], [24, 26], [27, 28], [29, 31], [30, 32], [33, 34], [35, 37], [36, 38], [39, 41], [40, 42], [43, 44], [45, 47], [46, 48], [1, 49], [2, 50], [3, 4]], [[18, 19], [20, 22], [21, 23], [24, 25], [26, 28], [27, 29], [30, 32], [31, 33], [34, 36], [35, 37], [38, 40], [39, 41], [42, 44], [43, 45], [46, 48], [47, 49], [2, 50], [1, 3], [4, 5], [6, 8], [7, 9], [10, 12], [11, 13], [14, 16], [15, 17]], [[49, 50], [1, 2], [3, 4], [5, 6], [7, 8], [9, 10], [11, 12], [13, 15], [14, 16], [17, 18], [19, 20], [21, 22], [23, 25], [24, 26], [27, 28], [29, 30], [31, 32], [33, 34], [35, 36], [37, 38], [39, 41], [40, 42], [43, 44], [45, 47], [46, 48]], [[43, 45], [44, 46], [47, 49], [48, 50], [1, 2], [3, 4], [5, 7], [6, 8], [9, 10], [11, 13], [12, 14], [15, 16], [17, 18], [19, 20], [21, 23], [22, 24], [25, 27], [26, 28], [29, 31], [30, 32], [33, 35], [34, 36], [37, 38], [39, 41], [40, 42]], [[7, 8], [9, 10], [11, 13], [12, 14], [15, 17], [16, 18], [19, 21], [20, 22], [23, 24], [25, 27], [26, 28], [29, 31], [30, 32], [33, 34], [35, 36], [37, 39], [38, 40], [41, 43], [42, 44], [45, 46], [47, 49], [48, 50], [1, 2], [3, 4], [5, 6]], [[14, 16], [13, 15], [17, 19], [18, 20], [21, 22], [23, 25], [24, 26], [27, 28], [29, 31], [30, 32], [33, 34], [35, 37], [36, 38], [39, 40], [41, 42], [43, 45], [44, 46], [47, 48], [1, 49], [2, 50], [3, 4], [5, 7], [6, 8], [9, 11], [10, 12]], [[43, 45], [44, 46], [47, 48], [1, 49], [2, 50], [3, 4], [5, 6], [7, 9], [8, 10], [11, 12], [13, 14], [15, 16], [17, 19], [18, 20], [21, 23], [22, 24], [25, 26], [27, 29], [28, 30], [31, 32], [33, 35], [34, 36], [37, 39], [38, 40], [41, 42]], [[14, 15], [16, 17], [18, 19], [20, 21], [22, 24], [23, 25], [26, 27], [28, 29], [30, 32], [31, 33], [34, 36], [35, 37], [38, 39], [40, 42], [41, 43], [44, 45], [46, 47], [48, 49], [2, 50], [1, 3], [4, 5], [6, 8], [7, 9], [10, 12], [11, 13]], [[18, 20], [19, 21], [22, 24], [23, 25], [26, 28], [27, 29], [30, 32], [31, 33], [34, 35], [36, 37], [38, 40], [39, 41], [42, 44], [43, 45], [46, 47], [48, 49], [2, 50], [1, 3], [4, 6], [5, 7], [8, 10], [9, 11], [12, 13], [14, 16], [15, 17]], [[40, 41], [42, 43], [44, 45], [46, 48], [47, 49], [1, 50], [2, 3], [4, 5], [6, 7], [8, 10], [9, 11], [12, 13], [14, 15], [16, 17], [18, 20], [19, 21], [22, 24], [23, 25], [26, 28], [27, 29], [30, 31], [32, 34], [33, 35], [36, 37], [38, 39]], [[43, 45], [46, 47], [48, 50], [1, 49], [2, 4], [3, 5], [6, 7], [8, 10], [9, 11], [12, 14], [13, 15], [16, 18], [17, 19], [20, 22], [21, 23], [24, 25], [26, 27], [28, 30], [29, 31], [32, 33], [34, 35], [36, 38], [37, 39], [40, 41], [42, 44]], [[41, 43], [44, 45], [46, 47], [48, 49], [2, 50], [1, 3], [4, 6], [5, 7], [8, 9], [10, 12], [11, 13], [14, 15], [16, 18], [17, 19], [20, 22], [21, 23], [24, 25], [26, 28], [27, 29], [30, 31], [32, 34], [33, 35], [36, 38], [37, 39], [40, 42]], [[2, 3], [4, 5], [6, 7], [8, 9], [10, 11], [12, 14], [13, 15], [16, 17], [18, 20], [19, 21], [22, 23], [24, 25], [26, 27], [28, 30], [29, 31], [32, 34], [33, 35], [36, 38], [37, 39], [40, 41], [42, 44], [43, 45], [46, 48], [47, 49], [1, 50]], [[11, 12], [13, 14], [15, 17], [16, 18], [19, 21], [20, 22], [23, 24], [25, 27], [26, 28], [29, 30], [31, 32], [33, 35], [34, 36], [37, 38], [39, 41], [40, 42], [43, 44], [45, 46], [47, 48], [1, 49], [2, 50], [3, 5], [4, 6], [7, 9], [8, 10]]]",,2,,0.0,49237,Japanesegovernment,2,1,2,,0.0,49237,earthquake,15,2,1,,0.0,49237,Tsunami,7,3,1,,0.0,49237,Radiation,16,4,2,,0.0,49237,NuclearReactors,12,5,2,,0.0,49237,poweroutages,21,6,2,,0.0,49237,depression,9,7,1,,0.0,49237,evacuations,15,8,1,,0.0,49237,nuclearaccident,3,9,1,,1.0,49237,nuclearaccident,21,10,1,,0.0,49237,earthquakes,18,11,2,,0.0,49237,earthquakes,5,12,1,,0.0,49237,nuclearenergy,5,13,2,,0.0,49237,nuclearenergy,20,14,2,,0.0,49237,renewableenergy,4,15,1,,1.0,49237,tsunami,5,16,2,,0.0,49237,coolantreactors,7,17,2,,0.0,49237,cancer,14,18,1,,0.0,49237,cancer,23,19,1,,0.0,49237,cancer,11,20,2,,0.0,49237,accident,6,21,1,,0.0,49237,nuclearreaction,12,22,1,,0.0,49237,nuclearreaction,23,23,1,,1.0,49237,nuclearreaction,22,24,2,,0.0,49237,nuclearreactor,20,25,1,,0.0,49237,contamination,10,26,1,,0.0,49237,contamination,15,27,2,,0.0,49237,contamination,8,28,1,,0.0,49237,nuclearregulation,18,29,1,,0.0,49237,nucleardisaster,21,30,1,,0.0,49237,cancer,14,31,1,,0.0,49237,cancer,11,32,1,,0.0,49237,disaster,21,33,2,,0.0,49237,nuclearpollution,10,34,2,,0.0,49237,nuclearpollution,8,35,1,,0.0,49237,fukushimahealth,23,36,2,,0.0,49237,fukushimahealth,20,37,1,,0.0,49237,fukushimahealth,22,38,1,,0.0,49237,nucleardisaster,17,39,1,,1.0,49237,nucleardisaster,12,40,,,,,,,,,,,,,,,,,,,,,,,,,,,,,,,,,,,,,,,,,,,,,,,,,,,,,,,,,,,,,,,,,,,,,,,,,,,,,,,,,,,,,,,,,,,,,,,,,,,,,,,,,,,,,,,,,,,,,,,,,,,,,,,,,,,,,,,,,,,,,,,,,,,,,,,,,,,,,,,,,,,,,,,,,,,,,,,,,,,,,,,,,,,,,,,,,,,,,,,,,,,,,,,,,,,,,,,,,,,,,,,,,,,,,,,,,,,,,,,,,,,,,,,,,,,,,,,,,,,,,,,,,,,,,,,,,,,,,,,,,,,,,,,,,,,,,,,,,,,,,,,,,,,,,,,,,,,,,,,,,,,,,,,,,,,,,,,,,,,,,,,,,,,,,,,,,,,,,,,,,,,,,,,,,,,,,,,,,,,,,,,,,,,,,,,,,,,,,,,,,,,,,,,,,,,,,,,,,,,,,,,,,,,,,,,,,,,,,,,,,,,,,,,,,,,,,,,,,,,,,,,,,,,,,,,,,,,,,,,,,,,,,,,,,,,,,,,,,,,,,,,,,,,,,,,,,,,,,,,,,,,,,,,,,,,,,,,,,,,,,,,,,,,,,,,,,,,,,,,,,,,,,,,,,,,,,,,,,,,,,,,,,,,,,,,,,,,,,,,,,,,,,,,,,,,,,,,,,,,,,,,,,,,,,,,,,,,,,,,,,,,,,,,,,,,,,,,,,,,,,,,,,,,,,,,,,,,,,,,,,,,,,,,,,,,,,,,,,,,,,,,,,,,,,,,,,,,,,,,,,,,,,,,,,,,,,,,,,,,,,,,,,,,,,,,,,,,,,,,,,,,,,,,,,,,,,,,,,,,,,,,,,,,,,,,,,,,,,,,,,,,,,,,,,,,,,,,,,,,,,,,,,,,,,,,,,,,,,,,,,,,,,,,,,,,,,,,,,,,,,,,,,,,,,,,,,,,,,,,,,,,,,,,,,,,,,,,,,,,,,,,,,,,,,,,,,,,,,,,,,,,,,,,,,,,,,,,,,,,,,,,,,,,,,,,,,,,,,,,,,,,,,,,,,,,,,,,,,,,,,,,,,,,,,,,,,,,,,,,,,,,,,,,,,,,,,,,,,,,,,,,,,,,,,,,,,,,,,,,,,,,,,,,,,,,,,,,,,,,,,,,,,,,,,,,,,,,,,,,,,,,,,,,,,,,,,,,,,,,,,,,,,,,,,,,,,,,,,,,,,,,,,,,,,,,,,,,,,,,,,,,,,,,,,,,,,,,,,,,,,,,,,,,,,,
34,n1yvphvq,,0,240,240,hashtag_experiment,LastPage,2024-04-17 17:13:07.575116,1,,,10.0,g8k2na6b,,,,,0,0.0,1.0,hashtag_experiment,"[[[30, 31], [32, 33], [34, 35], [36, 38], [37, 39], [40, 42], [41, 43], [44, 46], [45, 47], [48, 50], [1, 49], [2, 4], [3, 5], [6, 7], [8, 10], [9, 11], [12, 13], [14, 15], [16, 17], [18, 19], [20, 21], [22, 23], [24, 25], [26, 27], [28, 29]], [[3, 5], [4, 6], [7, 9], [8, 10], [11, 13], [12, 14], [15, 16], [17, 19], [18, 20], [21, 23], [22, 24], [25, 26], [27, 29], [28, 30], [31, 33], [32, 34], [35, 36], [37, 39], [38, 40], [41, 42], [43, 45], [44, 46], [47, 49], [48, 50], [1, 2]], [[23, 25], [22, 24], [26, 27], [28, 30], [29, 31], [32, 34], [33, 35], [36, 37], [38, 39], [40, 41], [42, 43], [44, 46], [45, 47], [48, 50], [1, 49], [2, 3], [4, 5], [6, 8], [7, 9], [10, 12], [11, 13], [14, 15], [16, 18], [17, 19], [20, 21]], [[3, 5], [4, 6], [7, 8], [9, 10], [11, 12], [13, 15], [14, 16], [17, 19], [18, 20], [21, 23], [22, 24], [25, 27], [26, 28], [29, 31], [30, 32], [33, 34], [35, 37], [36, 38], [39, 41], [40, 42], [43, 44], [45, 46], [47, 49], [48, 50], [1, 2]], [[9, 10], [11, 12], [13, 14], [15, 17], [16, 18], [19, 21], [20, 22], [23, 24], [25, 26], [27, 29], [28, 30], [31, 33], [32, 34], [35, 36], [37, 39], [38, 40], [41, 42], [43, 44], [45, 46], [47, 49], [48, 50], [1, 3], [2, 4], [5, 6], [7, 8]], [[41, 42], [43, 44], [45, 47], [46, 48], [49, 50], [1, 3], [2, 4], [5, 6], [7, 9], [8, 10], [11, 13], [12, 14], [15, 17], [16, 18], [19, 21], [20, 22], [23, 25], [24, 26], [27, 29], [28, 30], [31, 33], [32, 34], [35, 36], [37, 39], [38, 40]], [[16, 17], [18, 19], [20, 22], [21, 23], [24, 25], [26, 28], [27, 29], [30, 31], [32, 33], [34, 35], [36, 38], [37, 39], [40, 41], [42, 44], [43, 45], [46, 47], [48, 50], [1, 49], [2, 4], [3, 5], [6, 7], [8, 10], [9, 11], [12, 14], [13, 15]], [[5, 7], [6, 8], [9, 10], [11, 13], [12, 14], [15, 16], [17, 18], [19, 21], [20, 22], [23, 25], [24, 26], [27, 28], [29, 31], [30, 32], [33, 34], [35, 37], [36, 38], [39, 40], [41, 42], [43, 44], [45, 46], [47, 48], [1, 49], [2, 50], [3, 4]], [[30, 32], [29, 31], [33, 34], [35, 36], [37, 38], [39, 40], [41, 42], [43, 45], [44, 46], [47, 48], [1, 49], [2, 50], [3, 4], [5, 7], [6, 8], [9, 11], [10, 12], [13, 14], [15, 16], [17, 18], [19, 21], [20, 22], [23, 24], [25, 27], [26, 28]], [[44, 46], [43, 45], [47, 49], [48, 50], [1, 2], [3, 4], [5, 6], [7, 8], [9, 10], [11, 13], [12, 14], [15, 17], [16, 18], [19, 20], [21, 22], [23, 25], [24, 26], [27, 28], [29, 31], [30, 32], [33, 34], [35, 37], [36, 38], [39, 40], [41, 42]], [[1, 50], [2, 4], [3, 5], [6, 7], [8, 9], [10, 11], [12, 14], [13, 15], [16, 18], [17, 19], [20, 22], [21, 23], [24, 25], [26, 27], [28, 30], [29, 31], [32, 34], [33, 35], [36, 37], [38, 40], [39, 41], [42, 43], [44, 46], [45, 47], [48, 49]], [[23, 25], [24, 26], [27, 29], [28, 30], [31, 33], [32, 34], [35, 37], [36, 38], [39, 41], [40, 42], [43, 44], [45, 46], [47, 49], [48, 50], [1, 2], [3, 5], [4, 6], [7, 8], [9, 11], [10, 12], [13, 14], [15, 17], [16, 18], [19, 20], [21, 22]], [[26, 28], [27, 29], [30, 31], [32, 34], [33, 35], [36, 37], [38, 39], [40, 42], [41, 43], [44, 45], [46, 47], [48, 49], [1, 50], [2, 3], [4, 5], [6, 7], [8, 9], [10, 11], [12, 14], [13, 15], [16, 18], [17, 19], [20, 21], [22, 23], [24, 25]], [[43, 44], [45, 46], [47, 48], [1, 49], [2, 50], [3, 4], [5, 7], [6, 8], [9, 10], [11, 12], [13, 14], [15, 16], [17, 19], [18, 20], [21, 23], [22, 24], [25, 27], [26, 28], [29, 30], [31, 33], [32, 34], [35, 37], [36, 38], [39, 40], [41, 42]], [[26, 27], [28, 30], [29, 31], [32, 33], [34, 36], [35, 37], [38, 40], [39, 41], [42, 44], [43, 45], [46, 48], [47, 49], [2, 50], [1, 3], [4, 5], [6, 7], [8, 10], [9, 11], [12, 14], [13, 15], [16, 17], [18, 20], [19, 21], [22, 24], [23, 25]], [[25, 27], [26, 28], [29, 30], [31, 32], [33, 35], [34, 36], [37, 39], [38, 40], [41, 43], [42, 44], [45, 47], [46, 48], [1, 49], [2, 50], [3, 4], [5, 7], [6, 8], [9, 11], [10, 12], [13, 14], [15, 16], [17, 18], [19, 20], [21, 23], [22, 24]], [[20, 21], [22, 24], [23, 25], [26, 28], [27, 29], [30, 31], [32, 33], [34, 35], [36, 38], [37, 39], [40, 41], [42, 43], [44, 46], [45, 47], [48, 49], [1, 50], [2, 3], [4, 6], [5, 7], [8, 9], [10, 12], [11, 13], [14, 15], [16, 18], [17, 19]], [[6, 7], [8, 9], [10, 11], [12, 14], [13, 15], [16, 17], [18, 20], [19, 21], [22, 24], [23, 25], [26, 28], [27, 29], [30, 32], [31, 33], [34, 36], [35, 37], [38, 40], [39, 41], [42, 44], [43, 45], [46, 48], [47, 49], [1, 50], [2, 4], [3, 5]], [[41, 43], [40, 42], [44, 45], [46, 48], [47, 49], [1, 50], [2, 4], [3, 5], [6, 8], [7, 9], [10, 12], [11, 13], [14, 16], [15, 17], [18, 19], [20, 22], [21, 23], [24, 25], [26, 28], [27, 29], [30, 31], [32, 34], [33, 35], [36, 38], [37, 39]], [[13, 14], [15, 16], [17, 18], [19, 21], [20, 22], [23, 24], [25, 26], [27, 28], [29, 30], [31, 32], [33, 34], [35, 37], [36, 38], [39, 41], [40, 42], [43, 44], [45, 47], [46, 48], [49, 50], [1, 2], [3, 5], [4, 6], [7, 8], [9, 10], [11, 12]], [[21, 22], [23, 24], [25, 26], [27, 29], [28, 30], [31, 33], [32, 34], [35, 36], [37, 39], [38, 40], [41, 42], [43, 44], [45, 47], [46, 48], [49, 50], [1, 3], [2, 4], [5, 7], [6, 8], [9, 11], [10, 12], [13, 15], [14, 16], [17, 19], [18, 20]], [[12, 14], [13, 15], [16, 18], [17, 19], [20, 22], [21, 23], [24, 26], [25, 27], [28, 30], [29, 31], [32, 34], [33, 35], [36, 38], [37, 39], [40, 42], [41, 43], [44, 46], [45, 47], [48, 50], [1, 49], [2, 4], [3, 5], [6, 8], [7, 9], [10, 11]], [[39, 40], [41, 42], [43, 44], [45, 47], [46, 48], [1, 49], [2, 50], [3, 5], [4, 6], [7, 9], [8, 10], [11, 12], [13, 15], [14, 16], [17, 18], [19, 21], [20, 22], [23, 24], [25, 27], [26, 28], [29, 31], [30, 32], [33, 35], [34, 36], [37, 38]], [[41, 43], [42, 44], [45, 46], [47, 48], [1, 49], [2, 50], [3, 4], [5, 6], [7, 9], [8, 10], [11, 13], [12, 14], [15, 17], [16, 18], [19, 21], [20, 22], [23, 24], [25, 27], [26, 28], [29, 30], [31, 32], [33, 35], [34, 36], [37, 38], [39, 40]], [[43, 45], [46, 47], [48, 49], [2, 50], [1, 3], [4, 6], [5, 7], [8, 10], [9, 11], [12, 13], [14, 16], [15, 17], [18, 20], [19, 21], [22, 23], [24, 25], [26, 27], [28, 29], [30, 32], [31, 33], [34, 35], [36, 37], [38, 40], [39, 41], [42, 44]], [[14, 16], [17, 19], [18, 20], [21, 22], [23, 25], [24, 26], [27, 28], [29, 30], [31, 32], [33, 35], [34, 36], [37, 38], [39, 40], [41, 42], [43, 45], [44, 46], [47, 48], [1, 49], [2, 50], [3, 5], [4, 6], [7, 8], [9, 10], [11, 12], [13, 15]], [[5, 6], [7, 9], [8, 10], [11, 13], [12, 14], [15, 17], [16, 18], [19, 21], [20, 22], [23, 25], [24, 26], [27, 28], [29, 31], [30, 32], [33, 34], [35, 37], [36, 38], [39, 41], [40, 42], [43, 44], [45, 47], [46, 48], [1, 49], [2, 50], [3, 4]], [[18, 19], [20, 22], [21, 23], [24, 25], [26, 28], [27, 29], [30, 32], [31, 33], [34, 36], [35, 37], [38, 40], [39, 41], [42, 44], [43, 45], [46, 48], [47, 49], [2, 50], [1, 3], [4, 5], [6, 8], [7, 9], [10, 12], [11, 13], [14, 16], [15, 17]], [[49, 50], [1, 2], [3, 4], [5, 6], [7, 8], [9, 10], [11, 12], [13, 15], [14, 16], [17, 18], [19, 20], [21, 22], [23, 25], [24, 26], [27, 28], [29, 30], [31, 32], [33, 34], [35, 36], [37, 38], [39, 41], [40, 42], [43, 44], [45, 47], [46, 48]], [[43, 45], [44, 46], [47, 49], [48, 50], [1, 2], [3, 4], [5, 7], [6, 8], [9, 10], [11, 13], [12, 14], [15, 16], [17, 18], [19, 20], [21, 23], [22, 24], [25, 27], [26, 28], [29, 31], [30, 32], [33, 35], [34, 36], [37, 38], [39, 41], [40, 42]], [[7, 8], [9, 10], [11, 13], [12, 14], [15, 17], [16, 18], [19, 21], [20, 22], [23, 24], [25, 27], [26, 28], [29, 31], [30, 32], [33, 34], [35, 36], [37, 39], [38, 40], [41, 43], [42, 44], [45, 46], [47, 49], [48, 50], [1, 2], [3, 4], [5, 6]], [[14, 16], [13, 15], [17, 19], [18, 20], [21, 22], [23, 25], [24, 26], [27, 28], [29, 31], [30, 32], [33, 34], [35, 37], [36, 38], [39, 40], [41, 42], [43, 45], [44, 46], [47, 48], [1, 49], [2, 50], [3, 4], [5, 7], [6, 8], [9, 11], [10, 12]], [[43, 45], [44, 46], [47, 48], [1, 49], [2, 50], [3, 4], [5, 6], [7, 9], [8, 10], [11, 12], [13, 14], [15, 16], [17, 19], [18, 20], [21, 23], [22, 24], [25, 26], [27, 29], [28, 30], [31, 32], [33, 35], [34, 36], [37, 39], [38, 40], [41, 42]], [[14, 15], [16, 17], [18, 19], [20, 21], [22, 24], [23, 25], [26, 27], [28, 29], [30, 32], [31, 33], [34, 36], [35, 37], [38, 39], [40, 42], [41, 43], [44, 45], [46, 47], [48, 49], [2, 50], [1, 3], [4, 5], [6, 8], [7, 9], [10, 12], [11, 13]], [[18, 20], [19, 21], [22, 24], [23, 25], [26, 28], [27, 29], [30, 32], [31, 33], [34, 35], [36, 37], [38, 40], [39, 41], [42, 44], [43, 45], [46, 47], [48, 49], [2, 50], [1, 3], [4, 6], [5, 7], [8, 10], [9, 11], [12, 13], [14, 16], [15, 17]], [[40, 41], [42, 43], [44, 45], [46, 48], [47, 49], [1, 50], [2, 3], [4, 5], [6, 7], [8, 10], [9, 11], [12, 13], [14, 15], [16, 17], [18, 20], [19, 21], [22, 24], [23, 25], [26, 28], [27, 29], [30, 31], [32, 34], [33, 35], [36, 37], [38, 39]], [[43, 45], [46, 47], [48, 50], [1, 49], [2, 4], [3, 5], [6, 7], [8, 10], [9, 11], [12, 14], [13, 15], [16, 18], [17, 19], [20, 22], [21, 23], [24, 25], [26, 27], [28, 30], [29, 31], [32, 33], [34, 35], [36, 38], [37, 39], [40, 41], [42, 44]], [[41, 43], [44, 45], [46, 47], [48, 49], [2, 50], [1, 3], [4, 6], [5, 7], [8, 9], [10, 12], [11, 13], [14, 15], [16, 18], [17, 19], [20, 22], [21, 23], [24, 25], [26, 28], [27, 29], [30, 31], [32, 34], [33, 35], [36, 38], [37, 39], [40, 42]], [[2, 3], [4, 5], [6, 7], [8, 9], [10, 11], [12, 14], [13, 15], [16, 17], [18, 20], [19, 21], [22, 23], [24, 25], [26, 27], [28, 30], [29, 31], [32, 34], [33, 35], [36, 38], [37, 39], [40, 41], [42, 44], [43, 45], [46, 48], [47, 49], [1, 50]], [[11, 12], [13, 14], [15, 17], [16, 18], [19, 21], [20, 22], [23, 24], [25, 27], [26, 28], [29, 30], [31, 32], [33, 35], [34, 36], [37, 38], [39, 41], [40, 42], [43, 44], [45, 46], [47, 48], [1, 49], [2, 50], [3, 5], [4, 6], [7, 9], [8, 10]]]",,1,,0.0,87893,saveenergy,3,1,2,,0.0,87893,disasterprevention,16,2,2,,0.0,87893,nucleardisaster,6,3,2,,0.0,87893,nuclearpowerplant,16,4,2,,0.0,87893,radiation,13,5,2,,0.0,87893,radiation,22,6,1,,0.0,87893,radiation,10,7,2,,0.0,87893,radiation,15,8,2,,0.0,87893,evacuations,3,9,2,,1.0,87893,nuclearaccident,21,10,2,,0.0,87893,nuclearaccident,17,11,2,,0.0,87893,nuclearaccident,6,12,2,,0.0,87893,nuclearaccident,4,13,2,,1.0,87893,nuclearaccident,21,14,1,,0.0,87893,nuclearaccident,5,15,1,,0.0,87893,nuclearaccident,6,16,1,,0.0,87893,nuclearaccident,8,17,1,,0.0,87893,nuclearaccident,15,18,2,,0.0,87893,nuclearaccident,22,19,2,,0.0,87893,nucleardisaster,11,20,2,,0.0,87893,nucleardisaster,7,21,2,,1.0,87893,nucleardisaster,11,22,1,,1.0,87893,nucleardisaster,24,23,1,,1.0,87893,nucleardisaster,23,24,1,,0.0,87893,nucleardisaster,21,25,1,,1.0,87893,nucleardisaster,11,26,2,,0.0,87893,nucleardisaster,15,27,1,,1.0,87893,nucleardisaster,9,28,2,,0.0,87893,nucleardisaster,18,29,1,,0.0,87893,nucleardisaster,22,30,2,,0.0,87893,nucleardisaster,14,31,2,,0.0,87893,nucleardisaster,11,32,1,,0.0,87893,nucleardisaster,22,33,1,,0.0,87893,nucleardisaster,11,34,1,,1.0,87893,nucleardisaster,9,35,2,,0.0,87893,nucleardisaster,22,36,1,,0.0,87893,nucleardisaster,21,37,2,,0.0,87893,nucleardisaster,21,38,2,,1.0,87893,nucleardisaster,16,39,1,,1.0,87893,nucleardisaster,13,40,,,,,,,,,,,,,,,,,,,,,,,,,,,,,,,,,,,,,,,,,,,,,,,,,,,,,,,,,,,,,,,,,,,,,,,,,,,,,,,,,,,,,,,,,,,,,,,,,,,,,,,,,,,,,,,,,,,,,,,,,,,,,,,,,,,,,,,,,,,,,,,,,,,,,,,,,,,,,,,,,,,,,,,,,,,,,,,,,,,,,,,,,,,,,,,,,,,,,,,,,,,,,,,,,,,,,,,,,,,,,,,,,,,,,,,,,,,,,,,,,,,,,,,,,,,,,,,,,,,,,,,,,,,,,,,,,,,,,,,,,,,,,,,,,,,,,,,,,,,,,,,,,,,,,,,,,,,,,,,,,,,,,,,,,,,,,,,,,,,,,,,,,,,,,,,,,,,,,,,,,,,,,,,,,,,,,,,,,,,,,,,,,,,,,,,,,,,,,,,,,,,,,,,,,,,,,,,,,,,,,,,,,,,,,,,,,,,,,,,,,,,,,,,,,,,,,,,,,,,,,,,,,,,,,,,,,,,,,,,,,,,,,,,,,,,,,,,,,,,,,,,,,,,,,,,,,,,,,,,,,,,,,,,,,,,,,,,,,,,,,,,,,,,,,,,,,,,,,,,,,,,,,,,,,,,,,,,,,,,,,,,,,,,,,,,,,,,,,,,,,,,,,,,,,,,,,,,,,,,,,,,,,,,,,,,,,,,,,,,,,,,,,,,,,,,,,,,,,,,,,,,,,,,,,,,,,,,,,,,,,,,,,,,,,,,,,,,,,,,,,,,,,,,,,,,,,,,,,,,,,,,,,,,,,,,,,,,,,,,,,,,,,,,,,,,,,,,,,,,,,,,,,,,,,,,,,,,,,,,,,,,,,,,,,,,,,,,,,,,,,,,,,,,,,,,,,,,,,,,,,,,,,,,,,,,,,,,,,,,,,,,,,,,,,,,,,,,,,,,,,,,,,,,,,,,,,,,,,,,,,,,,,,,,,,,,,,,,,,,,,,,,,,,,,,,,,,,,,,,,,,,,,,,,,,,,,,,,,,,,,,,,,,,,,,,,,,,,,,,,,,,,,,,,,,,,,,,,,,,,,,,,,,,,,,,,,,,,,,,,,,,,,,,,,,,,,,,,,,,,,,,,,,,,,,,,,,,,,,,,,,,,,,,,,,,,,,,,,,,,,,,,,,,,,,,,,,,,,,,,,,,,,,,,,,,,,,,,,,,,,,,,,,,,,,,,,,,,,,,,,,,,,,,,,,,,,,,,,,,,,,,,,,,,,,,,,,,,,,,,,,,,,,,,,,
35,dmiqhd2x,,0,240,240,hashtag_experiment,LastPage,2024-04-17 17:13:16.607071,1,,,10.0,g8k2na6b,,,,,0,0.0,1.0,hashtag_experiment,"[[[30, 31], [32, 33], [34, 35], [36, 38], [37, 39], [40, 42], [41, 43], [44, 46], [45, 47], [48, 50], [1, 49], [2, 4], [3, 5], [6, 7], [8, 10], [9, 11], [12, 13], [14, 15], [16, 17], [18, 19], [20, 21], [22, 23], [24, 25], [26, 27], [28, 29]], [[3, 5], [4, 6], [7, 9], [8, 10], [11, 13], [12, 14], [15, 16], [17, 19], [18, 20], [21, 23], [22, 24], [25, 26], [27, 29], [28, 30], [31, 33], [32, 34], [35, 36], [37, 39], [38, 40], [41, 42], [43, 45], [44, 46], [47, 49], [48, 50], [1, 2]], [[23, 25], [22, 24], [26, 27], [28, 30], [29, 31], [32, 34], [33, 35], [36, 37], [38, 39], [40, 41], [42, 43], [44, 46], [45, 47], [48, 50], [1, 49], [2, 3], [4, 5], [6, 8], [7, 9], [10, 12], [11, 13], [14, 15], [16, 18], [17, 19], [20, 21]], [[3, 5], [4, 6], [7, 8], [9, 10], [11, 12], [13, 15], [14, 16], [17, 19], [18, 20], [21, 23], [22, 24], [25, 27], [26, 28], [29, 31], [30, 32], [33, 34], [35, 37], [36, 38], [39, 41], [40, 42], [43, 44], [45, 46], [47, 49], [48, 50], [1, 2]], [[9, 10], [11, 12], [13, 14], [15, 17], [16, 18], [19, 21], [20, 22], [23, 24], [25, 26], [27, 29], [28, 30], [31, 33], [32, 34], [35, 36], [37, 39], [38, 40], [41, 42], [43, 44], [45, 46], [47, 49], [48, 50], [1, 3], [2, 4], [5, 6], [7, 8]], [[41, 42], [43, 44], [45, 47], [46, 48], [49, 50], [1, 3], [2, 4], [5, 6], [7, 9], [8, 10], [11, 13], [12, 14], [15, 17], [16, 18], [19, 21], [20, 22], [23, 25], [24, 26], [27, 29], [28, 30], [31, 33], [32, 34], [35, 36], [37, 39], [38, 40]], [[16, 17], [18, 19], [20, 22], [21, 23], [24, 25], [26, 28], [27, 29], [30, 31], [32, 33], [34, 35], [36, 38], [37, 39], [40, 41], [42, 44], [43, 45], [46, 47], [48, 50], [1, 49], [2, 4], [3, 5], [6, 7], [8, 10], [9, 11], [12, 14], [13, 15]], [[5, 7], [6, 8], [9, 10], [11, 13], [12, 14], [15, 16], [17, 18], [19, 21], [20, 22], [23, 25], [24, 26], [27, 28], [29, 31], [30, 32], [33, 34], [35, 37], [36, 38], [39, 40], [41, 42], [43, 44], [45, 46], [47, 48], [1, 49], [2, 50], [3, 4]], [[30, 32], [29, 31], [33, 34], [35, 36], [37, 38], [39, 40], [41, 42], [43, 45], [44, 46], [47, 48], [1, 49], [2, 50], [3, 4], [5, 7], [6, 8], [9, 11], [10, 12], [13, 14], [15, 16], [17, 18], [19, 21], [20, 22], [23, 24], [25, 27], [26, 28]], [[44, 46], [43, 45], [47, 49], [48, 50], [1, 2], [3, 4], [5, 6], [7, 8], [9, 10], [11, 13], [12, 14], [15, 17], [16, 18], [19, 20], [21, 22], [23, 25], [24, 26], [27, 28], [29, 31], [30, 32], [33, 34], [35, 37], [36, 38], [39, 40], [41, 42]], [[1, 50], [2, 4], [3, 5], [6, 7], [8, 9], [10, 11], [12, 14], [13, 15], [16, 18], [17, 19], [20, 22], [21, 23], [24, 25], [26, 27], [28, 30], [29, 31], [32, 34], [33, 35], [36, 37], [38, 40], [39, 41], [42, 43], [44, 46], [45, 47], [48, 49]], [[23, 25], [24, 26], [27, 29], [28, 30], [31, 33], [32, 34], [35, 37], [36, 38], [39, 41], [40, 42], [43, 44], [45, 46], [47, 49], [48, 50], [1, 2], [3, 5], [4, 6], [7, 8], [9, 11], [10, 12], [13, 14], [15, 17], [16, 18], [19, 20], [21, 22]], [[26, 28], [27, 29], [30, 31], [32, 34], [33, 35], [36, 37], [38, 39], [40, 42], [41, 43], [44, 45], [46, 47], [48, 49], [1, 50], [2, 3], [4, 5], [6, 7], [8, 9], [10, 11], [12, 14], [13, 15], [16, 18], [17, 19], [20, 21], [22, 23], [24, 25]], [[43, 44], [45, 46], [47, 48], [1, 49], [2, 50], [3, 4], [5, 7], [6, 8], [9, 10], [11, 12], [13, 14], [15, 16], [17, 19], [18, 20], [21, 23], [22, 24], [25, 27], [26, 28], [29, 30], [31, 33], [32, 34], [35, 37], [36, 38], [39, 40], [41, 42]], [[26, 27], [28, 30], [29, 31], [32, 33], [34, 36], [35, 37], [38, 40], [39, 41], [42, 44], [43, 45], [46, 48], [47, 49], [2, 50], [1, 3], [4, 5], [6, 7], [8, 10], [9, 11], [12, 14], [13, 15], [16, 17], [18, 20], [19, 21], [22, 24], [23, 25]], [[25, 27], [26, 28], [29, 30], [31, 32], [33, 35], [34, 36], [37, 39], [38, 40], [41, 43], [42, 44], [45, 47], [46, 48], [1, 49], [2, 50], [3, 4], [5, 7], [6, 8], [9, 11], [10, 12], [13, 14], [15, 16], [17, 18], [19, 20], [21, 23], [22, 24]], [[20, 21], [22, 24], [23, 25], [26, 28], [27, 29], [30, 31], [32, 33], [34, 35], [36, 38], [37, 39], [40, 41], [42, 43], [44, 46], [45, 47], [48, 49], [1, 50], [2, 3], [4, 6], [5, 7], [8, 9], [10, 12], [11, 13], [14, 15], [16, 18], [17, 19]], [[6, 7], [8, 9], [10, 11], [12, 14], [13, 15], [16, 17], [18, 20], [19, 21], [22, 24], [23, 25], [26, 28], [27, 29], [30, 32], [31, 33], [34, 36], [35, 37], [38, 40], [39, 41], [42, 44], [43, 45], [46, 48], [47, 49], [1, 50], [2, 4], [3, 5]], [[41, 43], [40, 42], [44, 45], [46, 48], [47, 49], [1, 50], [2, 4], [3, 5], [6, 8], [7, 9], [10, 12], [11, 13], [14, 16], [15, 17], [18, 19], [20, 22], [21, 23], [24, 25], [26, 28], [27, 29], [30, 31], [32, 34], [33, 35], [36, 38], [37, 39]], [[13, 14], [15, 16], [17, 18], [19, 21], [20, 22], [23, 24], [25, 26], [27, 28], [29, 30], [31, 32], [33, 34], [35, 37], [36, 38], [39, 41], [40, 42], [43, 44], [45, 47], [46, 48], [49, 50], [1, 2], [3, 5], [4, 6], [7, 8], [9, 10], [11, 12]], [[21, 22], [23, 24], [25, 26], [27, 29], [28, 30], [31, 33], [32, 34], [35, 36], [37, 39], [38, 40], [41, 42], [43, 44], [45, 47], [46, 48], [49, 50], [1, 3], [2, 4], [5, 7], [6, 8], [9, 11], [10, 12], [13, 15], [14, 16], [17, 19], [18, 20]], [[12, 14], [13, 15], [16, 18], [17, 19], [20, 22], [21, 23], [24, 26], [25, 27], [28, 30], [29, 31], [32, 34], [33, 35], [36, 38], [37, 39], [40, 42], [41, 43], [44, 46], [45, 47], [48, 50], [1, 49], [2, 4], [3, 5], [6, 8], [7, 9], [10, 11]], [[39, 40], [41, 42], [43, 44], [45, 47], [46, 48], [1, 49], [2, 50], [3, 5], [4, 6], [7, 9], [8, 10], [11, 12], [13, 15], [14, 16], [17, 18], [19, 21], [20, 22], [23, 24], [25, 27], [26, 28], [29, 31], [30, 32], [33, 35], [34, 36], [37, 38]], [[41, 43], [42, 44], [45, 46], [47, 48], [1, 49], [2, 50], [3, 4], [5, 6], [7, 9], [8, 10], [11, 13], [12, 14], [15, 17], [16, 18], [19, 21], [20, 22], [23, 24], [25, 27], [26, 28], [29, 30], [31, 32], [33, 35], [34, 36], [37, 38], [39, 40]], [[43, 45], [46, 47], [48, 49], [2, 50], [1, 3], [4, 6], [5, 7], [8, 10], [9, 11], [12, 13], [14, 16], [15, 17], [18, 20], [19, 21], [22, 23], [24, 25], [26, 27], [28, 29], [30, 32], [31, 33], [34, 35], [36, 37], [38, 40], [39, 41], [42, 44]], [[14, 16], [17, 19], [18, 20], [21, 22], [23, 25], [24, 26], [27, 28], [29, 30], [31, 32], [33, 35], [34, 36], [37, 38], [39, 40], [41, 42], [43, 45], [44, 46], [47, 48], [1, 49], [2, 50], [3, 5], [4, 6], [7, 8], [9, 10], [11, 12], [13, 15]], [[5, 6], [7, 9], [8, 10], [11, 13], [12, 14], [15, 17], [16, 18], [19, 21], [20, 22], [23, 25], [24, 26], [27, 28], [29, 31], [30, 32], [33, 34], [35, 37], [36, 38], [39, 41], [40, 42], [43, 44], [45, 47], [46, 48], [1, 49], [2, 50], [3, 4]], [[18, 19], [20, 22], [21, 23], [24, 25], [26, 28], [27, 29], [30, 32], [31, 33], [34, 36], [35, 37], [38, 40], [39, 41], [42, 44], [43, 45], [46, 48], [47, 49], [2, 50], [1, 3], [4, 5], [6, 8], [7, 9], [10, 12], [11, 13], [14, 16], [15, 17]], [[49, 50], [1, 2], [3, 4], [5, 6], [7, 8], [9, 10], [11, 12], [13, 15], [14, 16], [17, 18], [19, 20], [21, 22], [23, 25], [24, 26], [27, 28], [29, 30], [31, 32], [33, 34], [35, 36], [37, 38], [39, 41], [40, 42], [43, 44], [45, 47], [46, 48]], [[43, 45], [44, 46], [47, 49], [48, 50], [1, 2], [3, 4], [5, 7], [6, 8], [9, 10], [11, 13], [12, 14], [15, 16], [17, 18], [19, 20], [21, 23], [22, 24], [25, 27], [26, 28], [29, 31], [30, 32], [33, 35], [34, 36], [37, 38], [39, 41], [40, 42]], [[7, 8], [9, 10], [11, 13], [12, 14], [15, 17], [16, 18], [19, 21], [20, 22], [23, 24], [25, 27], [26, 28], [29, 31], [30, 32], [33, 34], [35, 36], [37, 39], [38, 40], [41, 43], [42, 44], [45, 46], [47, 49], [48, 50], [1, 2], [3, 4], [5, 6]], [[14, 16], [13, 15], [17, 19], [18, 20], [21, 22], [23, 25], [24, 26], [27, 28], [29, 31], [30, 32], [33, 34], [35, 37], [36, 38], [39, 40], [41, 42], [43, 45], [44, 46], [47, 48], [1, 49], [2, 50], [3, 4], [5, 7], [6, 8], [9, 11], [10, 12]], [[43, 45], [44, 46], [47, 48], [1, 49], [2, 50], [3, 4], [5, 6], [7, 9], [8, 10], [11, 12], [13, 14], [15, 16], [17, 19], [18, 20], [21, 23], [22, 24], [25, 26], [27, 29], [28, 30], [31, 32], [33, 35], [34, 36], [37, 39], [38, 40], [41, 42]], [[14, 15], [16, 17], [18, 19], [20, 21], [22, 24], [23, 25], [26, 27], [28, 29], [30, 32], [31, 33], [34, 36], [35, 37], [38, 39], [40, 42], [41, 43], [44, 45], [46, 47], [48, 49], [2, 50], [1, 3], [4, 5], [6, 8], [7, 9], [10, 12], [11, 13]], [[18, 20], [19, 21], [22, 24], [23, 25], [26, 28], [27, 29], [30, 32], [31, 33], [34, 35], [36, 37], [38, 40], [39, 41], [42, 44], [43, 45], [46, 47], [48, 49], [2, 50], [1, 3], [4, 6], [5, 7], [8, 10], [9, 11], [12, 13], [14, 16], [15, 17]], [[40, 41], [42, 43], [44, 45], [46, 48], [47, 49], [1, 50], [2, 3], [4, 5], [6, 7], [8, 10], [9, 11], [12, 13], [14, 15], [16, 17], [18, 20], [19, 21], [22, 24], [23, 25], [26, 28], [27, 29], [30, 31], [32, 34], [33, 35], [36, 37], [38, 39]], [[43, 45], [46, 47], [48, 50], [1, 49], [2, 4], [3, 5], [6, 7], [8, 10], [9, 11], [12, 14], [13, 15], [16, 18], [17, 19], [20, 22], [21, 23], [24, 25], [26, 27], [28, 30], [29, 31], [32, 33], [34, 35], [36, 38], [37, 39], [40, 41], [42, 44]], [[41, 43], [44, 45], [46, 47], [48, 49], [2, 50], [1, 3], [4, 6], [5, 7], [8, 9], [10, 12], [11, 13], [14, 15], [16, 18], [17, 19], [20, 22], [21, 23], [24, 25], [26, 28], [27, 29], [30, 31], [32, 34], [33, 35], [36, 38], [37, 39], [40, 42]], [[2, 3], [4, 5], [6, 7], [8, 9], [10, 11], [12, 14], [13, 15], [16, 17], [18, 20], [19, 21], [22, 23], [24, 25], [26, 27], [28, 30], [29, 31], [32, 34], [33, 35], [36, 38], [37, 39], [40, 41], [42, 44], [43, 45], [46, 48], [47, 49], [1, 50]], [[11, 12], [13, 14], [15, 17], [16, 18], [19, 21], [20, 22], [23, 24], [25, 27], [26, 28], [29, 30], [31, 32], [33, 35], [34, 36], [37, 38], [39, 41], [40, 42], [43, 44], [45, 46], [47, 48], [1, 49], [2, 50], [3, 5], [4, 6], [7, 9], [8, 10]]]",,2,,0.0,61051,NaturalDisaster,3,1,1,,0.0,61051,NuclearDisaster,17,2,2,,0.0,61051,cancer,7,3,1,,0.0,61051,california,17,4,1,,0.0,61051,earthquake,14,5,1,,0.0,61051,tsunami,23,6,2,,0.0,61051,displaced,10,7,1,,0.0,61051,radioactive,16,8,1,,0.0,61051,nuclearisotopesinocean,4,9,1,,1.0,61051,nucleardisaster,22,10,2,,0.0,61051,tsunami,18,11,1,,0.0,61051,earthquakepreparedness,7,12,2,,0.0,61051,earthquakes,5,13,1,,0.0,61051,radioactive,22,14,1,,1.0,61051,nucleardisaster,6,15,2,,1.0,61051,tsunami,5,16,2,,0.0,61051,thyroidcancer,8,17,1,,0.0,61051,thyroidcancer,16,18,2,,0.0,61051,nucleardisaster,23,19,1,,0.0,61051,cancer,12,20,1,,1.0,61051,nucleardisaster,8,21,2,,0.0,61051,cancer,12,22,2,,0.0,61051,nuclearreactor,23,23,2,,1.0,61051,nuclearreaction,22,24,2,,0.0,61051,cancer,21,25,2,,0.0,61051,nuclearreaction,10,26,1,,0.0,61051,contaminated,16,27,1,,1.0,61051,nucleardisaster,10,28,1,,0.0,61051,thyroid,19,29,2,,0.0,61051,thyroid,21,30,1,,1.0,61051,nucleardisaster,15,31,1,,1.0,61051,nucleardisaster,12,32,2,,0.0,61051,nucleardisaster,21,33,1,,0.0,61051,tsunami,12,34,2,,1.0,61051,nucleardisaster,9,35,2,,0.0,61051,nucleardisaster,23,36,2,,0.0,61051,thyroidcancer,21,37,2,,0.0,61051,nucleardisaster,22,38,2,,0.0,61051,fukushimahealth,17,39,2,,1.0,61051,nucleardisaster,12,40,,,,,,,,,,,,,,,,,,,,,,,,,,,,,,,,,,,,,,,,,,,,,,,,,,,,,,,,,,,,,,,,,,,,,,,,,,,,,,,,,,,,,,,,,,,,,,,,,,,,,,,,,,,,,,,,,,,,,,,,,,,,,,,,,,,,,,,,,,,,,,,,,,,,,,,,,,,,,,,,,,,,,,,,,,,,,,,,,,,,,,,,,,,,,,,,,,,,,,,,,,,,,,,,,,,,,,,,,,,,,,,,,,,,,,,,,,,,,,,,,,,,,,,,,,,,,,,,,,,,,,,,,,,,,,,,,,,,,,,,,,,,,,,,,,,,,,,,,,,,,,,,,,,,,,,,,,,,,,,,,,,,,,,,,,,,,,,,,,,,,,,,,,,,,,,,,,,,,,,,,,,,,,,,,,,,,,,,,,,,,,,,,,,,,,,,,,,,,,,,,,,,,,,,,,,,,,,,,,,,,,,,,,,,,,,,,,,,,,,,,,,,,,,,,,,,,,,,,,,,,,,,,,,,,,,,,,,,,,,,,,,,,,,,,,,,,,,,,,,,,,,,,,,,,,,,,,,,,,,,,,,,,,,,,,,,,,,,,,,,,,,,,,,,,,,,,,,,,,,,,,,,,,,,,,,,,,,,,,,,,,,,,,,,,,,,,,,,,,,,,,,,,,,,,,,,,,,,,,,,,,,,,,,,,,,,,,,,,,,,,,,,,,,,,,,,,,,,,,,,,,,,,,,,,,,,,,,,,,,,,,,,,,,,,,,,,,,,,,,,,,,,,,,,,,,,,,,,,,,,,,,,,,,,,,,,,,,,,,,,,,,,,,,,,,,,,,,,,,,,,,,,,,,,,,,,,,,,,,,,,,,,,,,,,,,,,,,,,,,,,,,,,,,,,,,,,,,,,,,,,,,,,,,,,,,,,,,,,,,,,,,,,,,,,,,,,,,,,,,,,,,,,,,,,,,,,,,,,,,,,,,,,,,,,,,,,,,,,,,,,,,,,,,,,,,,,,,,,,,,,,,,,,,,,,,,,,,,,,,,,,,,,,,,,,,,,,,,,,,,,,,,,,,,,,,,,,,,,,,,,,,,,,,,,,,,,,,,,,,,,,,,,,,,,,,,,,,,,,,,,,,,,,,,,,,,,,,,,,,,,,,,,,,,,,,,,,,,,,,,,,,,,,,,,,,,,,,,,,,,,,,,,,,,,,,,,,,,,,,,,,,,,,,,,,,,,,,,,,,,,,,,,,,,,,,,,,,,,,,,,,,,,,,,,,,,,,,,,,,,,,,,,,,,,,
36,bs5bqlwl,,0,240,240,hashtag_experiment,LastPage,2024-04-17 17:13:22.691180,1,,,11.0,g8k2na6b,,,,,0,0.0,1.0,hashtag_experiment,"[[[30, 31], [32, 33], [34, 35], [36, 38], [37, 39], [40, 42], [41, 43], [44, 46], [45, 47], [48, 50], [1, 49], [2, 4], [3, 5], [6, 7], [8, 10], [9, 11], [12, 13], [14, 15], [16, 17], [18, 19], [20, 21], [22, 23], [24, 25], [26, 27], [28, 29]], [[3, 5], [4, 6], [7, 9], [8, 10], [11, 13], [12, 14], [15, 16], [17, 19], [18, 20], [21, 23], [22, 24], [25, 26], [27, 29], [28, 30], [31, 33], [32, 34], [35, 36], [37, 39], [38, 40], [41, 42], [43, 45], [44, 46], [47, 49], [48, 50], [1, 2]], [[23, 25], [22, 24], [26, 27], [28, 30], [29, 31], [32, 34], [33, 35], [36, 37], [38, 39], [40, 41], [42, 43], [44, 46], [45, 47], [48, 50], [1, 49], [2, 3], [4, 5], [6, 8], [7, 9], [10, 12], [11, 13], [14, 15], [16, 18], [17, 19], [20, 21]], [[3, 5], [4, 6], [7, 8], [9, 10], [11, 12], [13, 15], [14, 16], [17, 19], [18, 20], [21, 23], [22, 24], [25, 27], [26, 28], [29, 31], [30, 32], [33, 34], [35, 37], [36, 38], [39, 41], [40, 42], [43, 44], [45, 46], [47, 49], [48, 50], [1, 2]], [[9, 10], [11, 12], [13, 14], [15, 17], [16, 18], [19, 21], [20, 22], [23, 24], [25, 26], [27, 29], [28, 30], [31, 33], [32, 34], [35, 36], [37, 39], [38, 40], [41, 42], [43, 44], [45, 46], [47, 49], [48, 50], [1, 3], [2, 4], [5, 6], [7, 8]], [[41, 42], [43, 44], [45, 47], [46, 48], [49, 50], [1, 3], [2, 4], [5, 6], [7, 9], [8, 10], [11, 13], [12, 14], [15, 17], [16, 18], [19, 21], [20, 22], [23, 25], [24, 26], [27, 29], [28, 30], [31, 33], [32, 34], [35, 36], [37, 39], [38, 40]], [[16, 17], [18, 19], [20, 22], [21, 23], [24, 25], [26, 28], [27, 29], [30, 31], [32, 33], [34, 35], [36, 38], [37, 39], [40, 41], [42, 44], [43, 45], [46, 47], [48, 50], [1, 49], [2, 4], [3, 5], [6, 7], [8, 10], [9, 11], [12, 14], [13, 15]], [[5, 7], [6, 8], [9, 10], [11, 13], [12, 14], [15, 16], [17, 18], [19, 21], [20, 22], [23, 25], [24, 26], [27, 28], [29, 31], [30, 32], [33, 34], [35, 37], [36, 38], [39, 40], [41, 42], [43, 44], [45, 46], [47, 48], [1, 49], [2, 50], [3, 4]], [[30, 32], [29, 31], [33, 34], [35, 36], [37, 38], [39, 40], [41, 42], [43, 45], [44, 46], [47, 48], [1, 49], [2, 50], [3, 4], [5, 7], [6, 8], [9, 11], [10, 12], [13, 14], [15, 16], [17, 18], [19, 21], [20, 22], [23, 24], [25, 27], [26, 28]], [[44, 46], [43, 45], [47, 49], [48, 50], [1, 2], [3, 4], [5, 6], [7, 8], [9, 10], [11, 13], [12, 14], [15, 17], [16, 18], [19, 20], [21, 22], [23, 25], [24, 26], [27, 28], [29, 31], [30, 32], [33, 34], [35, 37], [36, 38], [39, 40], [41, 42]], [[1, 50], [2, 4], [3, 5], [6, 7], [8, 9], [10, 11], [12, 14], [13, 15], [16, 18], [17, 19], [20, 22], [21, 23], [24, 25], [26, 27], [28, 30], [29, 31], [32, 34], [33, 35], [36, 37], [38, 40], [39, 41], [42, 43], [44, 46], [45, 47], [48, 49]], [[23, 25], [24, 26], [27, 29], [28, 30], [31, 33], [32, 34], [35, 37], [36, 38], [39, 41], [40, 42], [43, 44], [45, 46], [47, 49], [48, 50], [1, 2], [3, 5], [4, 6], [7, 8], [9, 11], [10, 12], [13, 14], [15, 17], [16, 18], [19, 20], [21, 22]], [[26, 28], [27, 29], [30, 31], [32, 34], [33, 35], [36, 37], [38, 39], [40, 42], [41, 43], [44, 45], [46, 47], [48, 49], [1, 50], [2, 3], [4, 5], [6, 7], [8, 9], [10, 11], [12, 14], [13, 15], [16, 18], [17, 19], [20, 21], [22, 23], [24, 25]], [[43, 44], [45, 46], [47, 48], [1, 49], [2, 50], [3, 4], [5, 7], [6, 8], [9, 10], [11, 12], [13, 14], [15, 16], [17, 19], [18, 20], [21, 23], [22, 24], [25, 27], [26, 28], [29, 30], [31, 33], [32, 34], [35, 37], [36, 38], [39, 40], [41, 42]], [[26, 27], [28, 30], [29, 31], [32, 33], [34, 36], [35, 37], [38, 40], [39, 41], [42, 44], [43, 45], [46, 48], [47, 49], [2, 50], [1, 3], [4, 5], [6, 7], [8, 10], [9, 11], [12, 14], [13, 15], [16, 17], [18, 20], [19, 21], [22, 24], [23, 25]], [[25, 27], [26, 28], [29, 30], [31, 32], [33, 35], [34, 36], [37, 39], [38, 40], [41, 43], [42, 44], [45, 47], [46, 48], [1, 49], [2, 50], [3, 4], [5, 7], [6, 8], [9, 11], [10, 12], [13, 14], [15, 16], [17, 18], [19, 20], [21, 23], [22, 24]], [[20, 21], [22, 24], [23, 25], [26, 28], [27, 29], [30, 31], [32, 33], [34, 35], [36, 38], [37, 39], [40, 41], [42, 43], [44, 46], [45, 47], [48, 49], [1, 50], [2, 3], [4, 6], [5, 7], [8, 9], [10, 12], [11, 13], [14, 15], [16, 18], [17, 19]], [[6, 7], [8, 9], [10, 11], [12, 14], [13, 15], [16, 17], [18, 20], [19, 21], [22, 24], [23, 25], [26, 28], [27, 29], [30, 32], [31, 33], [34, 36], [35, 37], [38, 40], [39, 41], [42, 44], [43, 45], [46, 48], [47, 49], [1, 50], [2, 4], [3, 5]], [[41, 43], [40, 42], [44, 45], [46, 48], [47, 49], [1, 50], [2, 4], [3, 5], [6, 8], [7, 9], [10, 12], [11, 13], [14, 16], [15, 17], [18, 19], [20, 22], [21, 23], [24, 25], [26, 28], [27, 29], [30, 31], [32, 34], [33, 35], [36, 38], [37, 39]], [[13, 14], [15, 16], [17, 18], [19, 21], [20, 22], [23, 24], [25, 26], [27, 28], [29, 30], [31, 32], [33, 34], [35, 37], [36, 38], [39, 41], [40, 42], [43, 44], [45, 47], [46, 48], [49, 50], [1, 2], [3, 5], [4, 6], [7, 8], [9, 10], [11, 12]], [[21, 22], [23, 24], [25, 26], [27, 29], [28, 30], [31, 33], [32, 34], [35, 36], [37, 39], [38, 40], [41, 42], [43, 44], [45, 47], [46, 48], [49, 50], [1, 3], [2, 4], [5, 7], [6, 8], [9, 11], [10, 12], [13, 15], [14, 16], [17, 19], [18, 20]], [[12, 14], [13, 15], [16, 18], [17, 19], [20, 22], [21, 23], [24, 26], [25, 27], [28, 30], [29, 31], [32, 34], [33, 35], [36, 38], [37, 39], [40, 42], [41, 43], [44, 46], [45, 47], [48, 50], [1, 49], [2, 4], [3, 5], [6, 8], [7, 9], [10, 11]], [[39, 40], [41, 42], [43, 44], [45, 47], [46, 48], [1, 49], [2, 50], [3, 5], [4, 6], [7, 9], [8, 10], [11, 12], [13, 15], [14, 16], [17, 18], [19, 21], [20, 22], [23, 24], [25, 27], [26, 28], [29, 31], [30, 32], [33, 35], [34, 36], [37, 38]], [[41, 43], [42, 44], [45, 46], [47, 48], [1, 49], [2, 50], [3, 4], [5, 6], [7, 9], [8, 10], [11, 13], [12, 14], [15, 17], [16, 18], [19, 21], [20, 22], [23, 24], [25, 27], [26, 28], [29, 30], [31, 32], [33, 35], [34, 36], [37, 38], [39, 40]], [[43, 45], [46, 47], [48, 49], [2, 50], [1, 3], [4, 6], [5, 7], [8, 10], [9, 11], [12, 13], [14, 16], [15, 17], [18, 20], [19, 21], [22, 23], [24, 25], [26, 27], [28, 29], [30, 32], [31, 33], [34, 35], [36, 37], [38, 40], [39, 41], [42, 44]], [[14, 16], [17, 19], [18, 20], [21, 22], [23, 25], [24, 26], [27, 28], [29, 30], [31, 32], [33, 35], [34, 36], [37, 38], [39, 40], [41, 42], [43, 45], [44, 46], [47, 48], [1, 49], [2, 50], [3, 5], [4, 6], [7, 8], [9, 10], [11, 12], [13, 15]], [[5, 6], [7, 9], [8, 10], [11, 13], [12, 14], [15, 17], [16, 18], [19, 21], [20, 22], [23, 25], [24, 26], [27, 28], [29, 31], [30, 32], [33, 34], [35, 37], [36, 38], [39, 41], [40, 42], [43, 44], [45, 47], [46, 48], [1, 49], [2, 50], [3, 4]], [[18, 19], [20, 22], [21, 23], [24, 25], [26, 28], [27, 29], [30, 32], [31, 33], [34, 36], [35, 37], [38, 40], [39, 41], [42, 44], [43, 45], [46, 48], [47, 49], [2, 50], [1, 3], [4, 5], [6, 8], [7, 9], [10, 12], [11, 13], [14, 16], [15, 17]], [[49, 50], [1, 2], [3, 4], [5, 6], [7, 8], [9, 10], [11, 12], [13, 15], [14, 16], [17, 18], [19, 20], [21, 22], [23, 25], [24, 26], [27, 28], [29, 30], [31, 32], [33, 34], [35, 36], [37, 38], [39, 41], [40, 42], [43, 44], [45, 47], [46, 48]], [[43, 45], [44, 46], [47, 49], [48, 50], [1, 2], [3, 4], [5, 7], [6, 8], [9, 10], [11, 13], [12, 14], [15, 16], [17, 18], [19, 20], [21, 23], [22, 24], [25, 27], [26, 28], [29, 31], [30, 32], [33, 35], [34, 36], [37, 38], [39, 41], [40, 42]], [[7, 8], [9, 10], [11, 13], [12, 14], [15, 17], [16, 18], [19, 21], [20, 22], [23, 24], [25, 27], [26, 28], [29, 31], [30, 32], [33, 34], [35, 36], [37, 39], [38, 40], [41, 43], [42, 44], [45, 46], [47, 49], [48, 50], [1, 2], [3, 4], [5, 6]], [[14, 16], [13, 15], [17, 19], [18, 20], [21, 22], [23, 25], [24, 26], [27, 28], [29, 31], [30, 32], [33, 34], [35, 37], [36, 38], [39, 40], [41, 42], [43, 45], [44, 46], [47, 48], [1, 49], [2, 50], [3, 4], [5, 7], [6, 8], [9, 11], [10, 12]], [[43, 45], [44, 46], [47, 48], [1, 49], [2, 50], [3, 4], [5, 6], [7, 9], [8, 10], [11, 12], [13, 14], [15, 16], [17, 19], [18, 20], [21, 23], [22, 24], [25, 26], [27, 29], [28, 30], [31, 32], [33, 35], [34, 36], [37, 39], [38, 40], [41, 42]], [[14, 15], [16, 17], [18, 19], [20, 21], [22, 24], [23, 25], [26, 27], [28, 29], [30, 32], [31, 33], [34, 36], [35, 37], [38, 39], [40, 42], [41, 43], [44, 45], [46, 47], [48, 49], [2, 50], [1, 3], [4, 5], [6, 8], [7, 9], [10, 12], [11, 13]], [[18, 20], [19, 21], [22, 24], [23, 25], [26, 28], [27, 29], [30, 32], [31, 33], [34, 35], [36, 37], [38, 40], [39, 41], [42, 44], [43, 45], [46, 47], [48, 49], [2, 50], [1, 3], [4, 6], [5, 7], [8, 10], [9, 11], [12, 13], [14, 16], [15, 17]], [[40, 41], [42, 43], [44, 45], [46, 48], [47, 49], [1, 50], [2, 3], [4, 5], [6, 7], [8, 10], [9, 11], [12, 13], [14, 15], [16, 17], [18, 20], [19, 21], [22, 24], [23, 25], [26, 28], [27, 29], [30, 31], [32, 34], [33, 35], [36, 37], [38, 39]], [[43, 45], [46, 47], [48, 50], [1, 49], [2, 4], [3, 5], [6, 7], [8, 10], [9, 11], [12, 14], [13, 15], [16, 18], [17, 19], [20, 22], [21, 23], [24, 25], [26, 27], [28, 30], [29, 31], [32, 33], [34, 35], [36, 38], [37, 39], [40, 41], [42, 44]], [[41, 43], [44, 45], [46, 47], [48, 49], [2, 50], [1, 3], [4, 6], [5, 7], [8, 9], [10, 12], [11, 13], [14, 15], [16, 18], [17, 19], [20, 22], [21, 23], [24, 25], [26, 28], [27, 29], [30, 31], [32, 34], [33, 35], [36, 38], [37, 39], [40, 42]], [[2, 3], [4, 5], [6, 7], [8, 9], [10, 11], [12, 14], [13, 15], [16, 17], [18, 20], [19, 21], [22, 23], [24, 25], [26, 27], [28, 30], [29, 31], [32, 34], [33, 35], [36, 38], [37, 39], [40, 41], [42, 44], [43, 45], [46, 48], [47, 49], [1, 50]], [[11, 12], [13, 14], [15, 17], [16, 18], [19, 21], [20, 22], [23, 24], [25, 27], [26, 28], [29, 30], [31, 32], [33, 35], [34, 36], [37, 38], [39, 41], [40, 42], [43, 44], [45, 46], [47, 48], [1, 49], [2, 50], [3, 5], [4, 6], [7, 9], [8, 10]]]",,1,,0.0,31541,nucleardisaster,4,1,2,,0.0,31541,thyroid,17,2,1,,0.0,31541,nucleardisaster,8,3,1,,0.0,31541,tsunami,18,4,2,,0.0,31541,tsunami,14,5,2,,0.0,31541,earthquake,23,6,1,,0.0,31541,earthquake,11,7,1,,0.0,31541,nucleardisaster,17,8,2,,0.0,31541,nucleardisaster,4,9,1,,0.0,31541,nucleardisaster,23,10,1,,1.0,31541,nucleardisaster,19,11,1,,0.0,31541,tsunami,8,12,1,,0.0,31541,tsunami,6,13,1,,0.0,31541,tsunami,23,14,2,,0.0,31541,radiation,5,15,2,,0.0,31541,radiation,6,16,1,,1.0,31541,nucleardisaster,9,17,2,,0.0,31541,nucleardisaster,15,18,1,,0.0,31541,nucleardisaster,24,19,1,,1.0,31541,nucleardisaster,13,20,2,,1.0,31541,nucleardisaster,8,21,1,,0.0,31541,nucleardisaster,13,22,2,,1.0,31541,nucleardisaster,24,23,2,,1.0,31541,nucleardisaster,23,24,1,,1.0,31541,nucleardisaster,22,25,2,,1.0,31541,nucleardisaster,11,26,1,,0.0,31541,nucleardisaster,17,27,2,,1.0,31541,nucleardisaster,9,28,2,,0.0,31541,nucleardisaster,19,29,2,,0.0,31541,tsunami,22,30,2,,1.0,31541,nucleardisaster,15,31,1,,0.0,31541,nucleardisaster,13,32,2,,0.0,31541,earthquake,22,33,2,,0.0,31541,earthquake,11,34,1,,0.0,31541,earthquake,10,35,1,,0.0,31541,earthquake,24,36,1,,0.0,31541,earthquake,22,37,1,,0.0,31541,nucleardisaster,23,38,1,,0.0,31541,earthquake,18,39,2,,1.0,31541,nucleardisaster,13,40,,,,,,,,,,,,,,,,,,,,,,,,,,,,,,,,,,,,,,,,,,,,,,,,,,,,,,,,,,,,,,,,,,,,,,,,,,,,,,,,,,,,,,,,,,,,,,,,,,,,,,,,,,,,,,,,,,,,,,,,,,,,,,,,,,,,,,,,,,,,,,,,,,,,,,,,,,,,,,,,,,,,,,,,,,,,,,,,,,,,,,,,,,,,,,,,,,,,,,,,,,,,,,,,,,,,,,,,,,,,,,,,,,,,,,,,,,,,,,,,,,,,,,,,,,,,,,,,,,,,,,,,,,,,,,,,,,,,,,,,,,,,,,,,,,,,,,,,,,,,,,,,,,,,,,,,,,,,,,,,,,,,,,,,,,,,,,,,,,,,,,,,,,,,,,,,,,,,,,,,,,,,,,,,,,,,,,,,,,,,,,,,,,,,,,,,,,,,,,,,,,,,,,,,,,,,,,,,,,,,,,,,,,,,,,,,,,,,,,,,,,,,,,,,,,,,,,,,,,,,,,,,,,,,,,,,,,,,,,,,,,,,,,,,,,,,,,,,,,,,,,,,,,,,,,,,,,,,,,,,,,,,,,,,,,,,,,,,,,,,,,,,,,,,,,,,,,,,,,,,,,,,,,,,,,,,,,,,,,,,,,,,,,,,,,,,,,,,,,,,,,,,,,,,,,,,,,,,,,,,,,,,,,,,,,,,,,,,,,,,,,,,,,,,,,,,,,,,,,,,,,,,,,,,,,,,,,,,,,,,,,,,,,,,,,,,,,,,,,,,,,,,,,,,,,,,,,,,,,,,,,,,,,,,,,,,,,,,,,,,,,,,,,,,,,,,,,,,,,,,,,,,,,,,,,,,,,,,,,,,,,,,,,,,,,,,,,,,,,,,,,,,,,,,,,,,,,,,,,,,,,,,,,,,,,,,,,,,,,,,,,,,,,,,,,,,,,,,,,,,,,,,,,,,,,,,,,,,,,,,,,,,,,,,,,,,,,,,,,,,,,,,,,,,,,,,,,,,,,,,,,,,,,,,,,,,,,,,,,,,,,,,,,,,,,,,,,,,,,,,,,,,,,,,,,,,,,,,,,,,,,,,,,,,,,,,,,,,,,,,,,,,,,,,,,,,,,,,,,,,,,,,,,,,,,,,,,,,,,,,,,,,,,,,,,,,,,,,,,,,,,,,,,,,,,,,,,,,,,,,,,,,,,,,,,,,,,,,,,,,,,,,,,,,,,,,,,,,,,,,,,,,,,,,,,,,,,,,,,,,,,,,,,,,,,,,,,,,,,,,,,,,,,,,,,
37,3ux69xin,,0,240,240,hashtag_experiment,LastPage,2024-04-17 17:13:40.410114,1,,,14.0,g8k2na6b,,,,,0,0.0,1.0,hashtag_experiment,"[[[30, 31], [32, 33], [34, 35], [36, 38], [37, 39], [40, 42], [41, 43], [44, 46], [45, 47], [48, 50], [1, 49], [2, 4], [3, 5], [6, 7], [8, 10], [9, 11], [12, 13], [14, 15], [16, 17], [18, 19], [20, 21], [22, 23], [24, 25], [26, 27], [28, 29]], [[3, 5], [4, 6], [7, 9], [8, 10], [11, 13], [12, 14], [15, 16], [17, 19], [18, 20], [21, 23], [22, 24], [25, 26], [27, 29], [28, 30], [31, 33], [32, 34], [35, 36], [37, 39], [38, 40], [41, 42], [43, 45], [44, 46], [47, 49], [48, 50], [1, 2]], [[23, 25], [22, 24], [26, 27], [28, 30], [29, 31], [32, 34], [33, 35], [36, 37], [38, 39], [40, 41], [42, 43], [44, 46], [45, 47], [48, 50], [1, 49], [2, 3], [4, 5], [6, 8], [7, 9], [10, 12], [11, 13], [14, 15], [16, 18], [17, 19], [20, 21]], [[3, 5], [4, 6], [7, 8], [9, 10], [11, 12], [13, 15], [14, 16], [17, 19], [18, 20], [21, 23], [22, 24], [25, 27], [26, 28], [29, 31], [30, 32], [33, 34], [35, 37], [36, 38], [39, 41], [40, 42], [43, 44], [45, 46], [47, 49], [48, 50], [1, 2]], [[9, 10], [11, 12], [13, 14], [15, 17], [16, 18], [19, 21], [20, 22], [23, 24], [25, 26], [27, 29], [28, 30], [31, 33], [32, 34], [35, 36], [37, 39], [38, 40], [41, 42], [43, 44], [45, 46], [47, 49], [48, 50], [1, 3], [2, 4], [5, 6], [7, 8]], [[41, 42], [43, 44], [45, 47], [46, 48], [49, 50], [1, 3], [2, 4], [5, 6], [7, 9], [8, 10], [11, 13], [12, 14], [15, 17], [16, 18], [19, 21], [20, 22], [23, 25], [24, 26], [27, 29], [28, 30], [31, 33], [32, 34], [35, 36], [37, 39], [38, 40]], [[16, 17], [18, 19], [20, 22], [21, 23], [24, 25], [26, 28], [27, 29], [30, 31], [32, 33], [34, 35], [36, 38], [37, 39], [40, 41], [42, 44], [43, 45], [46, 47], [48, 50], [1, 49], [2, 4], [3, 5], [6, 7], [8, 10], [9, 11], [12, 14], [13, 15]], [[5, 7], [6, 8], [9, 10], [11, 13], [12, 14], [15, 16], [17, 18], [19, 21], [20, 22], [23, 25], [24, 26], [27, 28], [29, 31], [30, 32], [33, 34], [35, 37], [36, 38], [39, 40], [41, 42], [43, 44], [45, 46], [47, 48], [1, 49], [2, 50], [3, 4]], [[30, 32], [29, 31], [33, 34], [35, 36], [37, 38], [39, 40], [41, 42], [43, 45], [44, 46], [47, 48], [1, 49], [2, 50], [3, 4], [5, 7], [6, 8], [9, 11], [10, 12], [13, 14], [15, 16], [17, 18], [19, 21], [20, 22], [23, 24], [25, 27], [26, 28]], [[44, 46], [43, 45], [47, 49], [48, 50], [1, 2], [3, 4], [5, 6], [7, 8], [9, 10], [11, 13], [12, 14], [15, 17], [16, 18], [19, 20], [21, 22], [23, 25], [24, 26], [27, 28], [29, 31], [30, 32], [33, 34], [35, 37], [36, 38], [39, 40], [41, 42]], [[1, 50], [2, 4], [3, 5], [6, 7], [8, 9], [10, 11], [12, 14], [13, 15], [16, 18], [17, 19], [20, 22], [21, 23], [24, 25], [26, 27], [28, 30], [29, 31], [32, 34], [33, 35], [36, 37], [38, 40], [39, 41], [42, 43], [44, 46], [45, 47], [48, 49]], [[23, 25], [24, 26], [27, 29], [28, 30], [31, 33], [32, 34], [35, 37], [36, 38], [39, 41], [40, 42], [43, 44], [45, 46], [47, 49], [48, 50], [1, 2], [3, 5], [4, 6], [7, 8], [9, 11], [10, 12], [13, 14], [15, 17], [16, 18], [19, 20], [21, 22]], [[26, 28], [27, 29], [30, 31], [32, 34], [33, 35], [36, 37], [38, 39], [40, 42], [41, 43], [44, 45], [46, 47], [48, 49], [1, 50], [2, 3], [4, 5], [6, 7], [8, 9], [10, 11], [12, 14], [13, 15], [16, 18], [17, 19], [20, 21], [22, 23], [24, 25]], [[43, 44], [45, 46], [47, 48], [1, 49], [2, 50], [3, 4], [5, 7], [6, 8], [9, 10], [11, 12], [13, 14], [15, 16], [17, 19], [18, 20], [21, 23], [22, 24], [25, 27], [26, 28], [29, 30], [31, 33], [32, 34], [35, 37], [36, 38], [39, 40], [41, 42]], [[26, 27], [28, 30], [29, 31], [32, 33], [34, 36], [35, 37], [38, 40], [39, 41], [42, 44], [43, 45], [46, 48], [47, 49], [2, 50], [1, 3], [4, 5], [6, 7], [8, 10], [9, 11], [12, 14], [13, 15], [16, 17], [18, 20], [19, 21], [22, 24], [23, 25]], [[25, 27], [26, 28], [29, 30], [31, 32], [33, 35], [34, 36], [37, 39], [38, 40], [41, 43], [42, 44], [45, 47], [46, 48], [1, 49], [2, 50], [3, 4], [5, 7], [6, 8], [9, 11], [10, 12], [13, 14], [15, 16], [17, 18], [19, 20], [21, 23], [22, 24]], [[20, 21], [22, 24], [23, 25], [26, 28], [27, 29], [30, 31], [32, 33], [34, 35], [36, 38], [37, 39], [40, 41], [42, 43], [44, 46], [45, 47], [48, 49], [1, 50], [2, 3], [4, 6], [5, 7], [8, 9], [10, 12], [11, 13], [14, 15], [16, 18], [17, 19]], [[6, 7], [8, 9], [10, 11], [12, 14], [13, 15], [16, 17], [18, 20], [19, 21], [22, 24], [23, 25], [26, 28], [27, 29], [30, 32], [31, 33], [34, 36], [35, 37], [38, 40], [39, 41], [42, 44], [43, 45], [46, 48], [47, 49], [1, 50], [2, 4], [3, 5]], [[41, 43], [40, 42], [44, 45], [46, 48], [47, 49], [1, 50], [2, 4], [3, 5], [6, 8], [7, 9], [10, 12], [11, 13], [14, 16], [15, 17], [18, 19], [20, 22], [21, 23], [24, 25], [26, 28], [27, 29], [30, 31], [32, 34], [33, 35], [36, 38], [37, 39]], [[13, 14], [15, 16], [17, 18], [19, 21], [20, 22], [23, 24], [25, 26], [27, 28], [29, 30], [31, 32], [33, 34], [35, 37], [36, 38], [39, 41], [40, 42], [43, 44], [45, 47], [46, 48], [49, 50], [1, 2], [3, 5], [4, 6], [7, 8], [9, 10], [11, 12]], [[21, 22], [23, 24], [25, 26], [27, 29], [28, 30], [31, 33], [32, 34], [35, 36], [37, 39], [38, 40], [41, 42], [43, 44], [45, 47], [46, 48], [49, 50], [1, 3], [2, 4], [5, 7], [6, 8], [9, 11], [10, 12], [13, 15], [14, 16], [17, 19], [18, 20]], [[12, 14], [13, 15], [16, 18], [17, 19], [20, 22], [21, 23], [24, 26], [25, 27], [28, 30], [29, 31], [32, 34], [33, 35], [36, 38], [37, 39], [40, 42], [41, 43], [44, 46], [45, 47], [48, 50], [1, 49], [2, 4], [3, 5], [6, 8], [7, 9], [10, 11]], [[39, 40], [41, 42], [43, 44], [45, 47], [46, 48], [1, 49], [2, 50], [3, 5], [4, 6], [7, 9], [8, 10], [11, 12], [13, 15], [14, 16], [17, 18], [19, 21], [20, 22], [23, 24], [25, 27], [26, 28], [29, 31], [30, 32], [33, 35], [34, 36], [37, 38]], [[41, 43], [42, 44], [45, 46], [47, 48], [1, 49], [2, 50], [3, 4], [5, 6], [7, 9], [8, 10], [11, 13], [12, 14], [15, 17], [16, 18], [19, 21], [20, 22], [23, 24], [25, 27], [26, 28], [29, 30], [31, 32], [33, 35], [34, 36], [37, 38], [39, 40]], [[43, 45], [46, 47], [48, 49], [2, 50], [1, 3], [4, 6], [5, 7], [8, 10], [9, 11], [12, 13], [14, 16], [15, 17], [18, 20], [19, 21], [22, 23], [24, 25], [26, 27], [28, 29], [30, 32], [31, 33], [34, 35], [36, 37], [38, 40], [39, 41], [42, 44]], [[14, 16], [17, 19], [18, 20], [21, 22], [23, 25], [24, 26], [27, 28], [29, 30], [31, 32], [33, 35], [34, 36], [37, 38], [39, 40], [41, 42], [43, 45], [44, 46], [47, 48], [1, 49], [2, 50], [3, 5], [4, 6], [7, 8], [9, 10], [11, 12], [13, 15]], [[5, 6], [7, 9], [8, 10], [11, 13], [12, 14], [15, 17], [16, 18], [19, 21], [20, 22], [23, 25], [24, 26], [27, 28], [29, 31], [30, 32], [33, 34], [35, 37], [36, 38], [39, 41], [40, 42], [43, 44], [45, 47], [46, 48], [1, 49], [2, 50], [3, 4]], [[18, 19], [20, 22], [21, 23], [24, 25], [26, 28], [27, 29], [30, 32], [31, 33], [34, 36], [35, 37], [38, 40], [39, 41], [42, 44], [43, 45], [46, 48], [47, 49], [2, 50], [1, 3], [4, 5], [6, 8], [7, 9], [10, 12], [11, 13], [14, 16], [15, 17]], [[49, 50], [1, 2], [3, 4], [5, 6], [7, 8], [9, 10], [11, 12], [13, 15], [14, 16], [17, 18], [19, 20], [21, 22], [23, 25], [24, 26], [27, 28], [29, 30], [31, 32], [33, 34], [35, 36], [37, 38], [39, 41], [40, 42], [43, 44], [45, 47], [46, 48]], [[43, 45], [44, 46], [47, 49], [48, 50], [1, 2], [3, 4], [5, 7], [6, 8], [9, 10], [11, 13], [12, 14], [15, 16], [17, 18], [19, 20], [21, 23], [22, 24], [25, 27], [26, 28], [29, 31], [30, 32], [33, 35], [34, 36], [37, 38], [39, 41], [40, 42]], [[7, 8], [9, 10], [11, 13], [12, 14], [15, 17], [16, 18], [19, 21], [20, 22], [23, 24], [25, 27], [26, 28], [29, 31], [30, 32], [33, 34], [35, 36], [37, 39], [38, 40], [41, 43], [42, 44], [45, 46], [47, 49], [48, 50], [1, 2], [3, 4], [5, 6]], [[14, 16], [13, 15], [17, 19], [18, 20], [21, 22], [23, 25], [24, 26], [27, 28], [29, 31], [30, 32], [33, 34], [35, 37], [36, 38], [39, 40], [41, 42], [43, 45], [44, 46], [47, 48], [1, 49], [2, 50], [3, 4], [5, 7], [6, 8], [9, 11], [10, 12]], [[43, 45], [44, 46], [47, 48], [1, 49], [2, 50], [3, 4], [5, 6], [7, 9], [8, 10], [11, 12], [13, 14], [15, 16], [17, 19], [18, 20], [21, 23], [22, 24], [25, 26], [27, 29], [28, 30], [31, 32], [33, 35], [34, 36], [37, 39], [38, 40], [41, 42]], [[14, 15], [16, 17], [18, 19], [20, 21], [22, 24], [23, 25], [26, 27], [28, 29], [30, 32], [31, 33], [34, 36], [35, 37], [38, 39], [40, 42], [41, 43], [44, 45], [46, 47], [48, 49], [2, 50], [1, 3], [4, 5], [6, 8], [7, 9], [10, 12], [11, 13]], [[18, 20], [19, 21], [22, 24], [23, 25], [26, 28], [27, 29], [30, 32], [31, 33], [34, 35], [36, 37], [38, 40], [39, 41], [42, 44], [43, 45], [46, 47], [48, 49], [2, 50], [1, 3], [4, 6], [5, 7], [8, 10], [9, 11], [12, 13], [14, 16], [15, 17]], [[40, 41], [42, 43], [44, 45], [46, 48], [47, 49], [1, 50], [2, 3], [4, 5], [6, 7], [8, 10], [9, 11], [12, 13], [14, 15], [16, 17], [18, 20], [19, 21], [22, 24], [23, 25], [26, 28], [27, 29], [30, 31], [32, 34], [33, 35], [36, 37], [38, 39]], [[43, 45], [46, 47], [48, 50], [1, 49], [2, 4], [3, 5], [6, 7], [8, 10], [9, 11], [12, 14], [13, 15], [16, 18], [17, 19], [20, 22], [21, 23], [24, 25], [26, 27], [28, 30], [29, 31], [32, 33], [34, 35], [36, 38], [37, 39], [40, 41], [42, 44]], [[41, 43], [44, 45], [46, 47], [48, 49], [2, 50], [1, 3], [4, 6], [5, 7], [8, 9], [10, 12], [11, 13], [14, 15], [16, 18], [17, 19], [20, 22], [21, 23], [24, 25], [26, 28], [27, 29], [30, 31], [32, 34], [33, 35], [36, 38], [37, 39], [40, 42]], [[2, 3], [4, 5], [6, 7], [8, 9], [10, 11], [12, 14], [13, 15], [16, 17], [18, 20], [19, 21], [22, 23], [24, 25], [26, 27], [28, 30], [29, 31], [32, 34], [33, 35], [36, 38], [37, 39], [40, 41], [42, 44], [43, 45], [46, 48], [47, 49], [1, 50]], [[11, 12], [13, 14], [15, 17], [16, 18], [19, 21], [20, 22], [23, 24], [25, 27], [26, 28], [29, 30], [31, 32], [33, 35], [34, 36], [37, 38], [39, 41], [40, 42], [43, 44], [45, 46], [47, 48], [1, 49], [2, 50], [3, 5], [4, 6], [7, 9], [8, 10]]]",,1,,0.0,29050,nucleardisaster,5,1,1,,0.0,29050,nucleardisaster,18,2,2,,0.0,29050,tsunami,8,3,2,,0.0,29050,nucleardisaster,17,4,1,,0.0,29050,disaster,15,5,1,,1.0,29050,nucleardisaster,24,6,1,,0.0,29050,nucleardisaster,12,7,2,,0.0,29050,nucleardisaster,16,8,1,,0.0,29050,radioactive,5,9,2,,1.0,29050,nucleardisaster,22,10,2,,1.0,29050,nucleardisaster,19,11,2,,0.0,29050,nucleardisaster,7,12,2,,0.0,29050,nucleardisaster,6,13,2,,0.0,29050,nucleardisaster,22,14,2,,1.0,29050,nucleardisaster,6,15,1,,1.0,29050,nucleardisaster,7,16,1,,1.0,29050,nucleardisaster,10,17,2,,0.0,29050,nucleardisaster,16,18,1,,0.0,29050,nucleardisaster,25,19,2,,0.0,29050,nucleardisaster,12,20,1,,1.0,29050,nucleardisaster,9,21,1,,0.0,29050,nucleardisaster,14,22,1,,1.0,29050,nucleardisaster,25,23,1,,0.0,29050,nucleardisaster,24,24,2,,1.0,29050,nucleardisaster,22,25,1,,0.0,29050,nucleardisaster,12,26,2,,0.0,29050,nucleardisaster,16,27,2,,1.0,29050,nucleardisaster,10,28,1,,0.0,29050,nucleardisaster,20,29,1,,1.0,29050,nucleardisaster,23,30,1,,1.0,29050,nucleardisaster,16,31,2,,1.0,29050,nucleardisaster,12,32,1,,0.0,29050,nucleardisaster,23,33,2,,0.0,29050,nucleardisaster,12,34,2,,0.0,29050,nucleardisaster,10,35,2,,0.0,29050,nucleardisaster,24,36,1,,1.0,29050,nucleardisaster,23,37,1,,0.0,29050,nucleardisaster,24,38,1,,0.0,29050,nucleardisaster,19,39,1,,0.0,29050,nucleardisaster,14,40,,,,,,,,,,,,,,,,,,,,,,,,,,,,,,,,,,,,,,,,,,,,,,,,,,,,,,,,,,,,,,,,,,,,,,,,,,,,,,,,,,,,,,,,,,,,,,,,,,,,,,,,,,,,,,,,,,,,,,,,,,,,,,,,,,,,,,,,,,,,,,,,,,,,,,,,,,,,,,,,,,,,,,,,,,,,,,,,,,,,,,,,,,,,,,,,,,,,,,,,,,,,,,,,,,,,,,,,,,,,,,,,,,,,,,,,,,,,,,,,,,,,,,,,,,,,,,,,,,,,,,,,,,,,,,,,,,,,,,,,,,,,,,,,,,,,,,,,,,,,,,,,,,,,,,,,,,,,,,,,,,,,,,,,,,,,,,,,,,,,,,,,,,,,,,,,,,,,,,,,,,,,,,,,,,,,,,,,,,,,,,,,,,,,,,,,,,,,,,,,,,,,,,,,,,,,,,,,,,,,,,,,,,,,,,,,,,,,,,,,,,,,,,,,,,,,,,,,,,,,,,,,,,,,,,,,,,,,,,,,,,,,,,,,,,,,,,,,,,,,,,,,,,,,,,,,,,,,,,,,,,,,,,,,,,,,,,,,,,,,,,,,,,,,,,,,,,,,,,,,,,,,,,,,,,,,,,,,,,,,,,,,,,,,,,,,,,,,,,,,,,,,,,,,,,,,,,,,,,,,,,,,,,,,,,,,,,,,,,,,,,,,,,,,,,,,,,,,,,,,,,,,,,,,,,,,,,,,,,,,,,,,,,,,,,,,,,,,,,,,,,,,,,,,,,,,,,,,,,,,,,,,,,,,,,,,,,,,,,,,,,,,,,,,,,,,,,,,,,,,,,,,,,,,,,,,,,,,,,,,,,,,,,,,,,,,,,,,,,,,,,,,,,,,,,,,,,,,,,,,,,,,,,,,,,,,,,,,,,,,,,,,,,,,,,,,,,,,,,,,,,,,,,,,,,,,,,,,,,,,,,,,,,,,,,,,,,,,,,,,,,,,,,,,,,,,,,,,,,,,,,,,,,,,,,,,,,,,,,,,,,,,,,,,,,,,,,,,,,,,,,,,,,,,,,,,,,,,,,,,,,,,,,,,,,,,,,,,,,,,,,,,,,,,,,,,,,,,,,,,,,,,,,,,,,,,,,,,,,,,,,,,,,,,,,,,,,,,,,,,,,,,,,,,,,,,,,,,,,,,,,,,,,,,,,,,,,,,,,,,,,,,,,,,,,,,,,,,,,,,,,,,,,,,,,,,,,,,,,,,,,,,,,,,,,,,,,,,,,,,,,,,,,,,,,
38,i4pjpzvo,,0,240,240,hashtag_experiment,LastPage,2024-04-17 17:13:53.002913,1,,,9.0,g8k2na6b,,,,,0,0.0,1.0,hashtag_experiment,"[[[30, 31], [32, 33], [34, 35], [36, 38], [37, 39], [40, 42], [41, 43], [44, 46], [45, 47], [48, 50], [1, 49], [2, 4], [3, 5], [6, 7], [8, 10], [9, 11], [12, 13], [14, 15], [16, 17], [18, 19], [20, 21], [22, 23], [24, 25], [26, 27], [28, 29]], [[3, 5], [4, 6], [7, 9], [8, 10], [11, 13], [12, 14], [15, 16], [17, 19], [18, 20], [21, 23], [22, 24], [25, 26], [27, 29], [28, 30], [31, 33], [32, 34], [35, 36], [37, 39], [38, 40], [41, 42], [43, 45], [44, 46], [47, 49], [48, 50], [1, 2]], [[23, 25], [22, 24], [26, 27], [28, 30], [29, 31], [32, 34], [33, 35], [36, 37], [38, 39], [40, 41], [42, 43], [44, 46], [45, 47], [48, 50], [1, 49], [2, 3], [4, 5], [6, 8], [7, 9], [10, 12], [11, 13], [14, 15], [16, 18], [17, 19], [20, 21]], [[3, 5], [4, 6], [7, 8], [9, 10], [11, 12], [13, 15], [14, 16], [17, 19], [18, 20], [21, 23], [22, 24], [25, 27], [26, 28], [29, 31], [30, 32], [33, 34], [35, 37], [36, 38], [39, 41], [40, 42], [43, 44], [45, 46], [47, 49], [48, 50], [1, 2]], [[9, 10], [11, 12], [13, 14], [15, 17], [16, 18], [19, 21], [20, 22], [23, 24], [25, 26], [27, 29], [28, 30], [31, 33], [32, 34], [35, 36], [37, 39], [38, 40], [41, 42], [43, 44], [45, 46], [47, 49], [48, 50], [1, 3], [2, 4], [5, 6], [7, 8]], [[41, 42], [43, 44], [45, 47], [46, 48], [49, 50], [1, 3], [2, 4], [5, 6], [7, 9], [8, 10], [11, 13], [12, 14], [15, 17], [16, 18], [19, 21], [20, 22], [23, 25], [24, 26], [27, 29], [28, 30], [31, 33], [32, 34], [35, 36], [37, 39], [38, 40]], [[16, 17], [18, 19], [20, 22], [21, 23], [24, 25], [26, 28], [27, 29], [30, 31], [32, 33], [34, 35], [36, 38], [37, 39], [40, 41], [42, 44], [43, 45], [46, 47], [48, 50], [1, 49], [2, 4], [3, 5], [6, 7], [8, 10], [9, 11], [12, 14], [13, 15]], [[5, 7], [6, 8], [9, 10], [11, 13], [12, 14], [15, 16], [17, 18], [19, 21], [20, 22], [23, 25], [24, 26], [27, 28], [29, 31], [30, 32], [33, 34], [35, 37], [36, 38], [39, 40], [41, 42], [43, 44], [45, 46], [47, 48], [1, 49], [2, 50], [3, 4]], [[30, 32], [29, 31], [33, 34], [35, 36], [37, 38], [39, 40], [41, 42], [43, 45], [44, 46], [47, 48], [1, 49], [2, 50], [3, 4], [5, 7], [6, 8], [9, 11], [10, 12], [13, 14], [15, 16], [17, 18], [19, 21], [20, 22], [23, 24], [25, 27], [26, 28]], [[44, 46], [43, 45], [47, 49], [48, 50], [1, 2], [3, 4], [5, 6], [7, 8], [9, 10], [11, 13], [12, 14], [15, 17], [16, 18], [19, 20], [21, 22], [23, 25], [24, 26], [27, 28], [29, 31], [30, 32], [33, 34], [35, 37], [36, 38], [39, 40], [41, 42]], [[1, 50], [2, 4], [3, 5], [6, 7], [8, 9], [10, 11], [12, 14], [13, 15], [16, 18], [17, 19], [20, 22], [21, 23], [24, 25], [26, 27], [28, 30], [29, 31], [32, 34], [33, 35], [36, 37], [38, 40], [39, 41], [42, 43], [44, 46], [45, 47], [48, 49]], [[23, 25], [24, 26], [27, 29], [28, 30], [31, 33], [32, 34], [35, 37], [36, 38], [39, 41], [40, 42], [43, 44], [45, 46], [47, 49], [48, 50], [1, 2], [3, 5], [4, 6], [7, 8], [9, 11], [10, 12], [13, 14], [15, 17], [16, 18], [19, 20], [21, 22]], [[26, 28], [27, 29], [30, 31], [32, 34], [33, 35], [36, 37], [38, 39], [40, 42], [41, 43], [44, 45], [46, 47], [48, 49], [1, 50], [2, 3], [4, 5], [6, 7], [8, 9], [10, 11], [12, 14], [13, 15], [16, 18], [17, 19], [20, 21], [22, 23], [24, 25]], [[43, 44], [45, 46], [47, 48], [1, 49], [2, 50], [3, 4], [5, 7], [6, 8], [9, 10], [11, 12], [13, 14], [15, 16], [17, 19], [18, 20], [21, 23], [22, 24], [25, 27], [26, 28], [29, 30], [31, 33], [32, 34], [35, 37], [36, 38], [39, 40], [41, 42]], [[26, 27], [28, 30], [29, 31], [32, 33], [34, 36], [35, 37], [38, 40], [39, 41], [42, 44], [43, 45], [46, 48], [47, 49], [2, 50], [1, 3], [4, 5], [6, 7], [8, 10], [9, 11], [12, 14], [13, 15], [16, 17], [18, 20], [19, 21], [22, 24], [23, 25]], [[25, 27], [26, 28], [29, 30], [31, 32], [33, 35], [34, 36], [37, 39], [38, 40], [41, 43], [42, 44], [45, 47], [46, 48], [1, 49], [2, 50], [3, 4], [5, 7], [6, 8], [9, 11], [10, 12], [13, 14], [15, 16], [17, 18], [19, 20], [21, 23], [22, 24]], [[20, 21], [22, 24], [23, 25], [26, 28], [27, 29], [30, 31], [32, 33], [34, 35], [36, 38], [37, 39], [40, 41], [42, 43], [44, 46], [45, 47], [48, 49], [1, 50], [2, 3], [4, 6], [5, 7], [8, 9], [10, 12], [11, 13], [14, 15], [16, 18], [17, 19]], [[6, 7], [8, 9], [10, 11], [12, 14], [13, 15], [16, 17], [18, 20], [19, 21], [22, 24], [23, 25], [26, 28], [27, 29], [30, 32], [31, 33], [34, 36], [35, 37], [38, 40], [39, 41], [42, 44], [43, 45], [46, 48], [47, 49], [1, 50], [2, 4], [3, 5]], [[41, 43], [40, 42], [44, 45], [46, 48], [47, 49], [1, 50], [2, 4], [3, 5], [6, 8], [7, 9], [10, 12], [11, 13], [14, 16], [15, 17], [18, 19], [20, 22], [21, 23], [24, 25], [26, 28], [27, 29], [30, 31], [32, 34], [33, 35], [36, 38], [37, 39]], [[13, 14], [15, 16], [17, 18], [19, 21], [20, 22], [23, 24], [25, 26], [27, 28], [29, 30], [31, 32], [33, 34], [35, 37], [36, 38], [39, 41], [40, 42], [43, 44], [45, 47], [46, 48], [49, 50], [1, 2], [3, 5], [4, 6], [7, 8], [9, 10], [11, 12]], [[21, 22], [23, 24], [25, 26], [27, 29], [28, 30], [31, 33], [32, 34], [35, 36], [37, 39], [38, 40], [41, 42], [43, 44], [45, 47], [46, 48], [49, 50], [1, 3], [2, 4], [5, 7], [6, 8], [9, 11], [10, 12], [13, 15], [14, 16], [17, 19], [18, 20]], [[12, 14], [13, 15], [16, 18], [17, 19], [20, 22], [21, 23], [24, 26], [25, 27], [28, 30], [29, 31], [32, 34], [33, 35], [36, 38], [37, 39], [40, 42], [41, 43], [44, 46], [45, 47], [48, 50], [1, 49], [2, 4], [3, 5], [6, 8], [7, 9], [10, 11]], [[39, 40], [41, 42], [43, 44], [45, 47], [46, 48], [1, 49], [2, 50], [3, 5], [4, 6], [7, 9], [8, 10], [11, 12], [13, 15], [14, 16], [17, 18], [19, 21], [20, 22], [23, 24], [25, 27], [26, 28], [29, 31], [30, 32], [33, 35], [34, 36], [37, 38]], [[41, 43], [42, 44], [45, 46], [47, 48], [1, 49], [2, 50], [3, 4], [5, 6], [7, 9], [8, 10], [11, 13], [12, 14], [15, 17], [16, 18], [19, 21], [20, 22], [23, 24], [25, 27], [26, 28], [29, 30], [31, 32], [33, 35], [34, 36], [37, 38], [39, 40]], [[43, 45], [46, 47], [48, 49], [2, 50], [1, 3], [4, 6], [5, 7], [8, 10], [9, 11], [12, 13], [14, 16], [15, 17], [18, 20], [19, 21], [22, 23], [24, 25], [26, 27], [28, 29], [30, 32], [31, 33], [34, 35], [36, 37], [38, 40], [39, 41], [42, 44]], [[14, 16], [17, 19], [18, 20], [21, 22], [23, 25], [24, 26], [27, 28], [29, 30], [31, 32], [33, 35], [34, 36], [37, 38], [39, 40], [41, 42], [43, 45], [44, 46], [47, 48], [1, 49], [2, 50], [3, 5], [4, 6], [7, 8], [9, 10], [11, 12], [13, 15]], [[5, 6], [7, 9], [8, 10], [11, 13], [12, 14], [15, 17], [16, 18], [19, 21], [20, 22], [23, 25], [24, 26], [27, 28], [29, 31], [30, 32], [33, 34], [35, 37], [36, 38], [39, 41], [40, 42], [43, 44], [45, 47], [46, 48], [1, 49], [2, 50], [3, 4]], [[18, 19], [20, 22], [21, 23], [24, 25], [26, 28], [27, 29], [30, 32], [31, 33], [34, 36], [35, 37], [38, 40], [39, 41], [42, 44], [43, 45], [46, 48], [47, 49], [2, 50], [1, 3], [4, 5], [6, 8], [7, 9], [10, 12], [11, 13], [14, 16], [15, 17]], [[49, 50], [1, 2], [3, 4], [5, 6], [7, 8], [9, 10], [11, 12], [13, 15], [14, 16], [17, 18], [19, 20], [21, 22], [23, 25], [24, 26], [27, 28], [29, 30], [31, 32], [33, 34], [35, 36], [37, 38], [39, 41], [40, 42], [43, 44], [45, 47], [46, 48]], [[43, 45], [44, 46], [47, 49], [48, 50], [1, 2], [3, 4], [5, 7], [6, 8], [9, 10], [11, 13], [12, 14], [15, 16], [17, 18], [19, 20], [21, 23], [22, 24], [25, 27], [26, 28], [29, 31], [30, 32], [33, 35], [34, 36], [37, 38], [39, 41], [40, 42]], [[7, 8], [9, 10], [11, 13], [12, 14], [15, 17], [16, 18], [19, 21], [20, 22], [23, 24], [25, 27], [26, 28], [29, 31], [30, 32], [33, 34], [35, 36], [37, 39], [38, 40], [41, 43], [42, 44], [45, 46], [47, 49], [48, 50], [1, 2], [3, 4], [5, 6]], [[14, 16], [13, 15], [17, 19], [18, 20], [21, 22], [23, 25], [24, 26], [27, 28], [29, 31], [30, 32], [33, 34], [35, 37], [36, 38], [39, 40], [41, 42], [43, 45], [44, 46], [47, 48], [1, 49], [2, 50], [3, 4], [5, 7], [6, 8], [9, 11], [10, 12]], [[43, 45], [44, 46], [47, 48], [1, 49], [2, 50], [3, 4], [5, 6], [7, 9], [8, 10], [11, 12], [13, 14], [15, 16], [17, 19], [18, 20], [21, 23], [22, 24], [25, 26], [27, 29], [28, 30], [31, 32], [33, 35], [34, 36], [37, 39], [38, 40], [41, 42]], [[14, 15], [16, 17], [18, 19], [20, 21], [22, 24], [23, 25], [26, 27], [28, 29], [30, 32], [31, 33], [34, 36], [35, 37], [38, 39], [40, 42], [41, 43], [44, 45], [46, 47], [48, 49], [2, 50], [1, 3], [4, 5], [6, 8], [7, 9], [10, 12], [11, 13]], [[18, 20], [19, 21], [22, 24], [23, 25], [26, 28], [27, 29], [30, 32], [31, 33], [34, 35], [36, 37], [38, 40], [39, 41], [42, 44], [43, 45], [46, 47], [48, 49], [2, 50], [1, 3], [4, 6], [5, 7], [8, 10], [9, 11], [12, 13], [14, 16], [15, 17]], [[40, 41], [42, 43], [44, 45], [46, 48], [47, 49], [1, 50], [2, 3], [4, 5], [6, 7], [8, 10], [9, 11], [12, 13], [14, 15], [16, 17], [18, 20], [19, 21], [22, 24], [23, 25], [26, 28], [27, 29], [30, 31], [32, 34], [33, 35], [36, 37], [38, 39]], [[43, 45], [46, 47], [48, 50], [1, 49], [2, 4], [3, 5], [6, 7], [8, 10], [9, 11], [12, 14], [13, 15], [16, 18], [17, 19], [20, 22], [21, 23], [24, 25], [26, 27], [28, 30], [29, 31], [32, 33], [34, 35], [36, 38], [37, 39], [40, 41], [42, 44]], [[41, 43], [44, 45], [46, 47], [48, 49], [2, 50], [1, 3], [4, 6], [5, 7], [8, 9], [10, 12], [11, 13], [14, 15], [16, 18], [17, 19], [20, 22], [21, 23], [24, 25], [26, 28], [27, 29], [30, 31], [32, 34], [33, 35], [36, 38], [37, 39], [40, 42]], [[2, 3], [4, 5], [6, 7], [8, 9], [10, 11], [12, 14], [13, 15], [16, 17], [18, 20], [19, 21], [22, 23], [24, 25], [26, 27], [28, 30], [29, 31], [32, 34], [33, 35], [36, 38], [37, 39], [40, 41], [42, 44], [43, 45], [46, 48], [47, 49], [1, 50]], [[11, 12], [13, 14], [15, 17], [16, 18], [19, 21], [20, 22], [23, 24], [25, 27], [26, 28], [29, 30], [31, 32], [33, 35], [34, 36], [37, 38], [39, 41], [40, 42], [43, 44], [45, 46], [47, 48], [1, 49], [2, 50], [3, 5], [4, 6], [7, 9], [8, 10]]]",,2,,0.0,93702,FukushimaDisaster,4,1,1,,0.0,93702,NuclearDisaster,19,2,1,,0.0,93702,radiation,9,3,2,,0.0,93702,NuclearDisaster,18,4,1,,0.0,93702,tsunami,16,5,1,,0.0,93702,thyroidcancer,25,6,2,,0.0,93702,nucleardisaster,11,7,2,,0.0,93702,ExclusionZone,17,8,2,,0.0,93702,nucleardisaster,5,9,2,,0.0,93702,radioactive,23,10,1,,1.0,93702,nucleardisaster,20,11,2,,0.0,93702,radioactive,8,12,1,,0.0,93702,radioactive,7,13,2,,0.0,93702,radiation,23,14,1,,0.0,93702,tsunami,7,15,1,,0.0,93702,tsunami,8,16,2,,1.0,93702,nucleardisaster,9,17,1,,0.0,93702,radiation,17,18,2,,0.0,93702,radiation,24,19,2,,1.0,93702,nucleardisaster,13,20,1,,0.0,93702,radiation,10,21,2,,0.0,93702,tsunami,13,22,2,,1.0,93702,nucleardisaster,25,23,2,,0.0,93702,FasterPlease,24,24,1,,0.0,93702,nucleardisaster,23,25,2,,0.0,93702,tsunami,12,26,2,,0.0,93702,tsunami,17,27,1,,1.0,93702,tsunami,11,28,2,,0.0,93702,,20,29,2,,1.0,93702,nucleardisaster,23,30,1,,1.0,93702,tsunami,17,31,2,,0.0,93702,earthquake,13,32,1,,0.0,93702,nucleardisaster,24,33,1,,1.0,93702,tsunami,13,34,1,,0.0,93702,nucleardisaster,11,35,1,,1.0,93702,nucleardisaster,25,36,2,,0.0,93702,japanearthquake,22,37,2,,0.0,93702,earthquake,23,38,2,,0.0,93702,nucleardisaster,18,39,2,,0.0,93702,earthquake,14,40,,,,,,,,,,,,,,,,,,,,,,,,,,,,,,,,,,,,,,,,,,,,,,,,,,,,,,,,,,,,,,,,,,,,,,,,,,,,,,,,,,,,,,,,,,,,,,,,,,,,,,,,,,,,,,,,,,,,,,,,,,,,,,,,,,,,,,,,,,,,,,,,,,,,,,,,,,,,,,,,,,,,,,,,,,,,,,,,,,,,,,,,,,,,,,,,,,,,,,,,,,,,,,,,,,,,,,,,,,,,,,,,,,,,,,,,,,,,,,,,,,,,,,,,,,,,,,,,,,,,,,,,,,,,,,,,,,,,,,,,,,,,,,,,,,,,,,,,,,,,,,,,,,,,,,,,,,,,,,,,,,,,,,,,,,,,,,,,,,,,,,,,,,,,,,,,,,,,,,,,,,,,,,,,,,,,,,,,,,,,,,,,,,,,,,,,,,,,,,,,,,,,,,,,,,,,,,,,,,,,,,,,,,,,,,,,,,,,,,,,,,,,,,,,,,,,,,,,,,,,,,,,,,,,,,,,,,,,,,,,,,,,,,,,,,,,,,,,,,,,,,,,,,,,,,,,,,,,,,,,,,,,,,,,,,,,,,,,,,,,,,,,,,,,,,,,,,,,,,,,,,,,,,,,,,,,,,,,,,,,,,,,,,,,,,,,,,,,,,,,,,,,,,,,,,,,,,,,,,,,,,,,,,,,,,,,,,,,,,,,,,,,,,,,,,,,,,,,,,,,,,,,,,,,,,,,,,,,,,,,,,,,,,,,,,,,,,,,,,,,,,,,,,,,,,,,,,,,,,,,,,,,,,,,,,,,,,,,,,,,,,,,,,,,,,,,,,,,,,,,,,,,,,,,,,,,,,,,,,,,,,,,,,,,,,,,,,,,,,,,,,,,,,,,,,,,,,,,,,,,,,,,,,,,,,,,,,,,,,,,,,,,,,,,,,,,,,,,,,,,,,,,,,,,,,,,,,,,,,,,,,,,,,,,,,,,,,,,,,,,,,,,,,,,,,,,,,,,,,,,,,,,,,,,,,,,,,,,,,,,,,,,,,,,,,,,,,,,,,,,,,,,,,,,,,,,,,,,,,,,,,,,,,,,,,,,,,,,,,,,,,,,,,,,,,,,,,,,,,,,,,,,,,,,,,,,,,,,,,,,,,,,,,,,,,,,,,,,,,,,,,,,,,,,,,,,,,,,,,,,,,,,,,,,,,,,,,,,,,,,,,,,,,,,,,,,,,,,,,,,,,,,,,,,,,,,,,,,,,,,,,,,,,,,,,,,,,,,,,,,,,,,,,,,,,
39,hx7yhgn0,,0,238,240,hashtag_experiment,ResultsWaitPage,2024-04-17 17:13:56.396220,1,,,8.0,g8k2na6b,,,,,0,0.0,1.0,hashtag_experiment,"[[[30, 31], [32, 33], [34, 35], [36, 38], [37, 39], [40, 42], [41, 43], [44, 46], [45, 47], [48, 50], [1, 49], [2, 4], [3, 5], [6, 7], [8, 10], [9, 11], [12, 13], [14, 15], [16, 17], [18, 19], [20, 21], [22, 23], [24, 25], [26, 27], [28, 29]], [[3, 5], [4, 6], [7, 9], [8, 10], [11, 13], [12, 14], [15, 16], [17, 19], [18, 20], [21, 23], [22, 24], [25, 26], [27, 29], [28, 30], [31, 33], [32, 34], [35, 36], [37, 39], [38, 40], [41, 42], [43, 45], [44, 46], [47, 49], [48, 50], [1, 2]], [[23, 25], [22, 24], [26, 27], [28, 30], [29, 31], [32, 34], [33, 35], [36, 37], [38, 39], [40, 41], [42, 43], [44, 46], [45, 47], [48, 50], [1, 49], [2, 3], [4, 5], [6, 8], [7, 9], [10, 12], [11, 13], [14, 15], [16, 18], [17, 19], [20, 21]], [[3, 5], [4, 6], [7, 8], [9, 10], [11, 12], [13, 15], [14, 16], [17, 19], [18, 20], [21, 23], [22, 24], [25, 27], [26, 28], [29, 31], [30, 32], [33, 34], [35, 37], [36, 38], [39, 41], [40, 42], [43, 44], [45, 46], [47, 49], [48, 50], [1, 2]], [[9, 10], [11, 12], [13, 14], [15, 17], [16, 18], [19, 21], [20, 22], [23, 24], [25, 26], [27, 29], [28, 30], [31, 33], [32, 34], [35, 36], [37, 39], [38, 40], [41, 42], [43, 44], [45, 46], [47, 49], [48, 50], [1, 3], [2, 4], [5, 6], [7, 8]], [[41, 42], [43, 44], [45, 47], [46, 48], [49, 50], [1, 3], [2, 4], [5, 6], [7, 9], [8, 10], [11, 13], [12, 14], [15, 17], [16, 18], [19, 21], [20, 22], [23, 25], [24, 26], [27, 29], [28, 30], [31, 33], [32, 34], [35, 36], [37, 39], [38, 40]], [[16, 17], [18, 19], [20, 22], [21, 23], [24, 25], [26, 28], [27, 29], [30, 31], [32, 33], [34, 35], [36, 38], [37, 39], [40, 41], [42, 44], [43, 45], [46, 47], [48, 50], [1, 49], [2, 4], [3, 5], [6, 7], [8, 10], [9, 11], [12, 14], [13, 15]], [[5, 7], [6, 8], [9, 10], [11, 13], [12, 14], [15, 16], [17, 18], [19, 21], [20, 22], [23, 25], [24, 26], [27, 28], [29, 31], [30, 32], [33, 34], [35, 37], [36, 38], [39, 40], [41, 42], [43, 44], [45, 46], [47, 48], [1, 49], [2, 50], [3, 4]], [[30, 32], [29, 31], [33, 34], [35, 36], [37, 38], [39, 40], [41, 42], [43, 45], [44, 46], [47, 48], [1, 49], [2, 50], [3, 4], [5, 7], [6, 8], [9, 11], [10, 12], [13, 14], [15, 16], [17, 18], [19, 21], [20, 22], [23, 24], [25, 27], [26, 28]], [[44, 46], [43, 45], [47, 49], [48, 50], [1, 2], [3, 4], [5, 6], [7, 8], [9, 10], [11, 13], [12, 14], [15, 17], [16, 18], [19, 20], [21, 22], [23, 25], [24, 26], [27, 28], [29, 31], [30, 32], [33, 34], [35, 37], [36, 38], [39, 40], [41, 42]], [[1, 50], [2, 4], [3, 5], [6, 7], [8, 9], [10, 11], [12, 14], [13, 15], [16, 18], [17, 19], [20, 22], [21, 23], [24, 25], [26, 27], [28, 30], [29, 31], [32, 34], [33, 35], [36, 37], [38, 40], [39, 41], [42, 43], [44, 46], [45, 47], [48, 49]], [[23, 25], [24, 26], [27, 29], [28, 30], [31, 33], [32, 34], [35, 37], [36, 38], [39, 41], [40, 42], [43, 44], [45, 46], [47, 49], [48, 50], [1, 2], [3, 5], [4, 6], [7, 8], [9, 11], [10, 12], [13, 14], [15, 17], [16, 18], [19, 20], [21, 22]], [[26, 28], [27, 29], [30, 31], [32, 34], [33, 35], [36, 37], [38, 39], [40, 42], [41, 43], [44, 45], [46, 47], [48, 49], [1, 50], [2, 3], [4, 5], [6, 7], [8, 9], [10, 11], [12, 14], [13, 15], [16, 18], [17, 19], [20, 21], [22, 23], [24, 25]], [[43, 44], [45, 46], [47, 48], [1, 49], [2, 50], [3, 4], [5, 7], [6, 8], [9, 10], [11, 12], [13, 14], [15, 16], [17, 19], [18, 20], [21, 23], [22, 24], [25, 27], [26, 28], [29, 30], [31, 33], [32, 34], [35, 37], [36, 38], [39, 40], [41, 42]], [[26, 27], [28, 30], [29, 31], [32, 33], [34, 36], [35, 37], [38, 40], [39, 41], [42, 44], [43, 45], [46, 48], [47, 49], [2, 50], [1, 3], [4, 5], [6, 7], [8, 10], [9, 11], [12, 14], [13, 15], [16, 17], [18, 20], [19, 21], [22, 24], [23, 25]], [[25, 27], [26, 28], [29, 30], [31, 32], [33, 35], [34, 36], [37, 39], [38, 40], [41, 43], [42, 44], [45, 47], [46, 48], [1, 49], [2, 50], [3, 4], [5, 7], [6, 8], [9, 11], [10, 12], [13, 14], [15, 16], [17, 18], [19, 20], [21, 23], [22, 24]], [[20, 21], [22, 24], [23, 25], [26, 28], [27, 29], [30, 31], [32, 33], [34, 35], [36, 38], [37, 39], [40, 41], [42, 43], [44, 46], [45, 47], [48, 49], [1, 50], [2, 3], [4, 6], [5, 7], [8, 9], [10, 12], [11, 13], [14, 15], [16, 18], [17, 19]], [[6, 7], [8, 9], [10, 11], [12, 14], [13, 15], [16, 17], [18, 20], [19, 21], [22, 24], [23, 25], [26, 28], [27, 29], [30, 32], [31, 33], [34, 36], [35, 37], [38, 40], [39, 41], [42, 44], [43, 45], [46, 48], [47, 49], [1, 50], [2, 4], [3, 5]], [[41, 43], [40, 42], [44, 45], [46, 48], [47, 49], [1, 50], [2, 4], [3, 5], [6, 8], [7, 9], [10, 12], [11, 13], [14, 16], [15, 17], [18, 19], [20, 22], [21, 23], [24, 25], [26, 28], [27, 29], [30, 31], [32, 34], [33, 35], [36, 38], [37, 39]], [[13, 14], [15, 16], [17, 18], [19, 21], [20, 22], [23, 24], [25, 26], [27, 28], [29, 30], [31, 32], [33, 34], [35, 37], [36, 38], [39, 41], [40, 42], [43, 44], [45, 47], [46, 48], [49, 50], [1, 2], [3, 5], [4, 6], [7, 8], [9, 10], [11, 12]], [[21, 22], [23, 24], [25, 26], [27, 29], [28, 30], [31, 33], [32, 34], [35, 36], [37, 39], [38, 40], [41, 42], [43, 44], [45, 47], [46, 48], [49, 50], [1, 3], [2, 4], [5, 7], [6, 8], [9, 11], [10, 12], [13, 15], [14, 16], [17, 19], [18, 20]], [[12, 14], [13, 15], [16, 18], [17, 19], [20, 22], [21, 23], [24, 26], [25, 27], [28, 30], [29, 31], [32, 34], [33, 35], [36, 38], [37, 39], [40, 42], [41, 43], [44, 46], [45, 47], [48, 50], [1, 49], [2, 4], [3, 5], [6, 8], [7, 9], [10, 11]], [[39, 40], [41, 42], [43, 44], [45, 47], [46, 48], [1, 49], [2, 50], [3, 5], [4, 6], [7, 9], [8, 10], [11, 12], [13, 15], [14, 16], [17, 18], [19, 21], [20, 22], [23, 24], [25, 27], [26, 28], [29, 31], [30, 32], [33, 35], [34, 36], [37, 38]], [[41, 43], [42, 44], [45, 46], [47, 48], [1, 49], [2, 50], [3, 4], [5, 6], [7, 9], [8, 10], [11, 13], [12, 14], [15, 17], [16, 18], [19, 21], [20, 22], [23, 24], [25, 27], [26, 28], [29, 30], [31, 32], [33, 35], [34, 36], [37, 38], [39, 40]], [[43, 45], [46, 47], [48, 49], [2, 50], [1, 3], [4, 6], [5, 7], [8, 10], [9, 11], [12, 13], [14, 16], [15, 17], [18, 20], [19, 21], [22, 23], [24, 25], [26, 27], [28, 29], [30, 32], [31, 33], [34, 35], [36, 37], [38, 40], [39, 41], [42, 44]], [[14, 16], [17, 19], [18, 20], [21, 22], [23, 25], [24, 26], [27, 28], [29, 30], [31, 32], [33, 35], [34, 36], [37, 38], [39, 40], [41, 42], [43, 45], [44, 46], [47, 48], [1, 49], [2, 50], [3, 5], [4, 6], [7, 8], [9, 10], [11, 12], [13, 15]], [[5, 6], [7, 9], [8, 10], [11, 13], [12, 14], [15, 17], [16, 18], [19, 21], [20, 22], [23, 25], [24, 26], [27, 28], [29, 31], [30, 32], [33, 34], [35, 37], [36, 38], [39, 41], [40, 42], [43, 44], [45, 47], [46, 48], [1, 49], [2, 50], [3, 4]], [[18, 19], [20, 22], [21, 23], [24, 25], [26, 28], [27, 29], [30, 32], [31, 33], [34, 36], [35, 37], [38, 40], [39, 41], [42, 44], [43, 45], [46, 48], [47, 49], [2, 50], [1, 3], [4, 5], [6, 8], [7, 9], [10, 12], [11, 13], [14, 16], [15, 17]], [[49, 50], [1, 2], [3, 4], [5, 6], [7, 8], [9, 10], [11, 12], [13, 15], [14, 16], [17, 18], [19, 20], [21, 22], [23, 25], [24, 26], [27, 28], [29, 30], [31, 32], [33, 34], [35, 36], [37, 38], [39, 41], [40, 42], [43, 44], [45, 47], [46, 48]], [[43, 45], [44, 46], [47, 49], [48, 50], [1, 2], [3, 4], [5, 7], [6, 8], [9, 10], [11, 13], [12, 14], [15, 16], [17, 18], [19, 20], [21, 23], [22, 24], [25, 27], [26, 28], [29, 31], [30, 32], [33, 35], [34, 36], [37, 38], [39, 41], [40, 42]], [[7, 8], [9, 10], [11, 13], [12, 14], [15, 17], [16, 18], [19, 21], [20, 22], [23, 24], [25, 27], [26, 28], [29, 31], [30, 32], [33, 34], [35, 36], [37, 39], [38, 40], [41, 43], [42, 44], [45, 46], [47, 49], [48, 50], [1, 2], [3, 4], [5, 6]], [[14, 16], [13, 15], [17, 19], [18, 20], [21, 22], [23, 25], [24, 26], [27, 28], [29, 31], [30, 32], [33, 34], [35, 37], [36, 38], [39, 40], [41, 42], [43, 45], [44, 46], [47, 48], [1, 49], [2, 50], [3, 4], [5, 7], [6, 8], [9, 11], [10, 12]], [[43, 45], [44, 46], [47, 48], [1, 49], [2, 50], [3, 4], [5, 6], [7, 9], [8, 10], [11, 12], [13, 14], [15, 16], [17, 19], [18, 20], [21, 23], [22, 24], [25, 26], [27, 29], [28, 30], [31, 32], [33, 35], [34, 36], [37, 39], [38, 40], [41, 42]], [[14, 15], [16, 17], [18, 19], [20, 21], [22, 24], [23, 25], [26, 27], [28, 29], [30, 32], [31, 33], [34, 36], [35, 37], [38, 39], [40, 42], [41, 43], [44, 45], [46, 47], [48, 49], [2, 50], [1, 3], [4, 5], [6, 8], [7, 9], [10, 12], [11, 13]], [[18, 20], [19, 21], [22, 24], [23, 25], [26, 28], [27, 29], [30, 32], [31, 33], [34, 35], [36, 37], [38, 40], [39, 41], [42, 44], [43, 45], [46, 47], [48, 49], [2, 50], [1, 3], [4, 6], [5, 7], [8, 10], [9, 11], [12, 13], [14, 16], [15, 17]], [[40, 41], [42, 43], [44, 45], [46, 48], [47, 49], [1, 50], [2, 3], [4, 5], [6, 7], [8, 10], [9, 11], [12, 13], [14, 15], [16, 17], [18, 20], [19, 21], [22, 24], [23, 25], [26, 28], [27, 29], [30, 31], [32, 34], [33, 35], [36, 37], [38, 39]], [[43, 45], [46, 47], [48, 50], [1, 49], [2, 4], [3, 5], [6, 7], [8, 10], [9, 11], [12, 14], [13, 15], [16, 18], [17, 19], [20, 22], [21, 23], [24, 25], [26, 27], [28, 30], [29, 31], [32, 33], [34, 35], [36, 38], [37, 39], [40, 41], [42, 44]], [[41, 43], [44, 45], [46, 47], [48, 49], [2, 50], [1, 3], [4, 6], [5, 7], [8, 9], [10, 12], [11, 13], [14, 15], [16, 18], [17, 19], [20, 22], [21, 23], [24, 25], [26, 28], [27, 29], [30, 31], [32, 34], [33, 35], [36, 38], [37, 39], [40, 42]], [[2, 3], [4, 5], [6, 7], [8, 9], [10, 11], [12, 14], [13, 15], [16, 17], [18, 20], [19, 21], [22, 23], [24, 25], [26, 27], [28, 30], [29, 31], [32, 34], [33, 35], [36, 38], [37, 39], [40, 41], [42, 44], [43, 45], [46, 48], [47, 49], [1, 50]], [[11, 12], [13, 14], [15, 17], [16, 18], [19, 21], [20, 22], [23, 24], [25, 27], [26, 28], [29, 30], [31, 32], [33, 35], [34, 36], [37, 38], [39, 41], [40, 42], [43, 44], [45, 46], [47, 48], [1, 49], [2, 50], [3, 5], [4, 6], [7, 9], [8, 10]]]",,2,,0.0,27452,Tsunami,5,1,2,,0.0,27452,disaster,18,2,2,,0.0,27452,nucleardisaster,9,3,1,,0.0,27452,earthquake,19,4,2,,0.0,27452,radioactive,15,5,2,,1.0,27452,nucleardisaster,24,6,2,,0.0,27452,radiation,12,7,1,,0.0,27452,radiation,18,8,1,,0.0,27452,nucleardisaster,6,9,1,,0.0,27452,nucleardisaster,24,10,1,,0.0,27452,nucleardisaster,21,11,1,,0.0,27452,radiation,9,12,2,,0.0,27452,radiation,7,13,1,,0.0,27452,tsunami,24,14,1,,0.0,27452,tsunami,8,15,2,,1.0,27452,nucleardisaster,7,16,2,,1.0,27452,nucleardisaster,10,17,1,,0.0,27452,radioactive,18,18,2,,0.0,27452,pacific,25,19,1,,0.0,27452,nucleardisaster,14,20,2,,1.0,27452,nucleardisaster,9,21,2,,0.0,27452,radioactive,14,22,1,,0.0,27452,nucleardisaster,1,23,1,,0.0,27452,pacific,25,24,1,,0.0,27452,radiation,24,25,1,,0.0,27452,nucleardisaster,13,26,1,,0.0,27452,tsunami,18,27,1,,0.0,27452,nucleardisaster,12,28,1,,0.0,27452,nucleardisaster,21,29,1,,0.0,27452,nucleardisaster,24,30,2,,1.0,27452,nucleardisaster,16,31,1,,0.0,27452,nucleardisaster,14,32,2,,0.0,27452,pacific,23,33,2,,1.0,27452,tsunami,13,34,1,,0.0,27452,nucleardisaster,12,35,2,,1.0,27452,nucleardisaster,25,36,2,,1.0,27452,nucleardisaster,23,37,2,,0.0,27452,tsunami,24,38,2,,0.0,27452,tsunami,19,39,1,,0.0,,tsunami,15,40,,,,,,,,,,,,,,,,,,,,,,,,,,,,,,,,,,,,,,,,,,,,,,,,,,,,,,,,,,,,,,,,,,,,,,,,,,,,,,,,,,,,,,,,,,,,,,,,,,,,,,,,,,,,,,,,,,,,,,,,,,,,,,,,,,,,,,,,,,,,,,,,,,,,,,,,,,,,,,,,,,,,,,,,,,,,,,,,,,,,,,,,,,,,,,,,,,,,,,,,,,,,,,,,,,,,,,,,,,,,,,,,,,,,,,,,,,,,,,,,,,,,,,,,,,,,,,,,,,,,,,,,,,,,,,,,,,,,,,,,,,,,,,,,,,,,,,,,,,,,,,,,,,,,,,,,,,,,,,,,,,,,,,,,,,,,,,,,,,,,,,,,,,,,,,,,,,,,,,,,,,,,,,,,,,,,,,,,,,,,,,,,,,,,,,,,,,,,,,,,,,,,,,,,,,,,,,,,,,,,,,,,,,,,,,,,,,,,,,,,,,,,,,,,,,,,,,,,,,,,,,,,,,,,,,,,,,,,,,,,,,,,,,,,,,,,,,,,,,,,,,,,,,,,,,,,,,,,,,,,,,,,,,,,,,,,,,,,,,,,,,,,,,,,,,,,,,,,,,,,,,,,,,,,,,,,,,,,,,,,,,,,,,,,,,,,,,,,,,,,,,,,,,,,,,,,,,,,,,,,,,,,,,,,,,,,,,,,,,,,,,,,,,,,,,,,,,,,,,,,,,,,,,,,,,,,,,,,,,,,,,,,,,,,,,,,,,,,,,,,,,,,,,,,,,,,,,,,,,,,,,,,,,,,,,,,,,,,,,,,,,,,,,,,,,,,,,,,,,,,,,,,,,,,,,,,,,,,,,,,,,,,,,,,,,,,,,,,,,,,,,,,,,,,,,,,,,,,,,,,,,,,,,,,,,,,,,,,,,,,,,,,,,,,,,,,,,,,,,,,,,,,,,,,,,,,,,,,,,,,,,,,,,,,,,,,,,,,,,,,,,,,,,,,,,,,,,,,,,,,,,,,,,,,,,,,,,,,,,,,,,,,,,,,,,,,,,,,,,,,,,,,,,,,,,,,,,,,,,,,,,,,,,,,,,,,,,,,,,,,,,,,,,,,,,,,,,,,,,,,,,,,,,,,,,,,,,,,,,,,,,,,,,,,,,,,,,,,,,,,,,,,,,,,,,,,,,,,,,,,,,,,,,,,,,,,,,,,,,,,,,,,,,,,,,,,,,,,,,,,,,,,,,,,,,,,,,,,,,,,,,,,,,,,,,,,,,,,,,,,,,,,,,,,,,
40,ycmttb3k,,0,240,240,hashtag_experiment,LastPage,2024-04-17 17:14:12.277547,1,,,8.0,g8k2na6b,,,,,0,0.0,1.0,hashtag_experiment,"[[[30, 31], [32, 33], [34, 35], [36, 38], [37, 39], [40, 42], [41, 43], [44, 46], [45, 47], [48, 50], [1, 49], [2, 4], [3, 5], [6, 7], [8, 10], [9, 11], [12, 13], [14, 15], [16, 17], [18, 19], [20, 21], [22, 23], [24, 25], [26, 27], [28, 29]], [[3, 5], [4, 6], [7, 9], [8, 10], [11, 13], [12, 14], [15, 16], [17, 19], [18, 20], [21, 23], [22, 24], [25, 26], [27, 29], [28, 30], [31, 33], [32, 34], [35, 36], [37, 39], [38, 40], [41, 42], [43, 45], [44, 46], [47, 49], [48, 50], [1, 2]], [[23, 25], [22, 24], [26, 27], [28, 30], [29, 31], [32, 34], [33, 35], [36, 37], [38, 39], [40, 41], [42, 43], [44, 46], [45, 47], [48, 50], [1, 49], [2, 3], [4, 5], [6, 8], [7, 9], [10, 12], [11, 13], [14, 15], [16, 18], [17, 19], [20, 21]], [[3, 5], [4, 6], [7, 8], [9, 10], [11, 12], [13, 15], [14, 16], [17, 19], [18, 20], [21, 23], [22, 24], [25, 27], [26, 28], [29, 31], [30, 32], [33, 34], [35, 37], [36, 38], [39, 41], [40, 42], [43, 44], [45, 46], [47, 49], [48, 50], [1, 2]], [[9, 10], [11, 12], [13, 14], [15, 17], [16, 18], [19, 21], [20, 22], [23, 24], [25, 26], [27, 29], [28, 30], [31, 33], [32, 34], [35, 36], [37, 39], [38, 40], [41, 42], [43, 44], [45, 46], [47, 49], [48, 50], [1, 3], [2, 4], [5, 6], [7, 8]], [[41, 42], [43, 44], [45, 47], [46, 48], [49, 50], [1, 3], [2, 4], [5, 6], [7, 9], [8, 10], [11, 13], [12, 14], [15, 17], [16, 18], [19, 21], [20, 22], [23, 25], [24, 26], [27, 29], [28, 30], [31, 33], [32, 34], [35, 36], [37, 39], [38, 40]], [[16, 17], [18, 19], [20, 22], [21, 23], [24, 25], [26, 28], [27, 29], [30, 31], [32, 33], [34, 35], [36, 38], [37, 39], [40, 41], [42, 44], [43, 45], [46, 47], [48, 50], [1, 49], [2, 4], [3, 5], [6, 7], [8, 10], [9, 11], [12, 14], [13, 15]], [[5, 7], [6, 8], [9, 10], [11, 13], [12, 14], [15, 16], [17, 18], [19, 21], [20, 22], [23, 25], [24, 26], [27, 28], [29, 31], [30, 32], [33, 34], [35, 37], [36, 38], [39, 40], [41, 42], [43, 44], [45, 46], [47, 48], [1, 49], [2, 50], [3, 4]], [[30, 32], [29, 31], [33, 34], [35, 36], [37, 38], [39, 40], [41, 42], [43, 45], [44, 46], [47, 48], [1, 49], [2, 50], [3, 4], [5, 7], [6, 8], [9, 11], [10, 12], [13, 14], [15, 16], [17, 18], [19, 21], [20, 22], [23, 24], [25, 27], [26, 28]], [[44, 46], [43, 45], [47, 49], [48, 50], [1, 2], [3, 4], [5, 6], [7, 8], [9, 10], [11, 13], [12, 14], [15, 17], [16, 18], [19, 20], [21, 22], [23, 25], [24, 26], [27, 28], [29, 31], [30, 32], [33, 34], [35, 37], [36, 38], [39, 40], [41, 42]], [[1, 50], [2, 4], [3, 5], [6, 7], [8, 9], [10, 11], [12, 14], [13, 15], [16, 18], [17, 19], [20, 22], [21, 23], [24, 25], [26, 27], [28, 30], [29, 31], [32, 34], [33, 35], [36, 37], [38, 40], [39, 41], [42, 43], [44, 46], [45, 47], [48, 49]], [[23, 25], [24, 26], [27, 29], [28, 30], [31, 33], [32, 34], [35, 37], [36, 38], [39, 41], [40, 42], [43, 44], [45, 46], [47, 49], [48, 50], [1, 2], [3, 5], [4, 6], [7, 8], [9, 11], [10, 12], [13, 14], [15, 17], [16, 18], [19, 20], [21, 22]], [[26, 28], [27, 29], [30, 31], [32, 34], [33, 35], [36, 37], [38, 39], [40, 42], [41, 43], [44, 45], [46, 47], [48, 49], [1, 50], [2, 3], [4, 5], [6, 7], [8, 9], [10, 11], [12, 14], [13, 15], [16, 18], [17, 19], [20, 21], [22, 23], [24, 25]], [[43, 44], [45, 46], [47, 48], [1, 49], [2, 50], [3, 4], [5, 7], [6, 8], [9, 10], [11, 12], [13, 14], [15, 16], [17, 19], [18, 20], [21, 23], [22, 24], [25, 27], [26, 28], [29, 30], [31, 33], [32, 34], [35, 37], [36, 38], [39, 40], [41, 42]], [[26, 27], [28, 30], [29, 31], [32, 33], [34, 36], [35, 37], [38, 40], [39, 41], [42, 44], [43, 45], [46, 48], [47, 49], [2, 50], [1, 3], [4, 5], [6, 7], [8, 10], [9, 11], [12, 14], [13, 15], [16, 17], [18, 20], [19, 21], [22, 24], [23, 25]], [[25, 27], [26, 28], [29, 30], [31, 32], [33, 35], [34, 36], [37, 39], [38, 40], [41, 43], [42, 44], [45, 47], [46, 48], [1, 49], [2, 50], [3, 4], [5, 7], [6, 8], [9, 11], [10, 12], [13, 14], [15, 16], [17, 18], [19, 20], [21, 23], [22, 24]], [[20, 21], [22, 24], [23, 25], [26, 28], [27, 29], [30, 31], [32, 33], [34, 35], [36, 38], [37, 39], [40, 41], [42, 43], [44, 46], [45, 47], [48, 49], [1, 50], [2, 3], [4, 6], [5, 7], [8, 9], [10, 12], [11, 13], [14, 15], [16, 18], [17, 19]], [[6, 7], [8, 9], [10, 11], [12, 14], [13, 15], [16, 17], [18, 20], [19, 21], [22, 24], [23, 25], [26, 28], [27, 29], [30, 32], [31, 33], [34, 36], [35, 37], [38, 40], [39, 41], [42, 44], [43, 45], [46, 48], [47, 49], [1, 50], [2, 4], [3, 5]], [[41, 43], [40, 42], [44, 45], [46, 48], [47, 49], [1, 50], [2, 4], [3, 5], [6, 8], [7, 9], [10, 12], [11, 13], [14, 16], [15, 17], [18, 19], [20, 22], [21, 23], [24, 25], [26, 28], [27, 29], [30, 31], [32, 34], [33, 35], [36, 38], [37, 39]], [[13, 14], [15, 16], [17, 18], [19, 21], [20, 22], [23, 24], [25, 26], [27, 28], [29, 30], [31, 32], [33, 34], [35, 37], [36, 38], [39, 41], [40, 42], [43, 44], [45, 47], [46, 48], [49, 50], [1, 2], [3, 5], [4, 6], [7, 8], [9, 10], [11, 12]], [[21, 22], [23, 24], [25, 26], [27, 29], [28, 30], [31, 33], [32, 34], [35, 36], [37, 39], [38, 40], [41, 42], [43, 44], [45, 47], [46, 48], [49, 50], [1, 3], [2, 4], [5, 7], [6, 8], [9, 11], [10, 12], [13, 15], [14, 16], [17, 19], [18, 20]], [[12, 14], [13, 15], [16, 18], [17, 19], [20, 22], [21, 23], [24, 26], [25, 27], [28, 30], [29, 31], [32, 34], [33, 35], [36, 38], [37, 39], [40, 42], [41, 43], [44, 46], [45, 47], [48, 50], [1, 49], [2, 4], [3, 5], [6, 8], [7, 9], [10, 11]], [[39, 40], [41, 42], [43, 44], [45, 47], [46, 48], [1, 49], [2, 50], [3, 5], [4, 6], [7, 9], [8, 10], [11, 12], [13, 15], [14, 16], [17, 18], [19, 21], [20, 22], [23, 24], [25, 27], [26, 28], [29, 31], [30, 32], [33, 35], [34, 36], [37, 38]], [[41, 43], [42, 44], [45, 46], [47, 48], [1, 49], [2, 50], [3, 4], [5, 6], [7, 9], [8, 10], [11, 13], [12, 14], [15, 17], [16, 18], [19, 21], [20, 22], [23, 24], [25, 27], [26, 28], [29, 30], [31, 32], [33, 35], [34, 36], [37, 38], [39, 40]], [[43, 45], [46, 47], [48, 49], [2, 50], [1, 3], [4, 6], [5, 7], [8, 10], [9, 11], [12, 13], [14, 16], [15, 17], [18, 20], [19, 21], [22, 23], [24, 25], [26, 27], [28, 29], [30, 32], [31, 33], [34, 35], [36, 37], [38, 40], [39, 41], [42, 44]], [[14, 16], [17, 19], [18, 20], [21, 22], [23, 25], [24, 26], [27, 28], [29, 30], [31, 32], [33, 35], [34, 36], [37, 38], [39, 40], [41, 42], [43, 45], [44, 46], [47, 48], [1, 49], [2, 50], [3, 5], [4, 6], [7, 8], [9, 10], [11, 12], [13, 15]], [[5, 6], [7, 9], [8, 10], [11, 13], [12, 14], [15, 17], [16, 18], [19, 21], [20, 22], [23, 25], [24, 26], [27, 28], [29, 31], [30, 32], [33, 34], [35, 37], [36, 38], [39, 41], [40, 42], [43, 44], [45, 47], [46, 48], [1, 49], [2, 50], [3, 4]], [[18, 19], [20, 22], [21, 23], [24, 25], [26, 28], [27, 29], [30, 32], [31, 33], [34, 36], [35, 37], [38, 40], [39, 41], [42, 44], [43, 45], [46, 48], [47, 49], [2, 50], [1, 3], [4, 5], [6, 8], [7, 9], [10, 12], [11, 13], [14, 16], [15, 17]], [[49, 50], [1, 2], [3, 4], [5, 6], [7, 8], [9, 10], [11, 12], [13, 15], [14, 16], [17, 18], [19, 20], [21, 22], [23, 25], [24, 26], [27, 28], [29, 30], [31, 32], [33, 34], [35, 36], [37, 38], [39, 41], [40, 42], [43, 44], [45, 47], [46, 48]], [[43, 45], [44, 46], [47, 49], [48, 50], [1, 2], [3, 4], [5, 7], [6, 8], [9, 10], [11, 13], [12, 14], [15, 16], [17, 18], [19, 20], [21, 23], [22, 24], [25, 27], [26, 28], [29, 31], [30, 32], [33, 35], [34, 36], [37, 38], [39, 41], [40, 42]], [[7, 8], [9, 10], [11, 13], [12, 14], [15, 17], [16, 18], [19, 21], [20, 22], [23, 24], [25, 27], [26, 28], [29, 31], [30, 32], [33, 34], [35, 36], [37, 39], [38, 40], [41, 43], [42, 44], [45, 46], [47, 49], [48, 50], [1, 2], [3, 4], [5, 6]], [[14, 16], [13, 15], [17, 19], [18, 20], [21, 22], [23, 25], [24, 26], [27, 28], [29, 31], [30, 32], [33, 34], [35, 37], [36, 38], [39, 40], [41, 42], [43, 45], [44, 46], [47, 48], [1, 49], [2, 50], [3, 4], [5, 7], [6, 8], [9, 11], [10, 12]], [[43, 45], [44, 46], [47, 48], [1, 49], [2, 50], [3, 4], [5, 6], [7, 9], [8, 10], [11, 12], [13, 14], [15, 16], [17, 19], [18, 20], [21, 23], [22, 24], [25, 26], [27, 29], [28, 30], [31, 32], [33, 35], [34, 36], [37, 39], [38, 40], [41, 42]], [[14, 15], [16, 17], [18, 19], [20, 21], [22, 24], [23, 25], [26, 27], [28, 29], [30, 32], [31, 33], [34, 36], [35, 37], [38, 39], [40, 42], [41, 43], [44, 45], [46, 47], [48, 49], [2, 50], [1, 3], [4, 5], [6, 8], [7, 9], [10, 12], [11, 13]], [[18, 20], [19, 21], [22, 24], [23, 25], [26, 28], [27, 29], [30, 32], [31, 33], [34, 35], [36, 37], [38, 40], [39, 41], [42, 44], [43, 45], [46, 47], [48, 49], [2, 50], [1, 3], [4, 6], [5, 7], [8, 10], [9, 11], [12, 13], [14, 16], [15, 17]], [[40, 41], [42, 43], [44, 45], [46, 48], [47, 49], [1, 50], [2, 3], [4, 5], [6, 7], [8, 10], [9, 11], [12, 13], [14, 15], [16, 17], [18, 20], [19, 21], [22, 24], [23, 25], [26, 28], [27, 29], [30, 31], [32, 34], [33, 35], [36, 37], [38, 39]], [[43, 45], [46, 47], [48, 50], [1, 49], [2, 4], [3, 5], [6, 7], [8, 10], [9, 11], [12, 14], [13, 15], [16, 18], [17, 19], [20, 22], [21, 23], [24, 25], [26, 27], [28, 30], [29, 31], [32, 33], [34, 35], [36, 38], [37, 39], [40, 41], [42, 44]], [[41, 43], [44, 45], [46, 47], [48, 49], [2, 50], [1, 3], [4, 6], [5, 7], [8, 9], [10, 12], [11, 13], [14, 15], [16, 18], [17, 19], [20, 22], [21, 23], [24, 25], [26, 28], [27, 29], [30, 31], [32, 34], [33, 35], [36, 38], [37, 39], [40, 42]], [[2, 3], [4, 5], [6, 7], [8, 9], [10, 11], [12, 14], [13, 15], [16, 17], [18, 20], [19, 21], [22, 23], [24, 25], [26, 27], [28, 30], [29, 31], [32, 34], [33, 35], [36, 38], [37, 39], [40, 41], [42, 44], [43, 45], [46, 48], [47, 49], [1, 50]], [[11, 12], [13, 14], [15, 17], [16, 18], [19, 21], [20, 22], [23, 24], [25, 27], [26, 28], [29, 30], [31, 32], [33, 35], [34, 36], [37, 38], [39, 41], [40, 42], [43, 44], [45, 46], [47, 48], [1, 49], [2, 50], [3, 5], [4, 6], [7, 9], [8, 10]]]",,1,,0.0,15941,energyconsumption,6,1,2,,0.0,15941,radiation,19,2,1,,0.0,15941,radiation,10,3,1,,0.0,15941,hopeforjapan,20,4,2,,0.0,15941,reduce,16,5,2,,0.0,15941,nuclear,25,6,1,,0.0,15941,tsunami,13,7,2,,0.0,15941,tsunami,18,8,2,,0.0,15941,radiation,6,9,2,,0.0,15941,tsunami,24,10,2,,1.0,15941,nucleardisaster,20,11,1,,0.0,15941,nucleardisaster,10,12,1,,1.0,15941,nucleardisaster,8,13,2,,0.0,15941,nucleardisaster,24,14,2,,0.0,15941,nucleardisaster,7,15,2,,0.0,15941,nucleardisaster,8,16,1,,0.0,15941,tsunami,11,17,2,,0.0,15941,tsunami,17,18,1,,0.0,15941,tsunami,2,19,1,,1.0,15941,tsunami,15,20,2,,0.0,15941,tsunami,10,21,1,,0.0,15941,tsunami,15,22,2,,0.0,15941,tsunami,1,23,2,,0.0,15941,tsunami,25,24,2,,0.0,15941,tsunami,23,25,2,,0.0,15941,tsunami,13,26,1,,0.0,15941,tsunami,19,27,2,,1.0,15941,tsunami,11,28,1,,1.0,15941,tsunami,22,29,1,,1.0,15941,tsunami,25,30,2,,1.0,15941,tsunami,17,31,2,,0.0,15941,tsunami,14,32,2,,0.0,15941,tsunami,24,33,1,,0.0,15941,tsunami,14,34,2,,0.0,15941,,11,35,1,,0.0,15941,tsunami,1,36,1,,0.0,15941,tsunami,24,37,1,,0.0,15941,tsunami,25,38,1,,0.0,15941,tsunami,20,39,1,,1.0,15941,tsunami,16,40,,,,,,,,,,,,,,,,,,,,,,,,,,,,,,,,,,,,,,,,,,,,,,,,,,,,,,,,,,,,,,,,,,,,,,,,,,,,,,,,,,,,,,,,,,,,,,,,,,,,,,,,,,,,,,,,,,,,,,,,,,,,,,,,,,,,,,,,,,,,,,,,,,,,,,,,,,,,,,,,,,,,,,,,,,,,,,,,,,,,,,,,,,,,,,,,,,,,,,,,,,,,,,,,,,,,,,,,,,,,,,,,,,,,,,,,,,,,,,,,,,,,,,,,,,,,,,,,,,,,,,,,,,,,,,,,,,,,,,,,,,,,,,,,,,,,,,,,,,,,,,,,,,,,,,,,,,,,,,,,,,,,,,,,,,,,,,,,,,,,,,,,,,,,,,,,,,,,,,,,,,,,,,,,,,,,,,,,,,,,,,,,,,,,,,,,,,,,,,,,,,,,,,,,,,,,,,,,,,,,,,,,,,,,,,,,,,,,,,,,,,,,,,,,,,,,,,,,,,,,,,,,,,,,,,,,,,,,,,,,,,,,,,,,,,,,,,,,,,,,,,,,,,,,,,,,,,,,,,,,,,,,,,,,,,,,,,,,,,,,,,,,,,,,,,,,,,,,,,,,,,,,,,,,,,,,,,,,,,,,,,,,,,,,,,,,,,,,,,,,,,,,,,,,,,,,,,,,,,,,,,,,,,,,,,,,,,,,,,,,,,,,,,,,,,,,,,,,,,,,,,,,,,,,,,,,,,,,,,,,,,,,,,,,,,,,,,,,,,,,,,,,,,,,,,,,,,,,,,,,,,,,,,,,,,,,,,,,,,,,,,,,,,,,,,,,,,,,,,,,,,,,,,,,,,,,,,,,,,,,,,,,,,,,,,,,,,,,,,,,,,,,,,,,,,,,,,,,,,,,,,,,,,,,,,,,,,,,,,,,,,,,,,,,,,,,,,,,,,,,,,,,,,,,,,,,,,,,,,,,,,,,,,,,,,,,,,,,,,,,,,,,,,,,,,,,,,,,,,,,,,,,,,,,,,,,,,,,,,,,,,,,,,,,,,,,,,,,,,,,,,,,,,,,,,,,,,,,,,,,,,,,,,,,,,,,,,,,,,,,,,,,,,,,,,,,,,,,,,,,,,,,,,,,,,,,,,,,,,,,,,,,,,,,,,,,,,,,,,,,,,,,,,,,,,,,,,,,,,,,,,,,,,,,,,,,,,,,,,,,,,,,,,,,,,,,,,,,,,,,,,,,,,,,,,,,,,,,,,,,,,,,,,,,,,,,,,,,,,,,,,,,,,,,,,
41,lddm1sux,,0,237,240,hashtag_experiment,HashtagSelection,2024-04-17 17:14:20.395034,1,,,0.0,g8k2na6b,,,,,0,0.0,1.0,hashtag_experiment,"[[[30, 31], [32, 33], [34, 35], [36, 38], [37, 39], [40, 42], [41, 43], [44, 46], [45, 47], [48, 50], [1, 49], [2, 4], [3, 5], [6, 7], [8, 10], [9, 11], [12, 13], [14, 15], [16, 17], [18, 19], [20, 21], [22, 23], [24, 25], [26, 27], [28, 29]], [[3, 5], [4, 6], [7, 9], [8, 10], [11, 13], [12, 14], [15, 16], [17, 19], [18, 20], [21, 23], [22, 24], [25, 26], [27, 29], [28, 30], [31, 33], [32, 34], [35, 36], [37, 39], [38, 40], [41, 42], [43, 45], [44, 46], [47, 49], [48, 50], [1, 2]], [[23, 25], [22, 24], [26, 27], [28, 30], [29, 31], [32, 34], [33, 35], [36, 37], [38, 39], [40, 41], [42, 43], [44, 46], [45, 47], [48, 50], [1, 49], [2, 3], [4, 5], [6, 8], [7, 9], [10, 12], [11, 13], [14, 15], [16, 18], [17, 19], [20, 21]], [[3, 5], [4, 6], [7, 8], [9, 10], [11, 12], [13, 15], [14, 16], [17, 19], [18, 20], [21, 23], [22, 24], [25, 27], [26, 28], [29, 31], [30, 32], [33, 34], [35, 37], [36, 38], [39, 41], [40, 42], [43, 44], [45, 46], [47, 49], [48, 50], [1, 2]], [[9, 10], [11, 12], [13, 14], [15, 17], [16, 18], [19, 21], [20, 22], [23, 24], [25, 26], [27, 29], [28, 30], [31, 33], [32, 34], [35, 36], [37, 39], [38, 40], [41, 42], [43, 44], [45, 46], [47, 49], [48, 50], [1, 3], [2, 4], [5, 6], [7, 8]], [[41, 42], [43, 44], [45, 47], [46, 48], [49, 50], [1, 3], [2, 4], [5, 6], [7, 9], [8, 10], [11, 13], [12, 14], [15, 17], [16, 18], [19, 21], [20, 22], [23, 25], [24, 26], [27, 29], [28, 30], [31, 33], [32, 34], [35, 36], [37, 39], [38, 40]], [[16, 17], [18, 19], [20, 22], [21, 23], [24, 25], [26, 28], [27, 29], [30, 31], [32, 33], [34, 35], [36, 38], [37, 39], [40, 41], [42, 44], [43, 45], [46, 47], [48, 50], [1, 49], [2, 4], [3, 5], [6, 7], [8, 10], [9, 11], [12, 14], [13, 15]], [[5, 7], [6, 8], [9, 10], [11, 13], [12, 14], [15, 16], [17, 18], [19, 21], [20, 22], [23, 25], [24, 26], [27, 28], [29, 31], [30, 32], [33, 34], [35, 37], [36, 38], [39, 40], [41, 42], [43, 44], [45, 46], [47, 48], [1, 49], [2, 50], [3, 4]], [[30, 32], [29, 31], [33, 34], [35, 36], [37, 38], [39, 40], [41, 42], [43, 45], [44, 46], [47, 48], [1, 49], [2, 50], [3, 4], [5, 7], [6, 8], [9, 11], [10, 12], [13, 14], [15, 16], [17, 18], [19, 21], [20, 22], [23, 24], [25, 27], [26, 28]], [[44, 46], [43, 45], [47, 49], [48, 50], [1, 2], [3, 4], [5, 6], [7, 8], [9, 10], [11, 13], [12, 14], [15, 17], [16, 18], [19, 20], [21, 22], [23, 25], [24, 26], [27, 28], [29, 31], [30, 32], [33, 34], [35, 37], [36, 38], [39, 40], [41, 42]], [[1, 50], [2, 4], [3, 5], [6, 7], [8, 9], [10, 11], [12, 14], [13, 15], [16, 18], [17, 19], [20, 22], [21, 23], [24, 25], [26, 27], [28, 30], [29, 31], [32, 34], [33, 35], [36, 37], [38, 40], [39, 41], [42, 43], [44, 46], [45, 47], [48, 49]], [[23, 25], [24, 26], [27, 29], [28, 30], [31, 33], [32, 34], [35, 37], [36, 38], [39, 41], [40, 42], [43, 44], [45, 46], [47, 49], [48, 50], [1, 2], [3, 5], [4, 6], [7, 8], [9, 11], [10, 12], [13, 14], [15, 17], [16, 18], [19, 20], [21, 22]], [[26, 28], [27, 29], [30, 31], [32, 34], [33, 35], [36, 37], [38, 39], [40, 42], [41, 43], [44, 45], [46, 47], [48, 49], [1, 50], [2, 3], [4, 5], [6, 7], [8, 9], [10, 11], [12, 14], [13, 15], [16, 18], [17, 19], [20, 21], [22, 23], [24, 25]], [[43, 44], [45, 46], [47, 48], [1, 49], [2, 50], [3, 4], [5, 7], [6, 8], [9, 10], [11, 12], [13, 14], [15, 16], [17, 19], [18, 20], [21, 23], [22, 24], [25, 27], [26, 28], [29, 30], [31, 33], [32, 34], [35, 37], [36, 38], [39, 40], [41, 42]], [[26, 27], [28, 30], [29, 31], [32, 33], [34, 36], [35, 37], [38, 40], [39, 41], [42, 44], [43, 45], [46, 48], [47, 49], [2, 50], [1, 3], [4, 5], [6, 7], [8, 10], [9, 11], [12, 14], [13, 15], [16, 17], [18, 20], [19, 21], [22, 24], [23, 25]], [[25, 27], [26, 28], [29, 30], [31, 32], [33, 35], [34, 36], [37, 39], [38, 40], [41, 43], [42, 44], [45, 47], [46, 48], [1, 49], [2, 50], [3, 4], [5, 7], [6, 8], [9, 11], [10, 12], [13, 14], [15, 16], [17, 18], [19, 20], [21, 23], [22, 24]], [[20, 21], [22, 24], [23, 25], [26, 28], [27, 29], [30, 31], [32, 33], [34, 35], [36, 38], [37, 39], [40, 41], [42, 43], [44, 46], [45, 47], [48, 49], [1, 50], [2, 3], [4, 6], [5, 7], [8, 9], [10, 12], [11, 13], [14, 15], [16, 18], [17, 19]], [[6, 7], [8, 9], [10, 11], [12, 14], [13, 15], [16, 17], [18, 20], [19, 21], [22, 24], [23, 25], [26, 28], [27, 29], [30, 32], [31, 33], [34, 36], [35, 37], [38, 40], [39, 41], [42, 44], [43, 45], [46, 48], [47, 49], [1, 50], [2, 4], [3, 5]], [[41, 43], [40, 42], [44, 45], [46, 48], [47, 49], [1, 50], [2, 4], [3, 5], [6, 8], [7, 9], [10, 12], [11, 13], [14, 16], [15, 17], [18, 19], [20, 22], [21, 23], [24, 25], [26, 28], [27, 29], [30, 31], [32, 34], [33, 35], [36, 38], [37, 39]], [[13, 14], [15, 16], [17, 18], [19, 21], [20, 22], [23, 24], [25, 26], [27, 28], [29, 30], [31, 32], [33, 34], [35, 37], [36, 38], [39, 41], [40, 42], [43, 44], [45, 47], [46, 48], [49, 50], [1, 2], [3, 5], [4, 6], [7, 8], [9, 10], [11, 12]], [[21, 22], [23, 24], [25, 26], [27, 29], [28, 30], [31, 33], [32, 34], [35, 36], [37, 39], [38, 40], [41, 42], [43, 44], [45, 47], [46, 48], [49, 50], [1, 3], [2, 4], [5, 7], [6, 8], [9, 11], [10, 12], [13, 15], [14, 16], [17, 19], [18, 20]], [[12, 14], [13, 15], [16, 18], [17, 19], [20, 22], [21, 23], [24, 26], [25, 27], [28, 30], [29, 31], [32, 34], [33, 35], [36, 38], [37, 39], [40, 42], [41, 43], [44, 46], [45, 47], [48, 50], [1, 49], [2, 4], [3, 5], [6, 8], [7, 9], [10, 11]], [[39, 40], [41, 42], [43, 44], [45, 47], [46, 48], [1, 49], [2, 50], [3, 5], [4, 6], [7, 9], [8, 10], [11, 12], [13, 15], [14, 16], [17, 18], [19, 21], [20, 22], [23, 24], [25, 27], [26, 28], [29, 31], [30, 32], [33, 35], [34, 36], [37, 38]], [[41, 43], [42, 44], [45, 46], [47, 48], [1, 49], [2, 50], [3, 4], [5, 6], [7, 9], [8, 10], [11, 13], [12, 14], [15, 17], [16, 18], [19, 21], [20, 22], [23, 24], [25, 27], [26, 28], [29, 30], [31, 32], [33, 35], [34, 36], [37, 38], [39, 40]], [[43, 45], [46, 47], [48, 49], [2, 50], [1, 3], [4, 6], [5, 7], [8, 10], [9, 11], [12, 13], [14, 16], [15, 17], [18, 20], [19, 21], [22, 23], [24, 25], [26, 27], [28, 29], [30, 32], [31, 33], [34, 35], [36, 37], [38, 40], [39, 41], [42, 44]], [[14, 16], [17, 19], [18, 20], [21, 22], [23, 25], [24, 26], [27, 28], [29, 30], [31, 32], [33, 35], [34, 36], [37, 38], [39, 40], [41, 42], [43, 45], [44, 46], [47, 48], [1, 49], [2, 50], [3, 5], [4, 6], [7, 8], [9, 10], [11, 12], [13, 15]], [[5, 6], [7, 9], [8, 10], [11, 13], [12, 14], [15, 17], [16, 18], [19, 21], [20, 22], [23, 25], [24, 26], [27, 28], [29, 31], [30, 32], [33, 34], [35, 37], [36, 38], [39, 41], [40, 42], [43, 44], [45, 47], [46, 48], [1, 49], [2, 50], [3, 4]], [[18, 19], [20, 22], [21, 23], [24, 25], [26, 28], [27, 29], [30, 32], [31, 33], [34, 36], [35, 37], [38, 40], [39, 41], [42, 44], [43, 45], [46, 48], [47, 49], [2, 50], [1, 3], [4, 5], [6, 8], [7, 9], [10, 12], [11, 13], [14, 16], [15, 17]], [[49, 50], [1, 2], [3, 4], [5, 6], [7, 8], [9, 10], [11, 12], [13, 15], [14, 16], [17, 18], [19, 20], [21, 22], [23, 25], [24, 26], [27, 28], [29, 30], [31, 32], [33, 34], [35, 36], [37, 38], [39, 41], [40, 42], [43, 44], [45, 47], [46, 48]], [[43, 45], [44, 46], [47, 49], [48, 50], [1, 2], [3, 4], [5, 7], [6, 8], [9, 10], [11, 13], [12, 14], [15, 16], [17, 18], [19, 20], [21, 23], [22, 24], [25, 27], [26, 28], [29, 31], [30, 32], [33, 35], [34, 36], [37, 38], [39, 41], [40, 42]], [[7, 8], [9, 10], [11, 13], [12, 14], [15, 17], [16, 18], [19, 21], [20, 22], [23, 24], [25, 27], [26, 28], [29, 31], [30, 32], [33, 34], [35, 36], [37, 39], [38, 40], [41, 43], [42, 44], [45, 46], [47, 49], [48, 50], [1, 2], [3, 4], [5, 6]], [[14, 16], [13, 15], [17, 19], [18, 20], [21, 22], [23, 25], [24, 26], [27, 28], [29, 31], [30, 32], [33, 34], [35, 37], [36, 38], [39, 40], [41, 42], [43, 45], [44, 46], [47, 48], [1, 49], [2, 50], [3, 4], [5, 7], [6, 8], [9, 11], [10, 12]], [[43, 45], [44, 46], [47, 48], [1, 49], [2, 50], [3, 4], [5, 6], [7, 9], [8, 10], [11, 12], [13, 14], [15, 16], [17, 19], [18, 20], [21, 23], [22, 24], [25, 26], [27, 29], [28, 30], [31, 32], [33, 35], [34, 36], [37, 39], [38, 40], [41, 42]], [[14, 15], [16, 17], [18, 19], [20, 21], [22, 24], [23, 25], [26, 27], [28, 29], [30, 32], [31, 33], [34, 36], [35, 37], [38, 39], [40, 42], [41, 43], [44, 45], [46, 47], [48, 49], [2, 50], [1, 3], [4, 5], [6, 8], [7, 9], [10, 12], [11, 13]], [[18, 20], [19, 21], [22, 24], [23, 25], [26, 28], [27, 29], [30, 32], [31, 33], [34, 35], [36, 37], [38, 40], [39, 41], [42, 44], [43, 45], [46, 47], [48, 49], [2, 50], [1, 3], [4, 6], [5, 7], [8, 10], [9, 11], [12, 13], [14, 16], [15, 17]], [[40, 41], [42, 43], [44, 45], [46, 48], [47, 49], [1, 50], [2, 3], [4, 5], [6, 7], [8, 10], [9, 11], [12, 13], [14, 15], [16, 17], [18, 20], [19, 21], [22, 24], [23, 25], [26, 28], [27, 29], [30, 31], [32, 34], [33, 35], [36, 37], [38, 39]], [[43, 45], [46, 47], [48, 50], [1, 49], [2, 4], [3, 5], [6, 7], [8, 10], [9, 11], [12, 14], [13, 15], [16, 18], [17, 19], [20, 22], [21, 23], [24, 25], [26, 27], [28, 30], [29, 31], [32, 33], [34, 35], [36, 38], [37, 39], [40, 41], [42, 44]], [[41, 43], [44, 45], [46, 47], [48, 49], [2, 50], [1, 3], [4, 6], [5, 7], [8, 9], [10, 12], [11, 13], [14, 15], [16, 18], [17, 19], [20, 22], [21, 23], [24, 25], [26, 28], [27, 29], [30, 31], [32, 34], [33, 35], [36, 38], [37, 39], [40, 42]], [[2, 3], [4, 5], [6, 7], [8, 9], [10, 11], [12, 14], [13, 15], [16, 17], [18, 20], [19, 21], [22, 23], [24, 25], [26, 27], [28, 30], [29, 31], [32, 34], [33, 35], [36, 38], [37, 39], [40, 41], [42, 44], [43, 45], [46, 48], [47, 49], [1, 50]], [[11, 12], [13, 14], [15, 17], [16, 18], [19, 21], [20, 22], [23, 24], [25, 27], [26, 28], [29, 30], [31, 32], [33, 35], [34, 36], [37, 38], [39, 41], [40, 42], [43, 44], [45, 46], [47, 48], [1, 49], [2, 50], [3, 5], [4, 6], [7, 9], [8, 10]]]",,1,,0.0,20628,SaveJapan,7,1,1,,0.0,20628,Saveenergy,20,2,2,,0.0,20628,hopeforjapan,10,3,2,,0.0,20628,radiation,19,4,1,,0.0,20628,radiation,17,5,1,,0.0,20628,saveus,1,6,2,,0.0,20628,dotherightthing,13,7,1,,0.0,20628,disaster,19,8,1,,0.0,20628,ocean,7,9,1,,0.0,20628,nucleardisaster,25,10,2,,0.0,20628,oceans,21,11,2,,0.0,20628,nucleardisaster,9,12,1,,0.0,20628,radiation,9,13,1,,0.0,20628,pacific,25,14,2,,0.0,20628,pacific,8,15,1,,0.0,20628,tsunami,9,16,2,,0.0,20628,,11,17,2,,0.0,20628,,18,18,1,,0.0,20628,,1,19,2,,0.0,20628,,14,20,1,,0.0,20628,,11,21,1,,0.0,20628,,16,22,1,,0.0,20628,,2,23,1,,0.0,20628,,1,24,2,,0.0,20628,,24,25,1,,0.0,20628,,14,26,2,,0.0,20628,,18,27,2,,0.0,20628,,12,28,2,,0.0,20628,,21,29,2,,0.0,20628,,24,30,1,,0.0,20628,,18,31,1,,0.0,20628,,15,32,1,,0.0,20628,,25,33,1,,0.0,20628,,15,34,2,,0.0,20628,,12,35,2,,0.0,20628,,1,36,2,,0.0,20628,,24,37,1,,0.0,20628,,1,38,2,,0.0,20628,,20,39,2,,0.0,,,15,40,,,,,,,,,,,,,,,,,,,,,,,,,,,,,,,,,,,,,,,,,,,,,,,,,,,,,,,,,,,,,,,,,,,,,,,,,,,,,,,,,,,,,,,,,,,,,,,,,,,,,,,,,,,,,,,,,,,,,,,,,,,,,,,,,,,,,,,,,,,,,,,,,,,,,,,,,,,,,,,,,,,,,,,,,,,,,,,,,,,,,,,,,,,,,,,,,,,,,,,,,,,,,,,,,,,,,,,,,,,,,,,,,,,,,,,,,,,,,,,,,,,,,,,,,,,,,,,,,,,,,,,,,,,,,,,,,,,,,,,,,,,,,,,,,,,,,,,,,,,,,,,,,,,,,,,,,,,,,,,,,,,,,,,,,,,,,,,,,,,,,,,,,,,,,,,,,,,,,,,,,,,,,,,,,,,,,,,,,,,,,,,,,,,,,,,,,,,,,,,,,,,,,,,,,,,,,,,,,,,,,,,,,,,,,,,,,,,,,,,,,,,,,,,,,,,,,,,,,,,,,,,,,,,,,,,,,,,,,,,,,,,,,,,,,,,,,,,,,,,,,,,,,,,,,,,,,,,,,,,,,,,,,,,,,,,,,,,,,,,,,,,,,,,,,,,,,,,,,,,,,,,,,,,,,,,,,,,,,,,,,,,,,,,,,,,,,,,,,,,,,,,,,,,,,,,,,,,,,,,,,,,,,,,,,,,,,,,,,,,,,,,,,,,,,,,,,,,,,,,,,,,,,,,,,,,,,,,,,,,,,,,,,,,,,,,,,,,,,,,,,,,,,,,,,,,,,,,,,,,,,,,,,,,,,,,,,,,,,,,,,,,,,,,,,,,,,,,,,,,,,,,,,,,,,,,,,,,,,,,,,,,,,,,,,,,,,,,,,,,,,,,,,,,,,,,,,,,,,,,,,,,,,,,,,,,,,,,,,,,,,,,,,,,,,,,,,,,,,,,,,,,,,,,,,,,,,,,,,,,,,,,,,,,,,,,,,,,,,,,,,,,,,,,,,,,,,,,,,,,,,,,,,,,,,,,,,,,,,,,,,,,,,,,,,,,,,,,,,,,,,,,,,,,,,,,,,,,,,,,,,,,,,,,,,,,,,,,,,,,,,,,,,,,,,,,,,,,,,,,,,,,,,,,,,,,,,,,,,,,,,,,,,,,,,,,,,,,,,,,,,,,,,,,,,,,,,,,,,,,,,,,,,,,,,,,,,,,,,,,,,,,,,,,,,,,,,,,,,,,,,,,,,,,,,,,,,,,,,,,,,,,,,,,,,,,,,,,,,,,,,,,,,,,,,,
42,shwtbnli,,0,240,240,hashtag_experiment,LastPage,2024-04-17 17:14:24.789706,1,,,7.0,g8k2na6b,,,,,0,0.0,1.0,hashtag_experiment,"[[[30, 31], [32, 33], [34, 35], [36, 38], [37, 39], [40, 42], [41, 43], [44, 46], [45, 47], [48, 50], [1, 49], [2, 4], [3, 5], [6, 7], [8, 10], [9, 11], [12, 13], [14, 15], [16, 17], [18, 19], [20, 21], [22, 23], [24, 25], [26, 27], [28, 29]], [[3, 5], [4, 6], [7, 9], [8, 10], [11, 13], [12, 14], [15, 16], [17, 19], [18, 20], [21, 23], [22, 24], [25, 26], [27, 29], [28, 30], [31, 33], [32, 34], [35, 36], [37, 39], [38, 40], [41, 42], [43, 45], [44, 46], [47, 49], [48, 50], [1, 2]], [[23, 25], [22, 24], [26, 27], [28, 30], [29, 31], [32, 34], [33, 35], [36, 37], [38, 39], [40, 41], [42, 43], [44, 46], [45, 47], [48, 50], [1, 49], [2, 3], [4, 5], [6, 8], [7, 9], [10, 12], [11, 13], [14, 15], [16, 18], [17, 19], [20, 21]], [[3, 5], [4, 6], [7, 8], [9, 10], [11, 12], [13, 15], [14, 16], [17, 19], [18, 20], [21, 23], [22, 24], [25, 27], [26, 28], [29, 31], [30, 32], [33, 34], [35, 37], [36, 38], [39, 41], [40, 42], [43, 44], [45, 46], [47, 49], [48, 50], [1, 2]], [[9, 10], [11, 12], [13, 14], [15, 17], [16, 18], [19, 21], [20, 22], [23, 24], [25, 26], [27, 29], [28, 30], [31, 33], [32, 34], [35, 36], [37, 39], [38, 40], [41, 42], [43, 44], [45, 46], [47, 49], [48, 50], [1, 3], [2, 4], [5, 6], [7, 8]], [[41, 42], [43, 44], [45, 47], [46, 48], [49, 50], [1, 3], [2, 4], [5, 6], [7, 9], [8, 10], [11, 13], [12, 14], [15, 17], [16, 18], [19, 21], [20, 22], [23, 25], [24, 26], [27, 29], [28, 30], [31, 33], [32, 34], [35, 36], [37, 39], [38, 40]], [[16, 17], [18, 19], [20, 22], [21, 23], [24, 25], [26, 28], [27, 29], [30, 31], [32, 33], [34, 35], [36, 38], [37, 39], [40, 41], [42, 44], [43, 45], [46, 47], [48, 50], [1, 49], [2, 4], [3, 5], [6, 7], [8, 10], [9, 11], [12, 14], [13, 15]], [[5, 7], [6, 8], [9, 10], [11, 13], [12, 14], [15, 16], [17, 18], [19, 21], [20, 22], [23, 25], [24, 26], [27, 28], [29, 31], [30, 32], [33, 34], [35, 37], [36, 38], [39, 40], [41, 42], [43, 44], [45, 46], [47, 48], [1, 49], [2, 50], [3, 4]], [[30, 32], [29, 31], [33, 34], [35, 36], [37, 38], [39, 40], [41, 42], [43, 45], [44, 46], [47, 48], [1, 49], [2, 50], [3, 4], [5, 7], [6, 8], [9, 11], [10, 12], [13, 14], [15, 16], [17, 18], [19, 21], [20, 22], [23, 24], [25, 27], [26, 28]], [[44, 46], [43, 45], [47, 49], [48, 50], [1, 2], [3, 4], [5, 6], [7, 8], [9, 10], [11, 13], [12, 14], [15, 17], [16, 18], [19, 20], [21, 22], [23, 25], [24, 26], [27, 28], [29, 31], [30, 32], [33, 34], [35, 37], [36, 38], [39, 40], [41, 42]], [[1, 50], [2, 4], [3, 5], [6, 7], [8, 9], [10, 11], [12, 14], [13, 15], [16, 18], [17, 19], [20, 22], [21, 23], [24, 25], [26, 27], [28, 30], [29, 31], [32, 34], [33, 35], [36, 37], [38, 40], [39, 41], [42, 43], [44, 46], [45, 47], [48, 49]], [[23, 25], [24, 26], [27, 29], [28, 30], [31, 33], [32, 34], [35, 37], [36, 38], [39, 41], [40, 42], [43, 44], [45, 46], [47, 49], [48, 50], [1, 2], [3, 5], [4, 6], [7, 8], [9, 11], [10, 12], [13, 14], [15, 17], [16, 18], [19, 20], [21, 22]], [[26, 28], [27, 29], [30, 31], [32, 34], [33, 35], [36, 37], [38, 39], [40, 42], [41, 43], [44, 45], [46, 47], [48, 49], [1, 50], [2, 3], [4, 5], [6, 7], [8, 9], [10, 11], [12, 14], [13, 15], [16, 18], [17, 19], [20, 21], [22, 23], [24, 25]], [[43, 44], [45, 46], [47, 48], [1, 49], [2, 50], [3, 4], [5, 7], [6, 8], [9, 10], [11, 12], [13, 14], [15, 16], [17, 19], [18, 20], [21, 23], [22, 24], [25, 27], [26, 28], [29, 30], [31, 33], [32, 34], [35, 37], [36, 38], [39, 40], [41, 42]], [[26, 27], [28, 30], [29, 31], [32, 33], [34, 36], [35, 37], [38, 40], [39, 41], [42, 44], [43, 45], [46, 48], [47, 49], [2, 50], [1, 3], [4, 5], [6, 7], [8, 10], [9, 11], [12, 14], [13, 15], [16, 17], [18, 20], [19, 21], [22, 24], [23, 25]], [[25, 27], [26, 28], [29, 30], [31, 32], [33, 35], [34, 36], [37, 39], [38, 40], [41, 43], [42, 44], [45, 47], [46, 48], [1, 49], [2, 50], [3, 4], [5, 7], [6, 8], [9, 11], [10, 12], [13, 14], [15, 16], [17, 18], [19, 20], [21, 23], [22, 24]], [[20, 21], [22, 24], [23, 25], [26, 28], [27, 29], [30, 31], [32, 33], [34, 35], [36, 38], [37, 39], [40, 41], [42, 43], [44, 46], [45, 47], [48, 49], [1, 50], [2, 3], [4, 6], [5, 7], [8, 9], [10, 12], [11, 13], [14, 15], [16, 18], [17, 19]], [[6, 7], [8, 9], [10, 11], [12, 14], [13, 15], [16, 17], [18, 20], [19, 21], [22, 24], [23, 25], [26, 28], [27, 29], [30, 32], [31, 33], [34, 36], [35, 37], [38, 40], [39, 41], [42, 44], [43, 45], [46, 48], [47, 49], [1, 50], [2, 4], [3, 5]], [[41, 43], [40, 42], [44, 45], [46, 48], [47, 49], [1, 50], [2, 4], [3, 5], [6, 8], [7, 9], [10, 12], [11, 13], [14, 16], [15, 17], [18, 19], [20, 22], [21, 23], [24, 25], [26, 28], [27, 29], [30, 31], [32, 34], [33, 35], [36, 38], [37, 39]], [[13, 14], [15, 16], [17, 18], [19, 21], [20, 22], [23, 24], [25, 26], [27, 28], [29, 30], [31, 32], [33, 34], [35, 37], [36, 38], [39, 41], [40, 42], [43, 44], [45, 47], [46, 48], [49, 50], [1, 2], [3, 5], [4, 6], [7, 8], [9, 10], [11, 12]], [[21, 22], [23, 24], [25, 26], [27, 29], [28, 30], [31, 33], [32, 34], [35, 36], [37, 39], [38, 40], [41, 42], [43, 44], [45, 47], [46, 48], [49, 50], [1, 3], [2, 4], [5, 7], [6, 8], [9, 11], [10, 12], [13, 15], [14, 16], [17, 19], [18, 20]], [[12, 14], [13, 15], [16, 18], [17, 19], [20, 22], [21, 23], [24, 26], [25, 27], [28, 30], [29, 31], [32, 34], [33, 35], [36, 38], [37, 39], [40, 42], [41, 43], [44, 46], [45, 47], [48, 50], [1, 49], [2, 4], [3, 5], [6, 8], [7, 9], [10, 11]], [[39, 40], [41, 42], [43, 44], [45, 47], [46, 48], [1, 49], [2, 50], [3, 5], [4, 6], [7, 9], [8, 10], [11, 12], [13, 15], [14, 16], [17, 18], [19, 21], [20, 22], [23, 24], [25, 27], [26, 28], [29, 31], [30, 32], [33, 35], [34, 36], [37, 38]], [[41, 43], [42, 44], [45, 46], [47, 48], [1, 49], [2, 50], [3, 4], [5, 6], [7, 9], [8, 10], [11, 13], [12, 14], [15, 17], [16, 18], [19, 21], [20, 22], [23, 24], [25, 27], [26, 28], [29, 30], [31, 32], [33, 35], [34, 36], [37, 38], [39, 40]], [[43, 45], [46, 47], [48, 49], [2, 50], [1, 3], [4, 6], [5, 7], [8, 10], [9, 11], [12, 13], [14, 16], [15, 17], [18, 20], [19, 21], [22, 23], [24, 25], [26, 27], [28, 29], [30, 32], [31, 33], [34, 35], [36, 37], [38, 40], [39, 41], [42, 44]], [[14, 16], [17, 19], [18, 20], [21, 22], [23, 25], [24, 26], [27, 28], [29, 30], [31, 32], [33, 35], [34, 36], [37, 38], [39, 40], [41, 42], [43, 45], [44, 46], [47, 48], [1, 49], [2, 50], [3, 5], [4, 6], [7, 8], [9, 10], [11, 12], [13, 15]], [[5, 6], [7, 9], [8, 10], [11, 13], [12, 14], [15, 17], [16, 18], [19, 21], [20, 22], [23, 25], [24, 26], [27, 28], [29, 31], [30, 32], [33, 34], [35, 37], [36, 38], [39, 41], [40, 42], [43, 44], [45, 47], [46, 48], [1, 49], [2, 50], [3, 4]], [[18, 19], [20, 22], [21, 23], [24, 25], [26, 28], [27, 29], [30, 32], [31, 33], [34, 36], [35, 37], [38, 40], [39, 41], [42, 44], [43, 45], [46, 48], [47, 49], [2, 50], [1, 3], [4, 5], [6, 8], [7, 9], [10, 12], [11, 13], [14, 16], [15, 17]], [[49, 50], [1, 2], [3, 4], [5, 6], [7, 8], [9, 10], [11, 12], [13, 15], [14, 16], [17, 18], [19, 20], [21, 22], [23, 25], [24, 26], [27, 28], [29, 30], [31, 32], [33, 34], [35, 36], [37, 38], [39, 41], [40, 42], [43, 44], [45, 47], [46, 48]], [[43, 45], [44, 46], [47, 49], [48, 50], [1, 2], [3, 4], [5, 7], [6, 8], [9, 10], [11, 13], [12, 14], [15, 16], [17, 18], [19, 20], [21, 23], [22, 24], [25, 27], [26, 28], [29, 31], [30, 32], [33, 35], [34, 36], [37, 38], [39, 41], [40, 42]], [[7, 8], [9, 10], [11, 13], [12, 14], [15, 17], [16, 18], [19, 21], [20, 22], [23, 24], [25, 27], [26, 28], [29, 31], [30, 32], [33, 34], [35, 36], [37, 39], [38, 40], [41, 43], [42, 44], [45, 46], [47, 49], [48, 50], [1, 2], [3, 4], [5, 6]], [[14, 16], [13, 15], [17, 19], [18, 20], [21, 22], [23, 25], [24, 26], [27, 28], [29, 31], [30, 32], [33, 34], [35, 37], [36, 38], [39, 40], [41, 42], [43, 45], [44, 46], [47, 48], [1, 49], [2, 50], [3, 4], [5, 7], [6, 8], [9, 11], [10, 12]], [[43, 45], [44, 46], [47, 48], [1, 49], [2, 50], [3, 4], [5, 6], [7, 9], [8, 10], [11, 12], [13, 14], [15, 16], [17, 19], [18, 20], [21, 23], [22, 24], [25, 26], [27, 29], [28, 30], [31, 32], [33, 35], [34, 36], [37, 39], [38, 40], [41, 42]], [[14, 15], [16, 17], [18, 19], [20, 21], [22, 24], [23, 25], [26, 27], [28, 29], [30, 32], [31, 33], [34, 36], [35, 37], [38, 39], [40, 42], [41, 43], [44, 45], [46, 47], [48, 49], [2, 50], [1, 3], [4, 5], [6, 8], [7, 9], [10, 12], [11, 13]], [[18, 20], [19, 21], [22, 24], [23, 25], [26, 28], [27, 29], [30, 32], [31, 33], [34, 35], [36, 37], [38, 40], [39, 41], [42, 44], [43, 45], [46, 47], [48, 49], [2, 50], [1, 3], [4, 6], [5, 7], [8, 10], [9, 11], [12, 13], [14, 16], [15, 17]], [[40, 41], [42, 43], [44, 45], [46, 48], [47, 49], [1, 50], [2, 3], [4, 5], [6, 7], [8, 10], [9, 11], [12, 13], [14, 15], [16, 17], [18, 20], [19, 21], [22, 24], [23, 25], [26, 28], [27, 29], [30, 31], [32, 34], [33, 35], [36, 37], [38, 39]], [[43, 45], [46, 47], [48, 50], [1, 49], [2, 4], [3, 5], [6, 7], [8, 10], [9, 11], [12, 14], [13, 15], [16, 18], [17, 19], [20, 22], [21, 23], [24, 25], [26, 27], [28, 30], [29, 31], [32, 33], [34, 35], [36, 38], [37, 39], [40, 41], [42, 44]], [[41, 43], [44, 45], [46, 47], [48, 49], [2, 50], [1, 3], [4, 6], [5, 7], [8, 9], [10, 12], [11, 13], [14, 15], [16, 18], [17, 19], [20, 22], [21, 23], [24, 25], [26, 28], [27, 29], [30, 31], [32, 34], [33, 35], [36, 38], [37, 39], [40, 42]], [[2, 3], [4, 5], [6, 7], [8, 9], [10, 11], [12, 14], [13, 15], [16, 17], [18, 20], [19, 21], [22, 23], [24, 25], [26, 27], [28, 30], [29, 31], [32, 34], [33, 35], [36, 38], [37, 39], [40, 41], [42, 44], [43, 45], [46, 48], [47, 49], [1, 50]], [[11, 12], [13, 14], [15, 17], [16, 18], [19, 21], [20, 22], [23, 24], [25, 27], [26, 28], [29, 30], [31, 32], [33, 35], [34, 36], [37, 38], [39, 41], [40, 42], [43, 44], [45, 46], [47, 48], [1, 49], [2, 50], [3, 5], [4, 6], [7, 9], [8, 10]]]",,2,,0.0,53318,radiation,6,1,2,,0.0,53318,energyconsumption,20,2,1,,0.0,53318,saveenergy,11,3,2,,0.0,53318,conserve,20,4,2,,0.0,53318,conservation,17,5,2,,0.0,53318,radiation,1,6,1,,0.0,53318,radioactive,14,7,2,,0.0,53318,ocean,19,8,2,,0.0,53318,nucleardisaster,7,9,2,,0.0,53318,ocean,25,10,1,,0.0,53318,ocean,22,11,2,,0.0,53318,ocean,10,12,2,,1.0,53318,nucleardisaster,8,13,2,,0.0,53318,nucleardisaster,25,14,1,,0.0,53318,pacific,9,15,1,,0.0,53318,pacific,10,16,1,,0.0,53318,tsunami,12,17,1,,0.0,53318,pacific,19,18,2,,0.0,53318,earthquake,2,19,2,,1.0,53318,tsunami,15,20,2,,0.0,53318,earthquake,11,21,2,,0.0,53318,tidalwave,15,22,2,,0.0,53318,tidalwave,2,23,1,,0.0,53318,tsunami,2,24,1,,1.0,53318,earthquake,25,25,2,,0.0,53318,tsunami,14,26,2,,0.0,53318,,19,27,1,,1.0,53318,tsunami,13,28,2,,1.0,53318,tsunami,22,29,2,,1.0,53318,tsunami,25,30,1,,0.0,53318,tsunami,19,31,2,,0.0,53318,naturaldisaster,15,32,2,,0.0,53318,naturaldisaster,25,33,2,,0.0,53318,,14,34,1,,0.0,53318,tsunami,13,35,1,,0.0,53318,tsunami,2,36,1,,0.0,53318,radioactive,25,37,2,,0.0,53318,nuclear,25,38,1,,0.0,53318,tsunami,21,39,2,,1.0,53318,tsunami,16,40,,,,,,,,,,,,,,,,,,,,,,,,,,,,,,,,,,,,,,,,,,,,,,,,,,,,,,,,,,,,,,,,,,,,,,,,,,,,,,,,,,,,,,,,,,,,,,,,,,,,,,,,,,,,,,,,,,,,,,,,,,,,,,,,,,,,,,,,,,,,,,,,,,,,,,,,,,,,,,,,,,,,,,,,,,,,,,,,,,,,,,,,,,,,,,,,,,,,,,,,,,,,,,,,,,,,,,,,,,,,,,,,,,,,,,,,,,,,,,,,,,,,,,,,,,,,,,,,,,,,,,,,,,,,,,,,,,,,,,,,,,,,,,,,,,,,,,,,,,,,,,,,,,,,,,,,,,,,,,,,,,,,,,,,,,,,,,,,,,,,,,,,,,,,,,,,,,,,,,,,,,,,,,,,,,,,,,,,,,,,,,,,,,,,,,,,,,,,,,,,,,,,,,,,,,,,,,,,,,,,,,,,,,,,,,,,,,,,,,,,,,,,,,,,,,,,,,,,,,,,,,,,,,,,,,,,,,,,,,,,,,,,,,,,,,,,,,,,,,,,,,,,,,,,,,,,,,,,,,,,,,,,,,,,,,,,,,,,,,,,,,,,,,,,,,,,,,,,,,,,,,,,,,,,,,,,,,,,,,,,,,,,,,,,,,,,,,,,,,,,,,,,,,,,,,,,,,,,,,,,,,,,,,,,,,,,,,,,,,,,,,,,,,,,,,,,,,,,,,,,,,,,,,,,,,,,,,,,,,,,,,,,,,,,,,,,,,,,,,,,,,,,,,,,,,,,,,,,,,,,,,,,,,,,,,,,,,,,,,,,,,,,,,,,,,,,,,,,,,,,,,,,,,,,,,,,,,,,,,,,,,,,,,,,,,,,,,,,,,,,,,,,,,,,,,,,,,,,,,,,,,,,,,,,,,,,,,,,,,,,,,,,,,,,,,,,,,,,,,,,,,,,,,,,,,,,,,,,,,,,,,,,,,,,,,,,,,,,,,,,,,,,,,,,,,,,,,,,,,,,,,,,,,,,,,,,,,,,,,,,,,,,,,,,,,,,,,,,,,,,,,,,,,,,,,,,,,,,,,,,,,,,,,,,,,,,,,,,,,,,,,,,,,,,,,,,,,,,,,,,,,,,,,,,,,,,,,,,,,,,,,,,,,,,,,,,,,,,,,,,,,,,,,,,,,,,,,,,,,,,,,,,,,,,,,,,,,,,,,,,,,,,,,,,,,,,,,,,,,,,,,,,,,,,,,,,,,,,,,,,,,,,,,,,,,,,,,,,,,,,,,,,,,,,,,
43,lyszm85e,,0,240,240,hashtag_experiment,LastPage,2024-04-17 17:16:10.381157,1,,,2.0,g8k2na6b,,,,,0,0.0,1.0,hashtag_experiment,"[[[30, 31], [32, 33], [34, 35], [36, 38], [37, 39], [40, 42], [41, 43], [44, 46], [45, 47], [48, 50], [1, 49], [2, 4], [3, 5], [6, 7], [8, 10], [9, 11], [12, 13], [14, 15], [16, 17], [18, 19], [20, 21], [22, 23], [24, 25], [26, 27], [28, 29]], [[3, 5], [4, 6], [7, 9], [8, 10], [11, 13], [12, 14], [15, 16], [17, 19], [18, 20], [21, 23], [22, 24], [25, 26], [27, 29], [28, 30], [31, 33], [32, 34], [35, 36], [37, 39], [38, 40], [41, 42], [43, 45], [44, 46], [47, 49], [48, 50], [1, 2]], [[23, 25], [22, 24], [26, 27], [28, 30], [29, 31], [32, 34], [33, 35], [36, 37], [38, 39], [40, 41], [42, 43], [44, 46], [45, 47], [48, 50], [1, 49], [2, 3], [4, 5], [6, 8], [7, 9], [10, 12], [11, 13], [14, 15], [16, 18], [17, 19], [20, 21]], [[3, 5], [4, 6], [7, 8], [9, 10], [11, 12], [13, 15], [14, 16], [17, 19], [18, 20], [21, 23], [22, 24], [25, 27], [26, 28], [29, 31], [30, 32], [33, 34], [35, 37], [36, 38], [39, 41], [40, 42], [43, 44], [45, 46], [47, 49], [48, 50], [1, 2]], [[9, 10], [11, 12], [13, 14], [15, 17], [16, 18], [19, 21], [20, 22], [23, 24], [25, 26], [27, 29], [28, 30], [31, 33], [32, 34], [35, 36], [37, 39], [38, 40], [41, 42], [43, 44], [45, 46], [47, 49], [48, 50], [1, 3], [2, 4], [5, 6], [7, 8]], [[41, 42], [43, 44], [45, 47], [46, 48], [49, 50], [1, 3], [2, 4], [5, 6], [7, 9], [8, 10], [11, 13], [12, 14], [15, 17], [16, 18], [19, 21], [20, 22], [23, 25], [24, 26], [27, 29], [28, 30], [31, 33], [32, 34], [35, 36], [37, 39], [38, 40]], [[16, 17], [18, 19], [20, 22], [21, 23], [24, 25], [26, 28], [27, 29], [30, 31], [32, 33], [34, 35], [36, 38], [37, 39], [40, 41], [42, 44], [43, 45], [46, 47], [48, 50], [1, 49], [2, 4], [3, 5], [6, 7], [8, 10], [9, 11], [12, 14], [13, 15]], [[5, 7], [6, 8], [9, 10], [11, 13], [12, 14], [15, 16], [17, 18], [19, 21], [20, 22], [23, 25], [24, 26], [27, 28], [29, 31], [30, 32], [33, 34], [35, 37], [36, 38], [39, 40], [41, 42], [43, 44], [45, 46], [47, 48], [1, 49], [2, 50], [3, 4]], [[30, 32], [29, 31], [33, 34], [35, 36], [37, 38], [39, 40], [41, 42], [43, 45], [44, 46], [47, 48], [1, 49], [2, 50], [3, 4], [5, 7], [6, 8], [9, 11], [10, 12], [13, 14], [15, 16], [17, 18], [19, 21], [20, 22], [23, 24], [25, 27], [26, 28]], [[44, 46], [43, 45], [47, 49], [48, 50], [1, 2], [3, 4], [5, 6], [7, 8], [9, 10], [11, 13], [12, 14], [15, 17], [16, 18], [19, 20], [21, 22], [23, 25], [24, 26], [27, 28], [29, 31], [30, 32], [33, 34], [35, 37], [36, 38], [39, 40], [41, 42]], [[1, 50], [2, 4], [3, 5], [6, 7], [8, 9], [10, 11], [12, 14], [13, 15], [16, 18], [17, 19], [20, 22], [21, 23], [24, 25], [26, 27], [28, 30], [29, 31], [32, 34], [33, 35], [36, 37], [38, 40], [39, 41], [42, 43], [44, 46], [45, 47], [48, 49]], [[23, 25], [24, 26], [27, 29], [28, 30], [31, 33], [32, 34], [35, 37], [36, 38], [39, 41], [40, 42], [43, 44], [45, 46], [47, 49], [48, 50], [1, 2], [3, 5], [4, 6], [7, 8], [9, 11], [10, 12], [13, 14], [15, 17], [16, 18], [19, 20], [21, 22]], [[26, 28], [27, 29], [30, 31], [32, 34], [33, 35], [36, 37], [38, 39], [40, 42], [41, 43], [44, 45], [46, 47], [48, 49], [1, 50], [2, 3], [4, 5], [6, 7], [8, 9], [10, 11], [12, 14], [13, 15], [16, 18], [17, 19], [20, 21], [22, 23], [24, 25]], [[43, 44], [45, 46], [47, 48], [1, 49], [2, 50], [3, 4], [5, 7], [6, 8], [9, 10], [11, 12], [13, 14], [15, 16], [17, 19], [18, 20], [21, 23], [22, 24], [25, 27], [26, 28], [29, 30], [31, 33], [32, 34], [35, 37], [36, 38], [39, 40], [41, 42]], [[26, 27], [28, 30], [29, 31], [32, 33], [34, 36], [35, 37], [38, 40], [39, 41], [42, 44], [43, 45], [46, 48], [47, 49], [2, 50], [1, 3], [4, 5], [6, 7], [8, 10], [9, 11], [12, 14], [13, 15], [16, 17], [18, 20], [19, 21], [22, 24], [23, 25]], [[25, 27], [26, 28], [29, 30], [31, 32], [33, 35], [34, 36], [37, 39], [38, 40], [41, 43], [42, 44], [45, 47], [46, 48], [1, 49], [2, 50], [3, 4], [5, 7], [6, 8], [9, 11], [10, 12], [13, 14], [15, 16], [17, 18], [19, 20], [21, 23], [22, 24]], [[20, 21], [22, 24], [23, 25], [26, 28], [27, 29], [30, 31], [32, 33], [34, 35], [36, 38], [37, 39], [40, 41], [42, 43], [44, 46], [45, 47], [48, 49], [1, 50], [2, 3], [4, 6], [5, 7], [8, 9], [10, 12], [11, 13], [14, 15], [16, 18], [17, 19]], [[6, 7], [8, 9], [10, 11], [12, 14], [13, 15], [16, 17], [18, 20], [19, 21], [22, 24], [23, 25], [26, 28], [27, 29], [30, 32], [31, 33], [34, 36], [35, 37], [38, 40], [39, 41], [42, 44], [43, 45], [46, 48], [47, 49], [1, 50], [2, 4], [3, 5]], [[41, 43], [40, 42], [44, 45], [46, 48], [47, 49], [1, 50], [2, 4], [3, 5], [6, 8], [7, 9], [10, 12], [11, 13], [14, 16], [15, 17], [18, 19], [20, 22], [21, 23], [24, 25], [26, 28], [27, 29], [30, 31], [32, 34], [33, 35], [36, 38], [37, 39]], [[13, 14], [15, 16], [17, 18], [19, 21], [20, 22], [23, 24], [25, 26], [27, 28], [29, 30], [31, 32], [33, 34], [35, 37], [36, 38], [39, 41], [40, 42], [43, 44], [45, 47], [46, 48], [49, 50], [1, 2], [3, 5], [4, 6], [7, 8], [9, 10], [11, 12]], [[21, 22], [23, 24], [25, 26], [27, 29], [28, 30], [31, 33], [32, 34], [35, 36], [37, 39], [38, 40], [41, 42], [43, 44], [45, 47], [46, 48], [49, 50], [1, 3], [2, 4], [5, 7], [6, 8], [9, 11], [10, 12], [13, 15], [14, 16], [17, 19], [18, 20]], [[12, 14], [13, 15], [16, 18], [17, 19], [20, 22], [21, 23], [24, 26], [25, 27], [28, 30], [29, 31], [32, 34], [33, 35], [36, 38], [37, 39], [40, 42], [41, 43], [44, 46], [45, 47], [48, 50], [1, 49], [2, 4], [3, 5], [6, 8], [7, 9], [10, 11]], [[39, 40], [41, 42], [43, 44], [45, 47], [46, 48], [1, 49], [2, 50], [3, 5], [4, 6], [7, 9], [8, 10], [11, 12], [13, 15], [14, 16], [17, 18], [19, 21], [20, 22], [23, 24], [25, 27], [26, 28], [29, 31], [30, 32], [33, 35], [34, 36], [37, 38]], [[41, 43], [42, 44], [45, 46], [47, 48], [1, 49], [2, 50], [3, 4], [5, 6], [7, 9], [8, 10], [11, 13], [12, 14], [15, 17], [16, 18], [19, 21], [20, 22], [23, 24], [25, 27], [26, 28], [29, 30], [31, 32], [33, 35], [34, 36], [37, 38], [39, 40]], [[43, 45], [46, 47], [48, 49], [2, 50], [1, 3], [4, 6], [5, 7], [8, 10], [9, 11], [12, 13], [14, 16], [15, 17], [18, 20], [19, 21], [22, 23], [24, 25], [26, 27], [28, 29], [30, 32], [31, 33], [34, 35], [36, 37], [38, 40], [39, 41], [42, 44]], [[14, 16], [17, 19], [18, 20], [21, 22], [23, 25], [24, 26], [27, 28], [29, 30], [31, 32], [33, 35], [34, 36], [37, 38], [39, 40], [41, 42], [43, 45], [44, 46], [47, 48], [1, 49], [2, 50], [3, 5], [4, 6], [7, 8], [9, 10], [11, 12], [13, 15]], [[5, 6], [7, 9], [8, 10], [11, 13], [12, 14], [15, 17], [16, 18], [19, 21], [20, 22], [23, 25], [24, 26], [27, 28], [29, 31], [30, 32], [33, 34], [35, 37], [36, 38], [39, 41], [40, 42], [43, 44], [45, 47], [46, 48], [1, 49], [2, 50], [3, 4]], [[18, 19], [20, 22], [21, 23], [24, 25], [26, 28], [27, 29], [30, 32], [31, 33], [34, 36], [35, 37], [38, 40], [39, 41], [42, 44], [43, 45], [46, 48], [47, 49], [2, 50], [1, 3], [4, 5], [6, 8], [7, 9], [10, 12], [11, 13], [14, 16], [15, 17]], [[49, 50], [1, 2], [3, 4], [5, 6], [7, 8], [9, 10], [11, 12], [13, 15], [14, 16], [17, 18], [19, 20], [21, 22], [23, 25], [24, 26], [27, 28], [29, 30], [31, 32], [33, 34], [35, 36], [37, 38], [39, 41], [40, 42], [43, 44], [45, 47], [46, 48]], [[43, 45], [44, 46], [47, 49], [48, 50], [1, 2], [3, 4], [5, 7], [6, 8], [9, 10], [11, 13], [12, 14], [15, 16], [17, 18], [19, 20], [21, 23], [22, 24], [25, 27], [26, 28], [29, 31], [30, 32], [33, 35], [34, 36], [37, 38], [39, 41], [40, 42]], [[7, 8], [9, 10], [11, 13], [12, 14], [15, 17], [16, 18], [19, 21], [20, 22], [23, 24], [25, 27], [26, 28], [29, 31], [30, 32], [33, 34], [35, 36], [37, 39], [38, 40], [41, 43], [42, 44], [45, 46], [47, 49], [48, 50], [1, 2], [3, 4], [5, 6]], [[14, 16], [13, 15], [17, 19], [18, 20], [21, 22], [23, 25], [24, 26], [27, 28], [29, 31], [30, 32], [33, 34], [35, 37], [36, 38], [39, 40], [41, 42], [43, 45], [44, 46], [47, 48], [1, 49], [2, 50], [3, 4], [5, 7], [6, 8], [9, 11], [10, 12]], [[43, 45], [44, 46], [47, 48], [1, 49], [2, 50], [3, 4], [5, 6], [7, 9], [8, 10], [11, 12], [13, 14], [15, 16], [17, 19], [18, 20], [21, 23], [22, 24], [25, 26], [27, 29], [28, 30], [31, 32], [33, 35], [34, 36], [37, 39], [38, 40], [41, 42]], [[14, 15], [16, 17], [18, 19], [20, 21], [22, 24], [23, 25], [26, 27], [28, 29], [30, 32], [31, 33], [34, 36], [35, 37], [38, 39], [40, 42], [41, 43], [44, 45], [46, 47], [48, 49], [2, 50], [1, 3], [4, 5], [6, 8], [7, 9], [10, 12], [11, 13]], [[18, 20], [19, 21], [22, 24], [23, 25], [26, 28], [27, 29], [30, 32], [31, 33], [34, 35], [36, 37], [38, 40], [39, 41], [42, 44], [43, 45], [46, 47], [48, 49], [2, 50], [1, 3], [4, 6], [5, 7], [8, 10], [9, 11], [12, 13], [14, 16], [15, 17]], [[40, 41], [42, 43], [44, 45], [46, 48], [47, 49], [1, 50], [2, 3], [4, 5], [6, 7], [8, 10], [9, 11], [12, 13], [14, 15], [16, 17], [18, 20], [19, 21], [22, 24], [23, 25], [26, 28], [27, 29], [30, 31], [32, 34], [33, 35], [36, 37], [38, 39]], [[43, 45], [46, 47], [48, 50], [1, 49], [2, 4], [3, 5], [6, 7], [8, 10], [9, 11], [12, 14], [13, 15], [16, 18], [17, 19], [20, 22], [21, 23], [24, 25], [26, 27], [28, 30], [29, 31], [32, 33], [34, 35], [36, 38], [37, 39], [40, 41], [42, 44]], [[41, 43], [44, 45], [46, 47], [48, 49], [2, 50], [1, 3], [4, 6], [5, 7], [8, 9], [10, 12], [11, 13], [14, 15], [16, 18], [17, 19], [20, 22], [21, 23], [24, 25], [26, 28], [27, 29], [30, 31], [32, 34], [33, 35], [36, 38], [37, 39], [40, 42]], [[2, 3], [4, 5], [6, 7], [8, 9], [10, 11], [12, 14], [13, 15], [16, 17], [18, 20], [19, 21], [22, 23], [24, 25], [26, 27], [28, 30], [29, 31], [32, 34], [33, 35], [36, 38], [37, 39], [40, 41], [42, 44], [43, 45], [46, 48], [47, 49], [1, 50]], [[11, 12], [13, 14], [15, 17], [16, 18], [19, 21], [20, 22], [23, 24], [25, 27], [26, 28], [29, 30], [31, 32], [33, 35], [34, 36], [37, 38], [39, 41], [40, 42], [43, 44], [45, 46], [47, 48], [1, 49], [2, 50], [3, 5], [4, 6], [7, 9], [8, 10]]]",,2,,0.0,98657,,7,1,1,,0.0,98657,,21,2,2,,0.0,98657,,11,3,1,,0.0,98657,,21,4,1,,0.0,98657,,18,5,1,,0.0,98657,powerplant,2,6,1,,0.0,98657,highwaves,15,7,1,,0.0,98657,earthquake,20,8,1,,0.0,98657,Setsuden,8,9,1,,0.0,98657,disaster,2,10,2,,0.0,98657,Californiacoast,22,11,1,,0.0,98657,tsunami,11,12,2,,0.0,98657,Pacific,9,13,1,,0.0,98657,ocean,1,14,1,,0.0,98657,destruction,10,15,2,,0.0,98657,highwaves,9,16,2,,0.0,98657,Fukushima,12,17,1,,0.0,98657,deathtoll,20,18,2,,0.0,98657,tsunami,1,19,1,,0.0,98657,disaster,16,20,1,,0.0,98657,ocean,12,21,2,,0.0,98657,earthquake,16,22,1,,1.0,98657,earthquake,3,23,2,,0.0,98657,earthquake,1,24,1,,0.0,98657,,1,25,1,,0.0,98657,naturaldisaster,15,26,1,,0.0,98657,devastation,20,27,1,,0.0,98657,mostpowerful,14,28,1,,0.0,98657,evacuations,23,29,1,,1.0,98657,tsunami,1,30,2,,0.0,98657,tsunami,18,31,1,,0.0,98657,damagedbuildings,16,32,1,,0.0,98657,tsunami,1,33,2,,0.0,98657,tsunami,15,34,1,,0.0,98657,,14,35,2,,0.0,98657,radioactive,2,36,1,,0.0,98657,tsunami,1,37,2,,0.0,98657,damages,1,38,1,,0.0,98657,naturaldisaster,22,39,1,,0.0,98657,tsunami,17,40,,,,,,,,,,,,,,,,,,,,,,,,,,,,,,,,,,,,,,,,,,,,,,,,,,,,,,,,,,,,,,,,,,,,,,,,,,,,,,,,,,,,,,,,,,,,,,,,,,,,,,,,,,,,,,,,,,,,,,,,,,,,,,,,,,,,,,,,,,,,,,,,,,,,,,,,,,,,,,,,,,,,,,,,,,,,,,,,,,,,,,,,,,,,,,,,,,,,,,,,,,,,,,,,,,,,,,,,,,,,,,,,,,,,,,,,,,,,,,,,,,,,,,,,,,,,,,,,,,,,,,,,,,,,,,,,,,,,,,,,,,,,,,,,,,,,,,,,,,,,,,,,,,,,,,,,,,,,,,,,,,,,,,,,,,,,,,,,,,,,,,,,,,,,,,,,,,,,,,,,,,,,,,,,,,,,,,,,,,,,,,,,,,,,,,,,,,,,,,,,,,,,,,,,,,,,,,,,,,,,,,,,,,,,,,,,,,,,,,,,,,,,,,,,,,,,,,,,,,,,,,,,,,,,,,,,,,,,,,,,,,,,,,,,,,,,,,,,,,,,,,,,,,,,,,,,,,,,,,,,,,,,,,,,,,,,,,,,,,,,,,,,,,,,,,,,,,,,,,,,,,,,,,,,,,,,,,,,,,,,,,,,,,,,,,,,,,,,,,,,,,,,,,,,,,,,,,,,,,,,,,,,,,,,,,,,,,,,,,,,,,,,,,,,,,,,,,,,,,,,,,,,,,,,,,,,,,,,,,,,,,,,,,,,,,,,,,,,,,,,,,,,,,,,,,,,,,,,,,,,,,,,,,,,,,,,,,,,,,,,,,,,,,,,,,,,,,,,,,,,,,,,,,,,,,,,,,,,,,,,,,,,,,,,,,,,,,,,,,,,,,,,,,,,,,,,,,,,,,,,,,,,,,,,,,,,,,,,,,,,,,,,,,,,,,,,,,,,,,,,,,,,,,,,,,,,,,,,,,,,,,,,,,,,,,,,,,,,,,,,,,,,,,,,,,,,,,,,,,,,,,,,,,,,,,,,,,,,,,,,,,,,,,,,,,,,,,,,,,,,,,,,,,,,,,,,,,,,,,,,,,,,,,,,,,,,,,,,,,,,,,,,,,,,,,,,,,,,,,,,,,,,,,,,,,,,,,,,,,,,,,,,,,,,,,,,,,,,,,,,,,,,,,,,,,,,,,,,,,,,,,,,,,,,,,,,,,,,,,,,,,,,,,,,,,,,,,,,,,,,,,,,,,,,,,,,,,,,,,,,,,,,,,,,,,,,,,,,,,,,,,,,,,,,,,
44,re626y7y,,0,240,240,hashtag_experiment,LastPage,2024-04-17 17:14:34.782090,1,,,3.0,g8k2na6b,,,,,0,0.0,1.0,hashtag_experiment,"[[[30, 31], [32, 33], [34, 35], [36, 38], [37, 39], [40, 42], [41, 43], [44, 46], [45, 47], [48, 50], [1, 49], [2, 4], [3, 5], [6, 7], [8, 10], [9, 11], [12, 13], [14, 15], [16, 17], [18, 19], [20, 21], [22, 23], [24, 25], [26, 27], [28, 29]], [[3, 5], [4, 6], [7, 9], [8, 10], [11, 13], [12, 14], [15, 16], [17, 19], [18, 20], [21, 23], [22, 24], [25, 26], [27, 29], [28, 30], [31, 33], [32, 34], [35, 36], [37, 39], [38, 40], [41, 42], [43, 45], [44, 46], [47, 49], [48, 50], [1, 2]], [[23, 25], [22, 24], [26, 27], [28, 30], [29, 31], [32, 34], [33, 35], [36, 37], [38, 39], [40, 41], [42, 43], [44, 46], [45, 47], [48, 50], [1, 49], [2, 3], [4, 5], [6, 8], [7, 9], [10, 12], [11, 13], [14, 15], [16, 18], [17, 19], [20, 21]], [[3, 5], [4, 6], [7, 8], [9, 10], [11, 12], [13, 15], [14, 16], [17, 19], [18, 20], [21, 23], [22, 24], [25, 27], [26, 28], [29, 31], [30, 32], [33, 34], [35, 37], [36, 38], [39, 41], [40, 42], [43, 44], [45, 46], [47, 49], [48, 50], [1, 2]], [[9, 10], [11, 12], [13, 14], [15, 17], [16, 18], [19, 21], [20, 22], [23, 24], [25, 26], [27, 29], [28, 30], [31, 33], [32, 34], [35, 36], [37, 39], [38, 40], [41, 42], [43, 44], [45, 46], [47, 49], [48, 50], [1, 3], [2, 4], [5, 6], [7, 8]], [[41, 42], [43, 44], [45, 47], [46, 48], [49, 50], [1, 3], [2, 4], [5, 6], [7, 9], [8, 10], [11, 13], [12, 14], [15, 17], [16, 18], [19, 21], [20, 22], [23, 25], [24, 26], [27, 29], [28, 30], [31, 33], [32, 34], [35, 36], [37, 39], [38, 40]], [[16, 17], [18, 19], [20, 22], [21, 23], [24, 25], [26, 28], [27, 29], [30, 31], [32, 33], [34, 35], [36, 38], [37, 39], [40, 41], [42, 44], [43, 45], [46, 47], [48, 50], [1, 49], [2, 4], [3, 5], [6, 7], [8, 10], [9, 11], [12, 14], [13, 15]], [[5, 7], [6, 8], [9, 10], [11, 13], [12, 14], [15, 16], [17, 18], [19, 21], [20, 22], [23, 25], [24, 26], [27, 28], [29, 31], [30, 32], [33, 34], [35, 37], [36, 38], [39, 40], [41, 42], [43, 44], [45, 46], [47, 48], [1, 49], [2, 50], [3, 4]], [[30, 32], [29, 31], [33, 34], [35, 36], [37, 38], [39, 40], [41, 42], [43, 45], [44, 46], [47, 48], [1, 49], [2, 50], [3, 4], [5, 7], [6, 8], [9, 11], [10, 12], [13, 14], [15, 16], [17, 18], [19, 21], [20, 22], [23, 24], [25, 27], [26, 28]], [[44, 46], [43, 45], [47, 49], [48, 50], [1, 2], [3, 4], [5, 6], [7, 8], [9, 10], [11, 13], [12, 14], [15, 17], [16, 18], [19, 20], [21, 22], [23, 25], [24, 26], [27, 28], [29, 31], [30, 32], [33, 34], [35, 37], [36, 38], [39, 40], [41, 42]], [[1, 50], [2, 4], [3, 5], [6, 7], [8, 9], [10, 11], [12, 14], [13, 15], [16, 18], [17, 19], [20, 22], [21, 23], [24, 25], [26, 27], [28, 30], [29, 31], [32, 34], [33, 35], [36, 37], [38, 40], [39, 41], [42, 43], [44, 46], [45, 47], [48, 49]], [[23, 25], [24, 26], [27, 29], [28, 30], [31, 33], [32, 34], [35, 37], [36, 38], [39, 41], [40, 42], [43, 44], [45, 46], [47, 49], [48, 50], [1, 2], [3, 5], [4, 6], [7, 8], [9, 11], [10, 12], [13, 14], [15, 17], [16, 18], [19, 20], [21, 22]], [[26, 28], [27, 29], [30, 31], [32, 34], [33, 35], [36, 37], [38, 39], [40, 42], [41, 43], [44, 45], [46, 47], [48, 49], [1, 50], [2, 3], [4, 5], [6, 7], [8, 9], [10, 11], [12, 14], [13, 15], [16, 18], [17, 19], [20, 21], [22, 23], [24, 25]], [[43, 44], [45, 46], [47, 48], [1, 49], [2, 50], [3, 4], [5, 7], [6, 8], [9, 10], [11, 12], [13, 14], [15, 16], [17, 19], [18, 20], [21, 23], [22, 24], [25, 27], [26, 28], [29, 30], [31, 33], [32, 34], [35, 37], [36, 38], [39, 40], [41, 42]], [[26, 27], [28, 30], [29, 31], [32, 33], [34, 36], [35, 37], [38, 40], [39, 41], [42, 44], [43, 45], [46, 48], [47, 49], [2, 50], [1, 3], [4, 5], [6, 7], [8, 10], [9, 11], [12, 14], [13, 15], [16, 17], [18, 20], [19, 21], [22, 24], [23, 25]], [[25, 27], [26, 28], [29, 30], [31, 32], [33, 35], [34, 36], [37, 39], [38, 40], [41, 43], [42, 44], [45, 47], [46, 48], [1, 49], [2, 50], [3, 4], [5, 7], [6, 8], [9, 11], [10, 12], [13, 14], [15, 16], [17, 18], [19, 20], [21, 23], [22, 24]], [[20, 21], [22, 24], [23, 25], [26, 28], [27, 29], [30, 31], [32, 33], [34, 35], [36, 38], [37, 39], [40, 41], [42, 43], [44, 46], [45, 47], [48, 49], [1, 50], [2, 3], [4, 6], [5, 7], [8, 9], [10, 12], [11, 13], [14, 15], [16, 18], [17, 19]], [[6, 7], [8, 9], [10, 11], [12, 14], [13, 15], [16, 17], [18, 20], [19, 21], [22, 24], [23, 25], [26, 28], [27, 29], [30, 32], [31, 33], [34, 36], [35, 37], [38, 40], [39, 41], [42, 44], [43, 45], [46, 48], [47, 49], [1, 50], [2, 4], [3, 5]], [[41, 43], [40, 42], [44, 45], [46, 48], [47, 49], [1, 50], [2, 4], [3, 5], [6, 8], [7, 9], [10, 12], [11, 13], [14, 16], [15, 17], [18, 19], [20, 22], [21, 23], [24, 25], [26, 28], [27, 29], [30, 31], [32, 34], [33, 35], [36, 38], [37, 39]], [[13, 14], [15, 16], [17, 18], [19, 21], [20, 22], [23, 24], [25, 26], [27, 28], [29, 30], [31, 32], [33, 34], [35, 37], [36, 38], [39, 41], [40, 42], [43, 44], [45, 47], [46, 48], [49, 50], [1, 2], [3, 5], [4, 6], [7, 8], [9, 10], [11, 12]], [[21, 22], [23, 24], [25, 26], [27, 29], [28, 30], [31, 33], [32, 34], [35, 36], [37, 39], [38, 40], [41, 42], [43, 44], [45, 47], [46, 48], [49, 50], [1, 3], [2, 4], [5, 7], [6, 8], [9, 11], [10, 12], [13, 15], [14, 16], [17, 19], [18, 20]], [[12, 14], [13, 15], [16, 18], [17, 19], [20, 22], [21, 23], [24, 26], [25, 27], [28, 30], [29, 31], [32, 34], [33, 35], [36, 38], [37, 39], [40, 42], [41, 43], [44, 46], [45, 47], [48, 50], [1, 49], [2, 4], [3, 5], [6, 8], [7, 9], [10, 11]], [[39, 40], [41, 42], [43, 44], [45, 47], [46, 48], [1, 49], [2, 50], [3, 5], [4, 6], [7, 9], [8, 10], [11, 12], [13, 15], [14, 16], [17, 18], [19, 21], [20, 22], [23, 24], [25, 27], [26, 28], [29, 31], [30, 32], [33, 35], [34, 36], [37, 38]], [[41, 43], [42, 44], [45, 46], [47, 48], [1, 49], [2, 50], [3, 4], [5, 6], [7, 9], [8, 10], [11, 13], [12, 14], [15, 17], [16, 18], [19, 21], [20, 22], [23, 24], [25, 27], [26, 28], [29, 30], [31, 32], [33, 35], [34, 36], [37, 38], [39, 40]], [[43, 45], [46, 47], [48, 49], [2, 50], [1, 3], [4, 6], [5, 7], [8, 10], [9, 11], [12, 13], [14, 16], [15, 17], [18, 20], [19, 21], [22, 23], [24, 25], [26, 27], [28, 29], [30, 32], [31, 33], [34, 35], [36, 37], [38, 40], [39, 41], [42, 44]], [[14, 16], [17, 19], [18, 20], [21, 22], [23, 25], [24, 26], [27, 28], [29, 30], [31, 32], [33, 35], [34, 36], [37, 38], [39, 40], [41, 42], [43, 45], [44, 46], [47, 48], [1, 49], [2, 50], [3, 5], [4, 6], [7, 8], [9, 10], [11, 12], [13, 15]], [[5, 6], [7, 9], [8, 10], [11, 13], [12, 14], [15, 17], [16, 18], [19, 21], [20, 22], [23, 25], [24, 26], [27, 28], [29, 31], [30, 32], [33, 34], [35, 37], [36, 38], [39, 41], [40, 42], [43, 44], [45, 47], [46, 48], [1, 49], [2, 50], [3, 4]], [[18, 19], [20, 22], [21, 23], [24, 25], [26, 28], [27, 29], [30, 32], [31, 33], [34, 36], [35, 37], [38, 40], [39, 41], [42, 44], [43, 45], [46, 48], [47, 49], [2, 50], [1, 3], [4, 5], [6, 8], [7, 9], [10, 12], [11, 13], [14, 16], [15, 17]], [[49, 50], [1, 2], [3, 4], [5, 6], [7, 8], [9, 10], [11, 12], [13, 15], [14, 16], [17, 18], [19, 20], [21, 22], [23, 25], [24, 26], [27, 28], [29, 30], [31, 32], [33, 34], [35, 36], [37, 38], [39, 41], [40, 42], [43, 44], [45, 47], [46, 48]], [[43, 45], [44, 46], [47, 49], [48, 50], [1, 2], [3, 4], [5, 7], [6, 8], [9, 10], [11, 13], [12, 14], [15, 16], [17, 18], [19, 20], [21, 23], [22, 24], [25, 27], [26, 28], [29, 31], [30, 32], [33, 35], [34, 36], [37, 38], [39, 41], [40, 42]], [[7, 8], [9, 10], [11, 13], [12, 14], [15, 17], [16, 18], [19, 21], [20, 22], [23, 24], [25, 27], [26, 28], [29, 31], [30, 32], [33, 34], [35, 36], [37, 39], [38, 40], [41, 43], [42, 44], [45, 46], [47, 49], [48, 50], [1, 2], [3, 4], [5, 6]], [[14, 16], [13, 15], [17, 19], [18, 20], [21, 22], [23, 25], [24, 26], [27, 28], [29, 31], [30, 32], [33, 34], [35, 37], [36, 38], [39, 40], [41, 42], [43, 45], [44, 46], [47, 48], [1, 49], [2, 50], [3, 4], [5, 7], [6, 8], [9, 11], [10, 12]], [[43, 45], [44, 46], [47, 48], [1, 49], [2, 50], [3, 4], [5, 6], [7, 9], [8, 10], [11, 12], [13, 14], [15, 16], [17, 19], [18, 20], [21, 23], [22, 24], [25, 26], [27, 29], [28, 30], [31, 32], [33, 35], [34, 36], [37, 39], [38, 40], [41, 42]], [[14, 15], [16, 17], [18, 19], [20, 21], [22, 24], [23, 25], [26, 27], [28, 29], [30, 32], [31, 33], [34, 36], [35, 37], [38, 39], [40, 42], [41, 43], [44, 45], [46, 47], [48, 49], [2, 50], [1, 3], [4, 5], [6, 8], [7, 9], [10, 12], [11, 13]], [[18, 20], [19, 21], [22, 24], [23, 25], [26, 28], [27, 29], [30, 32], [31, 33], [34, 35], [36, 37], [38, 40], [39, 41], [42, 44], [43, 45], [46, 47], [48, 49], [2, 50], [1, 3], [4, 6], [5, 7], [8, 10], [9, 11], [12, 13], [14, 16], [15, 17]], [[40, 41], [42, 43], [44, 45], [46, 48], [47, 49], [1, 50], [2, 3], [4, 5], [6, 7], [8, 10], [9, 11], [12, 13], [14, 15], [16, 17], [18, 20], [19, 21], [22, 24], [23, 25], [26, 28], [27, 29], [30, 31], [32, 34], [33, 35], [36, 37], [38, 39]], [[43, 45], [46, 47], [48, 50], [1, 49], [2, 4], [3, 5], [6, 7], [8, 10], [9, 11], [12, 14], [13, 15], [16, 18], [17, 19], [20, 22], [21, 23], [24, 25], [26, 27], [28, 30], [29, 31], [32, 33], [34, 35], [36, 38], [37, 39], [40, 41], [42, 44]], [[41, 43], [44, 45], [46, 47], [48, 49], [2, 50], [1, 3], [4, 6], [5, 7], [8, 9], [10, 12], [11, 13], [14, 15], [16, 18], [17, 19], [20, 22], [21, 23], [24, 25], [26, 28], [27, 29], [30, 31], [32, 34], [33, 35], [36, 38], [37, 39], [40, 42]], [[2, 3], [4, 5], [6, 7], [8, 9], [10, 11], [12, 14], [13, 15], [16, 17], [18, 20], [19, 21], [22, 23], [24, 25], [26, 27], [28, 30], [29, 31], [32, 34], [33, 35], [36, 38], [37, 39], [40, 41], [42, 44], [43, 45], [46, 48], [47, 49], [1, 50]], [[11, 12], [13, 14], [15, 17], [16, 18], [19, 21], [20, 22], [23, 24], [25, 27], [26, 28], [29, 30], [31, 32], [33, 35], [34, 36], [37, 38], [39, 41], [40, 42], [43, 44], [45, 46], [47, 48], [1, 49], [2, 50], [3, 5], [4, 6], [7, 9], [8, 10]]]",,1,,0.0,27028,Earthquake,8,1,1,,0.0,27028,Radioactiveisotopes,22,2,1,,0.0,27028,Powerplant,12,3,2,,0.0,27028,Disaster,21,4,2,,0.0,27028,Thyroidcancer,18,5,2,,0.0,27028,Tsunami,2,6,2,,0.0,27028,Ocean,14,7,2,,0.0,27028,displacedpeople,20,8,1,,0.0,27028,Pacificocean,9,9,1,,0.0,27028,Nuclear,1,10,1,,0.0,27028,Radioactive,23,11,2,,0.0,27028,powerplant,11,12,1,,0.0,27028,tsunami,10,13,2,,0.0,27028,Tsunami,1,14,2,,0.0,27028,Tsunami,9,15,2,,0.0,27028,tsunami,10,16,1,,0.0,27028,pacific,13,17,2,,0.0,27028,Earthquake,19,18,1,,0.0,27028,pacific,3,19,2,,0.0,27028,pacific,16,20,2,,0.0,27028,typeearthquakerepeatedlyitdidntsaywecouldnt,12,21,1,,0.0,27028,earthquake,17,22,2,,1.0,27028,earthquake,3,23,2,,0.0,27028,earthquake,2,24,2,,1.0,27028,earthquake,25,25,1,,0.0,27028,earthquake,16,26,2,,0.0,27028,earthquake,20,27,2,,1.0,27028,Tsunami,13,28,2,,0.0,27028,Tsunami,23,29,1,,0.0,27028,evacuations,2,30,2,,0.0,27028,naturaldisaster,19,31,1,,0.0,27028,earthquake,17,32,1,,0.0,27028,cancer,2,33,1,,0.0,27028,radioactivewater,16,34,2,,0.0,27028,,13,35,1,,0.0,27028,tsunami,3,36,2,,0.0,27028,nuclear,25,37,1,,0.0,27028,bigearthquake,2,38,2,,0.0,27028,sea,21,39,2,,0.0,27028,saveenergy,17,40,,,,,,,,,,,,,,,,,,,,,,,,,,,,,,,,,,,,,,,,,,,,,,,,,,,,,,,,,,,,,,,,,,,,,,,,,,,,,,,,,,,,,,,,,,,,,,,,,,,,,,,,,,,,,,,,,,,,,,,,,,,,,,,,,,,,,,,,,,,,,,,,,,,,,,,,,,,,,,,,,,,,,,,,,,,,,,,,,,,,,,,,,,,,,,,,,,,,,,,,,,,,,,,,,,,,,,,,,,,,,,,,,,,,,,,,,,,,,,,,,,,,,,,,,,,,,,,,,,,,,,,,,,,,,,,,,,,,,,,,,,,,,,,,,,,,,,,,,,,,,,,,,,,,,,,,,,,,,,,,,,,,,,,,,,,,,,,,,,,,,,,,,,,,,,,,,,,,,,,,,,,,,,,,,,,,,,,,,,,,,,,,,,,,,,,,,,,,,,,,,,,,,,,,,,,,,,,,,,,,,,,,,,,,,,,,,,,,,,,,,,,,,,,,,,,,,,,,,,,,,,,,,,,,,,,,,,,,,,,,,,,,,,,,,,,,,,,,,,,,,,,,,,,,,,,,,,,,,,,,,,,,,,,,,,,,,,,,,,,,,,,,,,,,,,,,,,,,,,,,,,,,,,,,,,,,,,,,,,,,,,,,,,,,,,,,,,,,,,,,,,,,,,,,,,,,,,,,,,,,,,,,,,,,,,,,,,,,,,,,,,,,,,,,,,,,,,,,,,,,,,,,,,,,,,,,,,,,,,,,,,,,,,,,,,,,,,,,,,,,,,,,,,,,,,,,,,,,,,,,,,,,,,,,,,,,,,,,,,,,,,,,,,,,,,,,,,,,,,,,,,,,,,,,,,,,,,,,,,,,,,,,,,,,,,,,,,,,,,,,,,,,,,,,,,,,,,,,,,,,,,,,,,,,,,,,,,,,,,,,,,,,,,,,,,,,,,,,,,,,,,,,,,,,,,,,,,,,,,,,,,,,,,,,,,,,,,,,,,,,,,,,,,,,,,,,,,,,,,,,,,,,,,,,,,,,,,,,,,,,,,,,,,,,,,,,,,,,,,,,,,,,,,,,,,,,,,,,,,,,,,,,,,,,,,,,,,,,,,,,,,,,,,,,,,,,,,,,,,,,,,,,,,,,,,,,,,,,,,,,,,,,,,,,,,,,,,,,,,,,,,,,,,,,,,,,,,,,,,,,,,,,,,,,,,,,,,,,,,,,,,,,,,,,,,,,,,,,,,,,,,,,,,,,,,,,,,,,,,,,,,,,,,,,,,,,,,,,,,,,,,,,,,,,,,
45,ypbkj8uu,,0,240,240,hashtag_experiment,LastPage,2024-04-17 17:14:42.257644,1,,,5.0,g8k2na6b,,,,,0,0.0,1.0,hashtag_experiment,"[[[30, 31], [32, 33], [34, 35], [36, 38], [37, 39], [40, 42], [41, 43], [44, 46], [45, 47], [48, 50], [1, 49], [2, 4], [3, 5], [6, 7], [8, 10], [9, 11], [12, 13], [14, 15], [16, 17], [18, 19], [20, 21], [22, 23], [24, 25], [26, 27], [28, 29]], [[3, 5], [4, 6], [7, 9], [8, 10], [11, 13], [12, 14], [15, 16], [17, 19], [18, 20], [21, 23], [22, 24], [25, 26], [27, 29], [28, 30], [31, 33], [32, 34], [35, 36], [37, 39], [38, 40], [41, 42], [43, 45], [44, 46], [47, 49], [48, 50], [1, 2]], [[23, 25], [22, 24], [26, 27], [28, 30], [29, 31], [32, 34], [33, 35], [36, 37], [38, 39], [40, 41], [42, 43], [44, 46], [45, 47], [48, 50], [1, 49], [2, 3], [4, 5], [6, 8], [7, 9], [10, 12], [11, 13], [14, 15], [16, 18], [17, 19], [20, 21]], [[3, 5], [4, 6], [7, 8], [9, 10], [11, 12], [13, 15], [14, 16], [17, 19], [18, 20], [21, 23], [22, 24], [25, 27], [26, 28], [29, 31], [30, 32], [33, 34], [35, 37], [36, 38], [39, 41], [40, 42], [43, 44], [45, 46], [47, 49], [48, 50], [1, 2]], [[9, 10], [11, 12], [13, 14], [15, 17], [16, 18], [19, 21], [20, 22], [23, 24], [25, 26], [27, 29], [28, 30], [31, 33], [32, 34], [35, 36], [37, 39], [38, 40], [41, 42], [43, 44], [45, 46], [47, 49], [48, 50], [1, 3], [2, 4], [5, 6], [7, 8]], [[41, 42], [43, 44], [45, 47], [46, 48], [49, 50], [1, 3], [2, 4], [5, 6], [7, 9], [8, 10], [11, 13], [12, 14], [15, 17], [16, 18], [19, 21], [20, 22], [23, 25], [24, 26], [27, 29], [28, 30], [31, 33], [32, 34], [35, 36], [37, 39], [38, 40]], [[16, 17], [18, 19], [20, 22], [21, 23], [24, 25], [26, 28], [27, 29], [30, 31], [32, 33], [34, 35], [36, 38], [37, 39], [40, 41], [42, 44], [43, 45], [46, 47], [48, 50], [1, 49], [2, 4], [3, 5], [6, 7], [8, 10], [9, 11], [12, 14], [13, 15]], [[5, 7], [6, 8], [9, 10], [11, 13], [12, 14], [15, 16], [17, 18], [19, 21], [20, 22], [23, 25], [24, 26], [27, 28], [29, 31], [30, 32], [33, 34], [35, 37], [36, 38], [39, 40], [41, 42], [43, 44], [45, 46], [47, 48], [1, 49], [2, 50], [3, 4]], [[30, 32], [29, 31], [33, 34], [35, 36], [37, 38], [39, 40], [41, 42], [43, 45], [44, 46], [47, 48], [1, 49], [2, 50], [3, 4], [5, 7], [6, 8], [9, 11], [10, 12], [13, 14], [15, 16], [17, 18], [19, 21], [20, 22], [23, 24], [25, 27], [26, 28]], [[44, 46], [43, 45], [47, 49], [48, 50], [1, 2], [3, 4], [5, 6], [7, 8], [9, 10], [11, 13], [12, 14], [15, 17], [16, 18], [19, 20], [21, 22], [23, 25], [24, 26], [27, 28], [29, 31], [30, 32], [33, 34], [35, 37], [36, 38], [39, 40], [41, 42]], [[1, 50], [2, 4], [3, 5], [6, 7], [8, 9], [10, 11], [12, 14], [13, 15], [16, 18], [17, 19], [20, 22], [21, 23], [24, 25], [26, 27], [28, 30], [29, 31], [32, 34], [33, 35], [36, 37], [38, 40], [39, 41], [42, 43], [44, 46], [45, 47], [48, 49]], [[23, 25], [24, 26], [27, 29], [28, 30], [31, 33], [32, 34], [35, 37], [36, 38], [39, 41], [40, 42], [43, 44], [45, 46], [47, 49], [48, 50], [1, 2], [3, 5], [4, 6], [7, 8], [9, 11], [10, 12], [13, 14], [15, 17], [16, 18], [19, 20], [21, 22]], [[26, 28], [27, 29], [30, 31], [32, 34], [33, 35], [36, 37], [38, 39], [40, 42], [41, 43], [44, 45], [46, 47], [48, 49], [1, 50], [2, 3], [4, 5], [6, 7], [8, 9], [10, 11], [12, 14], [13, 15], [16, 18], [17, 19], [20, 21], [22, 23], [24, 25]], [[43, 44], [45, 46], [47, 48], [1, 49], [2, 50], [3, 4], [5, 7], [6, 8], [9, 10], [11, 12], [13, 14], [15, 16], [17, 19], [18, 20], [21, 23], [22, 24], [25, 27], [26, 28], [29, 30], [31, 33], [32, 34], [35, 37], [36, 38], [39, 40], [41, 42]], [[26, 27], [28, 30], [29, 31], [32, 33], [34, 36], [35, 37], [38, 40], [39, 41], [42, 44], [43, 45], [46, 48], [47, 49], [2, 50], [1, 3], [4, 5], [6, 7], [8, 10], [9, 11], [12, 14], [13, 15], [16, 17], [18, 20], [19, 21], [22, 24], [23, 25]], [[25, 27], [26, 28], [29, 30], [31, 32], [33, 35], [34, 36], [37, 39], [38, 40], [41, 43], [42, 44], [45, 47], [46, 48], [1, 49], [2, 50], [3, 4], [5, 7], [6, 8], [9, 11], [10, 12], [13, 14], [15, 16], [17, 18], [19, 20], [21, 23], [22, 24]], [[20, 21], [22, 24], [23, 25], [26, 28], [27, 29], [30, 31], [32, 33], [34, 35], [36, 38], [37, 39], [40, 41], [42, 43], [44, 46], [45, 47], [48, 49], [1, 50], [2, 3], [4, 6], [5, 7], [8, 9], [10, 12], [11, 13], [14, 15], [16, 18], [17, 19]], [[6, 7], [8, 9], [10, 11], [12, 14], [13, 15], [16, 17], [18, 20], [19, 21], [22, 24], [23, 25], [26, 28], [27, 29], [30, 32], [31, 33], [34, 36], [35, 37], [38, 40], [39, 41], [42, 44], [43, 45], [46, 48], [47, 49], [1, 50], [2, 4], [3, 5]], [[41, 43], [40, 42], [44, 45], [46, 48], [47, 49], [1, 50], [2, 4], [3, 5], [6, 8], [7, 9], [10, 12], [11, 13], [14, 16], [15, 17], [18, 19], [20, 22], [21, 23], [24, 25], [26, 28], [27, 29], [30, 31], [32, 34], [33, 35], [36, 38], [37, 39]], [[13, 14], [15, 16], [17, 18], [19, 21], [20, 22], [23, 24], [25, 26], [27, 28], [29, 30], [31, 32], [33, 34], [35, 37], [36, 38], [39, 41], [40, 42], [43, 44], [45, 47], [46, 48], [49, 50], [1, 2], [3, 5], [4, 6], [7, 8], [9, 10], [11, 12]], [[21, 22], [23, 24], [25, 26], [27, 29], [28, 30], [31, 33], [32, 34], [35, 36], [37, 39], [38, 40], [41, 42], [43, 44], [45, 47], [46, 48], [49, 50], [1, 3], [2, 4], [5, 7], [6, 8], [9, 11], [10, 12], [13, 15], [14, 16], [17, 19], [18, 20]], [[12, 14], [13, 15], [16, 18], [17, 19], [20, 22], [21, 23], [24, 26], [25, 27], [28, 30], [29, 31], [32, 34], [33, 35], [36, 38], [37, 39], [40, 42], [41, 43], [44, 46], [45, 47], [48, 50], [1, 49], [2, 4], [3, 5], [6, 8], [7, 9], [10, 11]], [[39, 40], [41, 42], [43, 44], [45, 47], [46, 48], [1, 49], [2, 50], [3, 5], [4, 6], [7, 9], [8, 10], [11, 12], [13, 15], [14, 16], [17, 18], [19, 21], [20, 22], [23, 24], [25, 27], [26, 28], [29, 31], [30, 32], [33, 35], [34, 36], [37, 38]], [[41, 43], [42, 44], [45, 46], [47, 48], [1, 49], [2, 50], [3, 4], [5, 6], [7, 9], [8, 10], [11, 13], [12, 14], [15, 17], [16, 18], [19, 21], [20, 22], [23, 24], [25, 27], [26, 28], [29, 30], [31, 32], [33, 35], [34, 36], [37, 38], [39, 40]], [[43, 45], [46, 47], [48, 49], [2, 50], [1, 3], [4, 6], [5, 7], [8, 10], [9, 11], [12, 13], [14, 16], [15, 17], [18, 20], [19, 21], [22, 23], [24, 25], [26, 27], [28, 29], [30, 32], [31, 33], [34, 35], [36, 37], [38, 40], [39, 41], [42, 44]], [[14, 16], [17, 19], [18, 20], [21, 22], [23, 25], [24, 26], [27, 28], [29, 30], [31, 32], [33, 35], [34, 36], [37, 38], [39, 40], [41, 42], [43, 45], [44, 46], [47, 48], [1, 49], [2, 50], [3, 5], [4, 6], [7, 8], [9, 10], [11, 12], [13, 15]], [[5, 6], [7, 9], [8, 10], [11, 13], [12, 14], [15, 17], [16, 18], [19, 21], [20, 22], [23, 25], [24, 26], [27, 28], [29, 31], [30, 32], [33, 34], [35, 37], [36, 38], [39, 41], [40, 42], [43, 44], [45, 47], [46, 48], [1, 49], [2, 50], [3, 4]], [[18, 19], [20, 22], [21, 23], [24, 25], [26, 28], [27, 29], [30, 32], [31, 33], [34, 36], [35, 37], [38, 40], [39, 41], [42, 44], [43, 45], [46, 48], [47, 49], [2, 50], [1, 3], [4, 5], [6, 8], [7, 9], [10, 12], [11, 13], [14, 16], [15, 17]], [[49, 50], [1, 2], [3, 4], [5, 6], [7, 8], [9, 10], [11, 12], [13, 15], [14, 16], [17, 18], [19, 20], [21, 22], [23, 25], [24, 26], [27, 28], [29, 30], [31, 32], [33, 34], [35, 36], [37, 38], [39, 41], [40, 42], [43, 44], [45, 47], [46, 48]], [[43, 45], [44, 46], [47, 49], [48, 50], [1, 2], [3, 4], [5, 7], [6, 8], [9, 10], [11, 13], [12, 14], [15, 16], [17, 18], [19, 20], [21, 23], [22, 24], [25, 27], [26, 28], [29, 31], [30, 32], [33, 35], [34, 36], [37, 38], [39, 41], [40, 42]], [[7, 8], [9, 10], [11, 13], [12, 14], [15, 17], [16, 18], [19, 21], [20, 22], [23, 24], [25, 27], [26, 28], [29, 31], [30, 32], [33, 34], [35, 36], [37, 39], [38, 40], [41, 43], [42, 44], [45, 46], [47, 49], [48, 50], [1, 2], [3, 4], [5, 6]], [[14, 16], [13, 15], [17, 19], [18, 20], [21, 22], [23, 25], [24, 26], [27, 28], [29, 31], [30, 32], [33, 34], [35, 37], [36, 38], [39, 40], [41, 42], [43, 45], [44, 46], [47, 48], [1, 49], [2, 50], [3, 4], [5, 7], [6, 8], [9, 11], [10, 12]], [[43, 45], [44, 46], [47, 48], [1, 49], [2, 50], [3, 4], [5, 6], [7, 9], [8, 10], [11, 12], [13, 14], [15, 16], [17, 19], [18, 20], [21, 23], [22, 24], [25, 26], [27, 29], [28, 30], [31, 32], [33, 35], [34, 36], [37, 39], [38, 40], [41, 42]], [[14, 15], [16, 17], [18, 19], [20, 21], [22, 24], [23, 25], [26, 27], [28, 29], [30, 32], [31, 33], [34, 36], [35, 37], [38, 39], [40, 42], [41, 43], [44, 45], [46, 47], [48, 49], [2, 50], [1, 3], [4, 5], [6, 8], [7, 9], [10, 12], [11, 13]], [[18, 20], [19, 21], [22, 24], [23, 25], [26, 28], [27, 29], [30, 32], [31, 33], [34, 35], [36, 37], [38, 40], [39, 41], [42, 44], [43, 45], [46, 47], [48, 49], [2, 50], [1, 3], [4, 6], [5, 7], [8, 10], [9, 11], [12, 13], [14, 16], [15, 17]], [[40, 41], [42, 43], [44, 45], [46, 48], [47, 49], [1, 50], [2, 3], [4, 5], [6, 7], [8, 10], [9, 11], [12, 13], [14, 15], [16, 17], [18, 20], [19, 21], [22, 24], [23, 25], [26, 28], [27, 29], [30, 31], [32, 34], [33, 35], [36, 37], [38, 39]], [[43, 45], [46, 47], [48, 50], [1, 49], [2, 4], [3, 5], [6, 7], [8, 10], [9, 11], [12, 14], [13, 15], [16, 18], [17, 19], [20, 22], [21, 23], [24, 25], [26, 27], [28, 30], [29, 31], [32, 33], [34, 35], [36, 38], [37, 39], [40, 41], [42, 44]], [[41, 43], [44, 45], [46, 47], [48, 49], [2, 50], [1, 3], [4, 6], [5, 7], [8, 9], [10, 12], [11, 13], [14, 15], [16, 18], [17, 19], [20, 22], [21, 23], [24, 25], [26, 28], [27, 29], [30, 31], [32, 34], [33, 35], [36, 38], [37, 39], [40, 42]], [[2, 3], [4, 5], [6, 7], [8, 9], [10, 11], [12, 14], [13, 15], [16, 17], [18, 20], [19, 21], [22, 23], [24, 25], [26, 27], [28, 30], [29, 31], [32, 34], [33, 35], [36, 38], [37, 39], [40, 41], [42, 44], [43, 45], [46, 48], [47, 49], [1, 50]], [[11, 12], [13, 14], [15, 17], [16, 18], [19, 21], [20, 22], [23, 24], [25, 27], [26, 28], [29, 30], [31, 32], [33, 35], [34, 36], [37, 38], [39, 41], [40, 42], [43, 44], [45, 46], [47, 48], [1, 49], [2, 50], [3, 5], [4, 6], [7, 9], [8, 10]]]",,1,,0.0,97449,Wave,9,1,2,,0.0,97449,Nuclear,21,2,1,,0.0,97449,Safety,13,3,1,,0.0,97449,Safety,22,4,1,,0.0,97449,Nuclear,19,5,1,,0.0,97449,Environment,3,6,2,,0.0,97449,Bigdisaster,15,7,1,,0.0,97449,Disaster,21,8,2,,0.0,97449,Disaster,8,9,2,,0.0,97449,Tsunami,2,10,1,,1.0,97449,Disaster,24,11,1,,0.0,97449,Tsunami,12,12,2,,0.0,97449,Disaster,10,13,1,,0.0,97449,Disaster,2,14,2,,0.0,97449,Disaster,10,15,1,,1.0,97449,Disaster,11,16,1,,0.0,97449,Tsunami,14,17,2,,0.0,97449,Bigwave,20,18,2,,0.0,97449,Disaster,3,19,1,,0.0,97449,Bigwave,17,20,1,,1.0,97449,Disaster,13,21,1,,0.0,97449,Keepjapansafe,18,22,1,,1.0,97449,Disaster,4,23,1,,0.0,97449,Tsunami,3,24,2,,0.0,97449,Nucleardisaster,1,25,2,,0.0,97449,Big,15,26,1,,0.0,97449,Bigwaves,21,27,2,,0.0,97449,Prayforjaoan,14,28,1,,0.0,97449,Bigwaves,24,29,2,,1.0,97449,Tsunami,1,30,1,,0.0,97449,Wave,20,31,2,,0.0,97449,Bigwave,16,32,2,,0.0,97449,Disaster,1,33,2,,0.0,97449,Pray4japan,16,34,2,,0.0,97449,Radioactive,14,35,2,,0.0,97449,Water,3,36,2,,0.0,97449,Radioactive,1,37,2,,0.0,97449,Waves,2,38,2,,0.0,97449,Nuclear,22,39,1,,0.0,97449,Pray4japan,18,40,,,,,,,,,,,,,,,,,,,,,,,,,,,,,,,,,,,,,,,,,,,,,,,,,,,,,,,,,,,,,,,,,,,,,,,,,,,,,,,,,,,,,,,,,,,,,,,,,,,,,,,,,,,,,,,,,,,,,,,,,,,,,,,,,,,,,,,,,,,,,,,,,,,,,,,,,,,,,,,,,,,,,,,,,,,,,,,,,,,,,,,,,,,,,,,,,,,,,,,,,,,,,,,,,,,,,,,,,,,,,,,,,,,,,,,,,,,,,,,,,,,,,,,,,,,,,,,,,,,,,,,,,,,,,,,,,,,,,,,,,,,,,,,,,,,,,,,,,,,,,,,,,,,,,,,,,,,,,,,,,,,,,,,,,,,,,,,,,,,,,,,,,,,,,,,,,,,,,,,,,,,,,,,,,,,,,,,,,,,,,,,,,,,,,,,,,,,,,,,,,,,,,,,,,,,,,,,,,,,,,,,,,,,,,,,,,,,,,,,,,,,,,,,,,,,,,,,,,,,,,,,,,,,,,,,,,,,,,,,,,,,,,,,,,,,,,,,,,,,,,,,,,,,,,,,,,,,,,,,,,,,,,,,,,,,,,,,,,,,,,,,,,,,,,,,,,,,,,,,,,,,,,,,,,,,,,,,,,,,,,,,,,,,,,,,,,,,,,,,,,,,,,,,,,,,,,,,,,,,,,,,,,,,,,,,,,,,,,,,,,,,,,,,,,,,,,,,,,,,,,,,,,,,,,,,,,,,,,,,,,,,,,,,,,,,,,,,,,,,,,,,,,,,,,,,,,,,,,,,,,,,,,,,,,,,,,,,,,,,,,,,,,,,,,,,,,,,,,,,,,,,,,,,,,,,,,,,,,,,,,,,,,,,,,,,,,,,,,,,,,,,,,,,,,,,,,,,,,,,,,,,,,,,,,,,,,,,,,,,,,,,,,,,,,,,,,,,,,,,,,,,,,,,,,,,,,,,,,,,,,,,,,,,,,,,,,,,,,,,,,,,,,,,,,,,,,,,,,,,,,,,,,,,,,,,,,,,,,,,,,,,,,,,,,,,,,,,,,,,,,,,,,,,,,,,,,,,,,,,,,,,,,,,,,,,,,,,,,,,,,,,,,,,,,,,,,,,,,,,,,,,,,,,,,,,,,,,,,,,,,,,,,,,,,,,,,,,,,,,,,,,,,,,,,,,,,,,,,,,,,,,,,,,,,,,,,,,,,,,,,,,,,,,,,,,,,,,,,,,,,,,,,,,,,,,,,,,,,,,,,,,,,,,,,,,,,,,,,,,,,,,,,,,,,,
46,k1ax0wt2,,0,240,240,hashtag_experiment,LastPage,2024-04-17 17:14:47.884767,1,,,0.0,g8k2na6b,,,,,0,0.0,1.0,hashtag_experiment,"[[[30, 31], [32, 33], [34, 35], [36, 38], [37, 39], [40, 42], [41, 43], [44, 46], [45, 47], [48, 50], [1, 49], [2, 4], [3, 5], [6, 7], [8, 10], [9, 11], [12, 13], [14, 15], [16, 17], [18, 19], [20, 21], [22, 23], [24, 25], [26, 27], [28, 29]], [[3, 5], [4, 6], [7, 9], [8, 10], [11, 13], [12, 14], [15, 16], [17, 19], [18, 20], [21, 23], [22, 24], [25, 26], [27, 29], [28, 30], [31, 33], [32, 34], [35, 36], [37, 39], [38, 40], [41, 42], [43, 45], [44, 46], [47, 49], [48, 50], [1, 2]], [[23, 25], [22, 24], [26, 27], [28, 30], [29, 31], [32, 34], [33, 35], [36, 37], [38, 39], [40, 41], [42, 43], [44, 46], [45, 47], [48, 50], [1, 49], [2, 3], [4, 5], [6, 8], [7, 9], [10, 12], [11, 13], [14, 15], [16, 18], [17, 19], [20, 21]], [[3, 5], [4, 6], [7, 8], [9, 10], [11, 12], [13, 15], [14, 16], [17, 19], [18, 20], [21, 23], [22, 24], [25, 27], [26, 28], [29, 31], [30, 32], [33, 34], [35, 37], [36, 38], [39, 41], [40, 42], [43, 44], [45, 46], [47, 49], [48, 50], [1, 2]], [[9, 10], [11, 12], [13, 14], [15, 17], [16, 18], [19, 21], [20, 22], [23, 24], [25, 26], [27, 29], [28, 30], [31, 33], [32, 34], [35, 36], [37, 39], [38, 40], [41, 42], [43, 44], [45, 46], [47, 49], [48, 50], [1, 3], [2, 4], [5, 6], [7, 8]], [[41, 42], [43, 44], [45, 47], [46, 48], [49, 50], [1, 3], [2, 4], [5, 6], [7, 9], [8, 10], [11, 13], [12, 14], [15, 17], [16, 18], [19, 21], [20, 22], [23, 25], [24, 26], [27, 29], [28, 30], [31, 33], [32, 34], [35, 36], [37, 39], [38, 40]], [[16, 17], [18, 19], [20, 22], [21, 23], [24, 25], [26, 28], [27, 29], [30, 31], [32, 33], [34, 35], [36, 38], [37, 39], [40, 41], [42, 44], [43, 45], [46, 47], [48, 50], [1, 49], [2, 4], [3, 5], [6, 7], [8, 10], [9, 11], [12, 14], [13, 15]], [[5, 7], [6, 8], [9, 10], [11, 13], [12, 14], [15, 16], [17, 18], [19, 21], [20, 22], [23, 25], [24, 26], [27, 28], [29, 31], [30, 32], [33, 34], [35, 37], [36, 38], [39, 40], [41, 42], [43, 44], [45, 46], [47, 48], [1, 49], [2, 50], [3, 4]], [[30, 32], [29, 31], [33, 34], [35, 36], [37, 38], [39, 40], [41, 42], [43, 45], [44, 46], [47, 48], [1, 49], [2, 50], [3, 4], [5, 7], [6, 8], [9, 11], [10, 12], [13, 14], [15, 16], [17, 18], [19, 21], [20, 22], [23, 24], [25, 27], [26, 28]], [[44, 46], [43, 45], [47, 49], [48, 50], [1, 2], [3, 4], [5, 6], [7, 8], [9, 10], [11, 13], [12, 14], [15, 17], [16, 18], [19, 20], [21, 22], [23, 25], [24, 26], [27, 28], [29, 31], [30, 32], [33, 34], [35, 37], [36, 38], [39, 40], [41, 42]], [[1, 50], [2, 4], [3, 5], [6, 7], [8, 9], [10, 11], [12, 14], [13, 15], [16, 18], [17, 19], [20, 22], [21, 23], [24, 25], [26, 27], [28, 30], [29, 31], [32, 34], [33, 35], [36, 37], [38, 40], [39, 41], [42, 43], [44, 46], [45, 47], [48, 49]], [[23, 25], [24, 26], [27, 29], [28, 30], [31, 33], [32, 34], [35, 37], [36, 38], [39, 41], [40, 42], [43, 44], [45, 46], [47, 49], [48, 50], [1, 2], [3, 5], [4, 6], [7, 8], [9, 11], [10, 12], [13, 14], [15, 17], [16, 18], [19, 20], [21, 22]], [[26, 28], [27, 29], [30, 31], [32, 34], [33, 35], [36, 37], [38, 39], [40, 42], [41, 43], [44, 45], [46, 47], [48, 49], [1, 50], [2, 3], [4, 5], [6, 7], [8, 9], [10, 11], [12, 14], [13, 15], [16, 18], [17, 19], [20, 21], [22, 23], [24, 25]], [[43, 44], [45, 46], [47, 48], [1, 49], [2, 50], [3, 4], [5, 7], [6, 8], [9, 10], [11, 12], [13, 14], [15, 16], [17, 19], [18, 20], [21, 23], [22, 24], [25, 27], [26, 28], [29, 30], [31, 33], [32, 34], [35, 37], [36, 38], [39, 40], [41, 42]], [[26, 27], [28, 30], [29, 31], [32, 33], [34, 36], [35, 37], [38, 40], [39, 41], [42, 44], [43, 45], [46, 48], [47, 49], [2, 50], [1, 3], [4, 5], [6, 7], [8, 10], [9, 11], [12, 14], [13, 15], [16, 17], [18, 20], [19, 21], [22, 24], [23, 25]], [[25, 27], [26, 28], [29, 30], [31, 32], [33, 35], [34, 36], [37, 39], [38, 40], [41, 43], [42, 44], [45, 47], [46, 48], [1, 49], [2, 50], [3, 4], [5, 7], [6, 8], [9, 11], [10, 12], [13, 14], [15, 16], [17, 18], [19, 20], [21, 23], [22, 24]], [[20, 21], [22, 24], [23, 25], [26, 28], [27, 29], [30, 31], [32, 33], [34, 35], [36, 38], [37, 39], [40, 41], [42, 43], [44, 46], [45, 47], [48, 49], [1, 50], [2, 3], [4, 6], [5, 7], [8, 9], [10, 12], [11, 13], [14, 15], [16, 18], [17, 19]], [[6, 7], [8, 9], [10, 11], [12, 14], [13, 15], [16, 17], [18, 20], [19, 21], [22, 24], [23, 25], [26, 28], [27, 29], [30, 32], [31, 33], [34, 36], [35, 37], [38, 40], [39, 41], [42, 44], [43, 45], [46, 48], [47, 49], [1, 50], [2, 4], [3, 5]], [[41, 43], [40, 42], [44, 45], [46, 48], [47, 49], [1, 50], [2, 4], [3, 5], [6, 8], [7, 9], [10, 12], [11, 13], [14, 16], [15, 17], [18, 19], [20, 22], [21, 23], [24, 25], [26, 28], [27, 29], [30, 31], [32, 34], [33, 35], [36, 38], [37, 39]], [[13, 14], [15, 16], [17, 18], [19, 21], [20, 22], [23, 24], [25, 26], [27, 28], [29, 30], [31, 32], [33, 34], [35, 37], [36, 38], [39, 41], [40, 42], [43, 44], [45, 47], [46, 48], [49, 50], [1, 2], [3, 5], [4, 6], [7, 8], [9, 10], [11, 12]], [[21, 22], [23, 24], [25, 26], [27, 29], [28, 30], [31, 33], [32, 34], [35, 36], [37, 39], [38, 40], [41, 42], [43, 44], [45, 47], [46, 48], [49, 50], [1, 3], [2, 4], [5, 7], [6, 8], [9, 11], [10, 12], [13, 15], [14, 16], [17, 19], [18, 20]], [[12, 14], [13, 15], [16, 18], [17, 19], [20, 22], [21, 23], [24, 26], [25, 27], [28, 30], [29, 31], [32, 34], [33, 35], [36, 38], [37, 39], [40, 42], [41, 43], [44, 46], [45, 47], [48, 50], [1, 49], [2, 4], [3, 5], [6, 8], [7, 9], [10, 11]], [[39, 40], [41, 42], [43, 44], [45, 47], [46, 48], [1, 49], [2, 50], [3, 5], [4, 6], [7, 9], [8, 10], [11, 12], [13, 15], [14, 16], [17, 18], [19, 21], [20, 22], [23, 24], [25, 27], [26, 28], [29, 31], [30, 32], [33, 35], [34, 36], [37, 38]], [[41, 43], [42, 44], [45, 46], [47, 48], [1, 49], [2, 50], [3, 4], [5, 6], [7, 9], [8, 10], [11, 13], [12, 14], [15, 17], [16, 18], [19, 21], [20, 22], [23, 24], [25, 27], [26, 28], [29, 30], [31, 32], [33, 35], [34, 36], [37, 38], [39, 40]], [[43, 45], [46, 47], [48, 49], [2, 50], [1, 3], [4, 6], [5, 7], [8, 10], [9, 11], [12, 13], [14, 16], [15, 17], [18, 20], [19, 21], [22, 23], [24, 25], [26, 27], [28, 29], [30, 32], [31, 33], [34, 35], [36, 37], [38, 40], [39, 41], [42, 44]], [[14, 16], [17, 19], [18, 20], [21, 22], [23, 25], [24, 26], [27, 28], [29, 30], [31, 32], [33, 35], [34, 36], [37, 38], [39, 40], [41, 42], [43, 45], [44, 46], [47, 48], [1, 49], [2, 50], [3, 5], [4, 6], [7, 8], [9, 10], [11, 12], [13, 15]], [[5, 6], [7, 9], [8, 10], [11, 13], [12, 14], [15, 17], [16, 18], [19, 21], [20, 22], [23, 25], [24, 26], [27, 28], [29, 31], [30, 32], [33, 34], [35, 37], [36, 38], [39, 41], [40, 42], [43, 44], [45, 47], [46, 48], [1, 49], [2, 50], [3, 4]], [[18, 19], [20, 22], [21, 23], [24, 25], [26, 28], [27, 29], [30, 32], [31, 33], [34, 36], [35, 37], [38, 40], [39, 41], [42, 44], [43, 45], [46, 48], [47, 49], [2, 50], [1, 3], [4, 5], [6, 8], [7, 9], [10, 12], [11, 13], [14, 16], [15, 17]], [[49, 50], [1, 2], [3, 4], [5, 6], [7, 8], [9, 10], [11, 12], [13, 15], [14, 16], [17, 18], [19, 20], [21, 22], [23, 25], [24, 26], [27, 28], [29, 30], [31, 32], [33, 34], [35, 36], [37, 38], [39, 41], [40, 42], [43, 44], [45, 47], [46, 48]], [[43, 45], [44, 46], [47, 49], [48, 50], [1, 2], [3, 4], [5, 7], [6, 8], [9, 10], [11, 13], [12, 14], [15, 16], [17, 18], [19, 20], [21, 23], [22, 24], [25, 27], [26, 28], [29, 31], [30, 32], [33, 35], [34, 36], [37, 38], [39, 41], [40, 42]], [[7, 8], [9, 10], [11, 13], [12, 14], [15, 17], [16, 18], [19, 21], [20, 22], [23, 24], [25, 27], [26, 28], [29, 31], [30, 32], [33, 34], [35, 36], [37, 39], [38, 40], [41, 43], [42, 44], [45, 46], [47, 49], [48, 50], [1, 2], [3, 4], [5, 6]], [[14, 16], [13, 15], [17, 19], [18, 20], [21, 22], [23, 25], [24, 26], [27, 28], [29, 31], [30, 32], [33, 34], [35, 37], [36, 38], [39, 40], [41, 42], [43, 45], [44, 46], [47, 48], [1, 49], [2, 50], [3, 4], [5, 7], [6, 8], [9, 11], [10, 12]], [[43, 45], [44, 46], [47, 48], [1, 49], [2, 50], [3, 4], [5, 6], [7, 9], [8, 10], [11, 12], [13, 14], [15, 16], [17, 19], [18, 20], [21, 23], [22, 24], [25, 26], [27, 29], [28, 30], [31, 32], [33, 35], [34, 36], [37, 39], [38, 40], [41, 42]], [[14, 15], [16, 17], [18, 19], [20, 21], [22, 24], [23, 25], [26, 27], [28, 29], [30, 32], [31, 33], [34, 36], [35, 37], [38, 39], [40, 42], [41, 43], [44, 45], [46, 47], [48, 49], [2, 50], [1, 3], [4, 5], [6, 8], [7, 9], [10, 12], [11, 13]], [[18, 20], [19, 21], [22, 24], [23, 25], [26, 28], [27, 29], [30, 32], [31, 33], [34, 35], [36, 37], [38, 40], [39, 41], [42, 44], [43, 45], [46, 47], [48, 49], [2, 50], [1, 3], [4, 6], [5, 7], [8, 10], [9, 11], [12, 13], [14, 16], [15, 17]], [[40, 41], [42, 43], [44, 45], [46, 48], [47, 49], [1, 50], [2, 3], [4, 5], [6, 7], [8, 10], [9, 11], [12, 13], [14, 15], [16, 17], [18, 20], [19, 21], [22, 24], [23, 25], [26, 28], [27, 29], [30, 31], [32, 34], [33, 35], [36, 37], [38, 39]], [[43, 45], [46, 47], [48, 50], [1, 49], [2, 4], [3, 5], [6, 7], [8, 10], [9, 11], [12, 14], [13, 15], [16, 18], [17, 19], [20, 22], [21, 23], [24, 25], [26, 27], [28, 30], [29, 31], [32, 33], [34, 35], [36, 38], [37, 39], [40, 41], [42, 44]], [[41, 43], [44, 45], [46, 47], [48, 49], [2, 50], [1, 3], [4, 6], [5, 7], [8, 9], [10, 12], [11, 13], [14, 15], [16, 18], [17, 19], [20, 22], [21, 23], [24, 25], [26, 28], [27, 29], [30, 31], [32, 34], [33, 35], [36, 38], [37, 39], [40, 42]], [[2, 3], [4, 5], [6, 7], [8, 9], [10, 11], [12, 14], [13, 15], [16, 17], [18, 20], [19, 21], [22, 23], [24, 25], [26, 27], [28, 30], [29, 31], [32, 34], [33, 35], [36, 38], [37, 39], [40, 41], [42, 44], [43, 45], [46, 48], [47, 49], [1, 50]], [[11, 12], [13, 14], [15, 17], [16, 18], [19, 21], [20, 22], [23, 24], [25, 27], [26, 28], [29, 30], [31, 32], [33, 35], [34, 36], [37, 38], [39, 41], [40, 42], [43, 44], [45, 46], [47, 48], [1, 49], [2, 50], [3, 5], [4, 6], [7, 9], [8, 10]]]",,2,,0.0,93763.,nuclearpower,8,1,2,,0.0,93763.,tsunami,22,2,2,,0.0,93763.,nucleardiasaters,12,3,2,,0.0,93763.,nuclearpower,22,4,2,,0.0,93763.,environmentaldisaster,19,5,1,,0.0,93763.,nculear,4,6,1,,0.0,93763.,nuclearproblems,16,7,2,,0.0,93763.,greenenergy,21,8,2,,0.0,93763.,nucleardisaster,9,9,2,,0.0,93763.,radioactivedanger,1,10,2,,0.0,93763.,nuclear,23,11,2,,0.0,93763.,radioactive,12,12,1,,0.0,93763.,naturaldisasters,11,13,2,,0.0,93763.,tsuname,2,14,1,,0.0,93763.,diaster,11,15,1,,0.0,93763.,nucleardisiaster,12,16,2,,0.0,93763.,myluckranouttoo,13,17,1,,0.0,93763.,japannuclear,21,18,1,,0.0,93763.,japannucleardisiaster,4,19,1,,0.0,93763.,whatarewefightingfor,18,20,1,,0.0,93763.,besafe,14,21,2,,0.0,93763.,nuclearpowerproblems,17,22,1,,0.0,93763.,tsunami,5,23,2,,0.0,93763.,earthquake,3,24,1,,0.0,93763.,tsunami,2,25,2,,0.0,93763.,tsunami,16,26,1,,0.0,93763.,japantsunami,22,27,1,,0.0,93763.,naturaldisiaster,15,28,1,,0.0,93763.,oceandisiaster,25,29,2,,0.0,93763.,nucelardiasaster,2,30,2,,0.0,93763.,nuclerpowerplant,20,31,2,,0.0,93763.,bigwave,17,32,2,,0.0,93763.,Japanearthquake,2,33,1,,0.0,93763.,,17,34,1,,0.0,93763.,thisaintgood,15,35,1,,0.0,93763.,waves,4,36,1,,0.0,93763.,bigeffingwaves,2,37,1,,0.0,93763.,prayersforjapan,3,38,1,,0.0,93763.,nuclearpowerproblems,23,39,2,,0.0,93763.,nuclearpowerproblems,18,40,,,,,,,,,,,,,,,,,,,,,,,,,,,,,,,,,,,,,,,,,,,,,,,,,,,,,,,,,,,,,,,,,,,,,,,,,,,,,,,,,,,,,,,,,,,,,,,,,,,,,,,,,,,,,,,,,,,,,,,,,,,,,,,,,,,,,,,,,,,,,,,,,,,,,,,,,,,,,,,,,,,,,,,,,,,,,,,,,,,,,,,,,,,,,,,,,,,,,,,,,,,,,,,,,,,,,,,,,,,,,,,,,,,,,,,,,,,,,,,,,,,,,,,,,,,,,,,,,,,,,,,,,,,,,,,,,,,,,,,,,,,,,,,,,,,,,,,,,,,,,,,,,,,,,,,,,,,,,,,,,,,,,,,,,,,,,,,,,,,,,,,,,,,,,,,,,,,,,,,,,,,,,,,,,,,,,,,,,,,,,,,,,,,,,,,,,,,,,,,,,,,,,,,,,,,,,,,,,,,,,,,,,,,,,,,,,,,,,,,,,,,,,,,,,,,,,,,,,,,,,,,,,,,,,,,,,,,,,,,,,,,,,,,,,,,,,,,,,,,,,,,,,,,,,,,,,,,,,,,,,,,,,,,,,,,,,,,,,,,,,,,,,,,,,,,,,,,,,,,,,,,,,,,,,,,,,,,,,,,,,,,,,,,,,,,,,,,,,,,,,,,,,,,,,,,,,,,,,,,,,,,,,,,,,,,,,,,,,,,,,,,,,,,,,,,,,,,,,,,,,,,,,,,,,,,,,,,,,,,,,,,,,,,,,,,,,,,,,,,,,,,,,,,,,,,,,,,,,,,,,,,,,,,,,,,,,,,,,,,,,,,,,,,,,,,,,,,,,,,,,,,,,,,,,,,,,,,,,,,,,,,,,,,,,,,,,,,,,,,,,,,,,,,,,,,,,,,,,,,,,,,,,,,,,,,,,,,,,,,,,,,,,,,,,,,,,,,,,,,,,,,,,,,,,,,,,,,,,,,,,,,,,,,,,,,,,,,,,,,,,,,,,,,,,,,,,,,,,,,,,,,,,,,,,,,,,,,,,,,,,,,,,,,,,,,,,,,,,,,,,,,,,,,,,,,,,,,,,,,,,,,,,,,,,,,,,,,,,,,,,,,,,,,,,,,,,,,,,,,,,,,,,,,,,,,,,,,,,,,,,,,,,,,,,,,,,,,,,,,,,,,,,,,,,,,,,,,,,,,,,,,,,,,,,,,,,,,,,,,,,,,,,,,,,,,,,,,,,,,,,,,,,,,,,,,,,,,,,,,,,,,,,,,,,,,,,,,,,,,,,,,,,,,,,,
47,w4ihd0ty,,0,240,240,hashtag_experiment,LastPage,2024-04-17 17:14:50.282897,1,,,4.0,g8k2na6b,,,,,0,0.0,1.0,hashtag_experiment,"[[[30, 31], [32, 33], [34, 35], [36, 38], [37, 39], [40, 42], [41, 43], [44, 46], [45, 47], [48, 50], [1, 49], [2, 4], [3, 5], [6, 7], [8, 10], [9, 11], [12, 13], [14, 15], [16, 17], [18, 19], [20, 21], [22, 23], [24, 25], [26, 27], [28, 29]], [[3, 5], [4, 6], [7, 9], [8, 10], [11, 13], [12, 14], [15, 16], [17, 19], [18, 20], [21, 23], [22, 24], [25, 26], [27, 29], [28, 30], [31, 33], [32, 34], [35, 36], [37, 39], [38, 40], [41, 42], [43, 45], [44, 46], [47, 49], [48, 50], [1, 2]], [[23, 25], [22, 24], [26, 27], [28, 30], [29, 31], [32, 34], [33, 35], [36, 37], [38, 39], [40, 41], [42, 43], [44, 46], [45, 47], [48, 50], [1, 49], [2, 3], [4, 5], [6, 8], [7, 9], [10, 12], [11, 13], [14, 15], [16, 18], [17, 19], [20, 21]], [[3, 5], [4, 6], [7, 8], [9, 10], [11, 12], [13, 15], [14, 16], [17, 19], [18, 20], [21, 23], [22, 24], [25, 27], [26, 28], [29, 31], [30, 32], [33, 34], [35, 37], [36, 38], [39, 41], [40, 42], [43, 44], [45, 46], [47, 49], [48, 50], [1, 2]], [[9, 10], [11, 12], [13, 14], [15, 17], [16, 18], [19, 21], [20, 22], [23, 24], [25, 26], [27, 29], [28, 30], [31, 33], [32, 34], [35, 36], [37, 39], [38, 40], [41, 42], [43, 44], [45, 46], [47, 49], [48, 50], [1, 3], [2, 4], [5, 6], [7, 8]], [[41, 42], [43, 44], [45, 47], [46, 48], [49, 50], [1, 3], [2, 4], [5, 6], [7, 9], [8, 10], [11, 13], [12, 14], [15, 17], [16, 18], [19, 21], [20, 22], [23, 25], [24, 26], [27, 29], [28, 30], [31, 33], [32, 34], [35, 36], [37, 39], [38, 40]], [[16, 17], [18, 19], [20, 22], [21, 23], [24, 25], [26, 28], [27, 29], [30, 31], [32, 33], [34, 35], [36, 38], [37, 39], [40, 41], [42, 44], [43, 45], [46, 47], [48, 50], [1, 49], [2, 4], [3, 5], [6, 7], [8, 10], [9, 11], [12, 14], [13, 15]], [[5, 7], [6, 8], [9, 10], [11, 13], [12, 14], [15, 16], [17, 18], [19, 21], [20, 22], [23, 25], [24, 26], [27, 28], [29, 31], [30, 32], [33, 34], [35, 37], [36, 38], [39, 40], [41, 42], [43, 44], [45, 46], [47, 48], [1, 49], [2, 50], [3, 4]], [[30, 32], [29, 31], [33, 34], [35, 36], [37, 38], [39, 40], [41, 42], [43, 45], [44, 46], [47, 48], [1, 49], [2, 50], [3, 4], [5, 7], [6, 8], [9, 11], [10, 12], [13, 14], [15, 16], [17, 18], [19, 21], [20, 22], [23, 24], [25, 27], [26, 28]], [[44, 46], [43, 45], [47, 49], [48, 50], [1, 2], [3, 4], [5, 6], [7, 8], [9, 10], [11, 13], [12, 14], [15, 17], [16, 18], [19, 20], [21, 22], [23, 25], [24, 26], [27, 28], [29, 31], [30, 32], [33, 34], [35, 37], [36, 38], [39, 40], [41, 42]], [[1, 50], [2, 4], [3, 5], [6, 7], [8, 9], [10, 11], [12, 14], [13, 15], [16, 18], [17, 19], [20, 22], [21, 23], [24, 25], [26, 27], [28, 30], [29, 31], [32, 34], [33, 35], [36, 37], [38, 40], [39, 41], [42, 43], [44, 46], [45, 47], [48, 49]], [[23, 25], [24, 26], [27, 29], [28, 30], [31, 33], [32, 34], [35, 37], [36, 38], [39, 41], [40, 42], [43, 44], [45, 46], [47, 49], [48, 50], [1, 2], [3, 5], [4, 6], [7, 8], [9, 11], [10, 12], [13, 14], [15, 17], [16, 18], [19, 20], [21, 22]], [[26, 28], [27, 29], [30, 31], [32, 34], [33, 35], [36, 37], [38, 39], [40, 42], [41, 43], [44, 45], [46, 47], [48, 49], [1, 50], [2, 3], [4, 5], [6, 7], [8, 9], [10, 11], [12, 14], [13, 15], [16, 18], [17, 19], [20, 21], [22, 23], [24, 25]], [[43, 44], [45, 46], [47, 48], [1, 49], [2, 50], [3, 4], [5, 7], [6, 8], [9, 10], [11, 12], [13, 14], [15, 16], [17, 19], [18, 20], [21, 23], [22, 24], [25, 27], [26, 28], [29, 30], [31, 33], [32, 34], [35, 37], [36, 38], [39, 40], [41, 42]], [[26, 27], [28, 30], [29, 31], [32, 33], [34, 36], [35, 37], [38, 40], [39, 41], [42, 44], [43, 45], [46, 48], [47, 49], [2, 50], [1, 3], [4, 5], [6, 7], [8, 10], [9, 11], [12, 14], [13, 15], [16, 17], [18, 20], [19, 21], [22, 24], [23, 25]], [[25, 27], [26, 28], [29, 30], [31, 32], [33, 35], [34, 36], [37, 39], [38, 40], [41, 43], [42, 44], [45, 47], [46, 48], [1, 49], [2, 50], [3, 4], [5, 7], [6, 8], [9, 11], [10, 12], [13, 14], [15, 16], [17, 18], [19, 20], [21, 23], [22, 24]], [[20, 21], [22, 24], [23, 25], [26, 28], [27, 29], [30, 31], [32, 33], [34, 35], [36, 38], [37, 39], [40, 41], [42, 43], [44, 46], [45, 47], [48, 49], [1, 50], [2, 3], [4, 6], [5, 7], [8, 9], [10, 12], [11, 13], [14, 15], [16, 18], [17, 19]], [[6, 7], [8, 9], [10, 11], [12, 14], [13, 15], [16, 17], [18, 20], [19, 21], [22, 24], [23, 25], [26, 28], [27, 29], [30, 32], [31, 33], [34, 36], [35, 37], [38, 40], [39, 41], [42, 44], [43, 45], [46, 48], [47, 49], [1, 50], [2, 4], [3, 5]], [[41, 43], [40, 42], [44, 45], [46, 48], [47, 49], [1, 50], [2, 4], [3, 5], [6, 8], [7, 9], [10, 12], [11, 13], [14, 16], [15, 17], [18, 19], [20, 22], [21, 23], [24, 25], [26, 28], [27, 29], [30, 31], [32, 34], [33, 35], [36, 38], [37, 39]], [[13, 14], [15, 16], [17, 18], [19, 21], [20, 22], [23, 24], [25, 26], [27, 28], [29, 30], [31, 32], [33, 34], [35, 37], [36, 38], [39, 41], [40, 42], [43, 44], [45, 47], [46, 48], [49, 50], [1, 2], [3, 5], [4, 6], [7, 8], [9, 10], [11, 12]], [[21, 22], [23, 24], [25, 26], [27, 29], [28, 30], [31, 33], [32, 34], [35, 36], [37, 39], [38, 40], [41, 42], [43, 44], [45, 47], [46, 48], [49, 50], [1, 3], [2, 4], [5, 7], [6, 8], [9, 11], [10, 12], [13, 15], [14, 16], [17, 19], [18, 20]], [[12, 14], [13, 15], [16, 18], [17, 19], [20, 22], [21, 23], [24, 26], [25, 27], [28, 30], [29, 31], [32, 34], [33, 35], [36, 38], [37, 39], [40, 42], [41, 43], [44, 46], [45, 47], [48, 50], [1, 49], [2, 4], [3, 5], [6, 8], [7, 9], [10, 11]], [[39, 40], [41, 42], [43, 44], [45, 47], [46, 48], [1, 49], [2, 50], [3, 5], [4, 6], [7, 9], [8, 10], [11, 12], [13, 15], [14, 16], [17, 18], [19, 21], [20, 22], [23, 24], [25, 27], [26, 28], [29, 31], [30, 32], [33, 35], [34, 36], [37, 38]], [[41, 43], [42, 44], [45, 46], [47, 48], [1, 49], [2, 50], [3, 4], [5, 6], [7, 9], [8, 10], [11, 13], [12, 14], [15, 17], [16, 18], [19, 21], [20, 22], [23, 24], [25, 27], [26, 28], [29, 30], [31, 32], [33, 35], [34, 36], [37, 38], [39, 40]], [[43, 45], [46, 47], [48, 49], [2, 50], [1, 3], [4, 6], [5, 7], [8, 10], [9, 11], [12, 13], [14, 16], [15, 17], [18, 20], [19, 21], [22, 23], [24, 25], [26, 27], [28, 29], [30, 32], [31, 33], [34, 35], [36, 37], [38, 40], [39, 41], [42, 44]], [[14, 16], [17, 19], [18, 20], [21, 22], [23, 25], [24, 26], [27, 28], [29, 30], [31, 32], [33, 35], [34, 36], [37, 38], [39, 40], [41, 42], [43, 45], [44, 46], [47, 48], [1, 49], [2, 50], [3, 5], [4, 6], [7, 8], [9, 10], [11, 12], [13, 15]], [[5, 6], [7, 9], [8, 10], [11, 13], [12, 14], [15, 17], [16, 18], [19, 21], [20, 22], [23, 25], [24, 26], [27, 28], [29, 31], [30, 32], [33, 34], [35, 37], [36, 38], [39, 41], [40, 42], [43, 44], [45, 47], [46, 48], [1, 49], [2, 50], [3, 4]], [[18, 19], [20, 22], [21, 23], [24, 25], [26, 28], [27, 29], [30, 32], [31, 33], [34, 36], [35, 37], [38, 40], [39, 41], [42, 44], [43, 45], [46, 48], [47, 49], [2, 50], [1, 3], [4, 5], [6, 8], [7, 9], [10, 12], [11, 13], [14, 16], [15, 17]], [[49, 50], [1, 2], [3, 4], [5, 6], [7, 8], [9, 10], [11, 12], [13, 15], [14, 16], [17, 18], [19, 20], [21, 22], [23, 25], [24, 26], [27, 28], [29, 30], [31, 32], [33, 34], [35, 36], [37, 38], [39, 41], [40, 42], [43, 44], [45, 47], [46, 48]], [[43, 45], [44, 46], [47, 49], [48, 50], [1, 2], [3, 4], [5, 7], [6, 8], [9, 10], [11, 13], [12, 14], [15, 16], [17, 18], [19, 20], [21, 23], [22, 24], [25, 27], [26, 28], [29, 31], [30, 32], [33, 35], [34, 36], [37, 38], [39, 41], [40, 42]], [[7, 8], [9, 10], [11, 13], [12, 14], [15, 17], [16, 18], [19, 21], [20, 22], [23, 24], [25, 27], [26, 28], [29, 31], [30, 32], [33, 34], [35, 36], [37, 39], [38, 40], [41, 43], [42, 44], [45, 46], [47, 49], [48, 50], [1, 2], [3, 4], [5, 6]], [[14, 16], [13, 15], [17, 19], [18, 20], [21, 22], [23, 25], [24, 26], [27, 28], [29, 31], [30, 32], [33, 34], [35, 37], [36, 38], [39, 40], [41, 42], [43, 45], [44, 46], [47, 48], [1, 49], [2, 50], [3, 4], [5, 7], [6, 8], [9, 11], [10, 12]], [[43, 45], [44, 46], [47, 48], [1, 49], [2, 50], [3, 4], [5, 6], [7, 9], [8, 10], [11, 12], [13, 14], [15, 16], [17, 19], [18, 20], [21, 23], [22, 24], [25, 26], [27, 29], [28, 30], [31, 32], [33, 35], [34, 36], [37, 39], [38, 40], [41, 42]], [[14, 15], [16, 17], [18, 19], [20, 21], [22, 24], [23, 25], [26, 27], [28, 29], [30, 32], [31, 33], [34, 36], [35, 37], [38, 39], [40, 42], [41, 43], [44, 45], [46, 47], [48, 49], [2, 50], [1, 3], [4, 5], [6, 8], [7, 9], [10, 12], [11, 13]], [[18, 20], [19, 21], [22, 24], [23, 25], [26, 28], [27, 29], [30, 32], [31, 33], [34, 35], [36, 37], [38, 40], [39, 41], [42, 44], [43, 45], [46, 47], [48, 49], [2, 50], [1, 3], [4, 6], [5, 7], [8, 10], [9, 11], [12, 13], [14, 16], [15, 17]], [[40, 41], [42, 43], [44, 45], [46, 48], [47, 49], [1, 50], [2, 3], [4, 5], [6, 7], [8, 10], [9, 11], [12, 13], [14, 15], [16, 17], [18, 20], [19, 21], [22, 24], [23, 25], [26, 28], [27, 29], [30, 31], [32, 34], [33, 35], [36, 37], [38, 39]], [[43, 45], [46, 47], [48, 50], [1, 49], [2, 4], [3, 5], [6, 7], [8, 10], [9, 11], [12, 14], [13, 15], [16, 18], [17, 19], [20, 22], [21, 23], [24, 25], [26, 27], [28, 30], [29, 31], [32, 33], [34, 35], [36, 38], [37, 39], [40, 41], [42, 44]], [[41, 43], [44, 45], [46, 47], [48, 49], [2, 50], [1, 3], [4, 6], [5, 7], [8, 9], [10, 12], [11, 13], [14, 15], [16, 18], [17, 19], [20, 22], [21, 23], [24, 25], [26, 28], [27, 29], [30, 31], [32, 34], [33, 35], [36, 38], [37, 39], [40, 42]], [[2, 3], [4, 5], [6, 7], [8, 9], [10, 11], [12, 14], [13, 15], [16, 17], [18, 20], [19, 21], [22, 23], [24, 25], [26, 27], [28, 30], [29, 31], [32, 34], [33, 35], [36, 38], [37, 39], [40, 41], [42, 44], [43, 45], [46, 48], [47, 49], [1, 50]], [[11, 12], [13, 14], [15, 17], [16, 18], [19, 21], [20, 22], [23, 24], [25, 27], [26, 28], [29, 30], [31, 32], [33, 35], [34, 36], [37, 38], [39, 41], [40, 42], [43, 44], [45, 46], [47, 48], [1, 49], [2, 50], [3, 5], [4, 6], [7, 9], [8, 10]]]",,2,,0.0,56042,Bigwave,9,1,1,,0.0,56042,Nuclear,23,2,2,,0.0,56042,Japanearthquake,13,3,1,,0.0,56042,Safety,23,4,1,,0.0,56042,nuclear,20,5,2,,0.0,56042,Disaster,3,6,2,,0.0,56042,Bigdisaster,16,7,1,,0.0,56042,Nuclear,22,8,1,,0.0,56042,Devastating,10,9,1,,0.0,56042,Disaster,3,10,2,,1.0,56042,Disaster,24,11,1,,0.0,56042,Wave,13,12,2,,0.0,56042,Tsunami,11,13,1,,0.0,56042,Disaster,3,14,1,,0.0,56042,Pray4japan,12,15,2,,1.0,56042,Disaster,11,16,2,,0.0,56042,Pray4japan,14,17,1,,0.0,56042,Safe,22,18,1,,0.0,56042,Pray4japan,5,19,2,,0.0,56042,Pray,17,20,2,,1.0,56042,Disaster,13,21,2,,0.0,56042,Wave,18,22,2,,1.0,56042,Disaster,4,23,1,,0.0,56042,Wave,4,24,2,,0.0,56042,Waves,2,25,1,,0.0,56042,Pray4japan,17,26,2,,0.0,56042,Cancer,21,27,1,,0.0,56042,Cancer,16,28,2,,0.0,56042,Disaster,24,29,1,,0.0,56042,Waves,3,30,1,,0.0,56042,Tropicalcancer,21,31,1,,0.0,56042,Bigflood,18,32,1,,0.0,56042,Girlchild,3,33,2,,0.0,56042,Wave,17,34,2,,0.0,56042,Waves,15,35,1,,0.0,56042,Flashflood,5,36,2,,0.0,56042,Prayforjapan,2,37,2,,0.0,56042,Nuclearpowered,3,38,1,,0.0,56042,Havefaith,24,39,1,,0.0,56042,Realistic,19,40,,,,,,,,,,,,,,,,,,,,,,,,,,,,,,,,,,,,,,,,,,,,,,,,,,,,,,,,,,,,,,,,,,,,,,,,,,,,,,,,,,,,,,,,,,,,,,,,,,,,,,,,,,,,,,,,,,,,,,,,,,,,,,,,,,,,,,,,,,,,,,,,,,,,,,,,,,,,,,,,,,,,,,,,,,,,,,,,,,,,,,,,,,,,,,,,,,,,,,,,,,,,,,,,,,,,,,,,,,,,,,,,,,,,,,,,,,,,,,,,,,,,,,,,,,,,,,,,,,,,,,,,,,,,,,,,,,,,,,,,,,,,,,,,,,,,,,,,,,,,,,,,,,,,,,,,,,,,,,,,,,,,,,,,,,,,,,,,,,,,,,,,,,,,,,,,,,,,,,,,,,,,,,,,,,,,,,,,,,,,,,,,,,,,,,,,,,,,,,,,,,,,,,,,,,,,,,,,,,,,,,,,,,,,,,,,,,,,,,,,,,,,,,,,,,,,,,,,,,,,,,,,,,,,,,,,,,,,,,,,,,,,,,,,,,,,,,,,,,,,,,,,,,,,,,,,,,,,,,,,,,,,,,,,,,,,,,,,,,,,,,,,,,,,,,,,,,,,,,,,,,,,,,,,,,,,,,,,,,,,,,,,,,,,,,,,,,,,,,,,,,,,,,,,,,,,,,,,,,,,,,,,,,,,,,,,,,,,,,,,,,,,,,,,,,,,,,,,,,,,,,,,,,,,,,,,,,,,,,,,,,,,,,,,,,,,,,,,,,,,,,,,,,,,,,,,,,,,,,,,,,,,,,,,,,,,,,,,,,,,,,,,,,,,,,,,,,,,,,,,,,,,,,,,,,,,,,,,,,,,,,,,,,,,,,,,,,,,,,,,,,,,,,,,,,,,,,,,,,,,,,,,,,,,,,,,,,,,,,,,,,,,,,,,,,,,,,,,,,,,,,,,,,,,,,,,,,,,,,,,,,,,,,,,,,,,,,,,,,,,,,,,,,,,,,,,,,,,,,,,,,,,,,,,,,,,,,,,,,,,,,,,,,,,,,,,,,,,,,,,,,,,,,,,,,,,,,,,,,,,,,,,,,,,,,,,,,,,,,,,,,,,,,,,,,,,,,,,,,,,,,,,,,,,,,,,,,,,,,,,,,,,,,,,,,,,,,,,,,,,,,,,,,,,,,,,,,,,,,,,,,,,,,,,,,,,,,,,,,,,,,,,,,,,,,,,,,,,,,,,,,,,,,,,,,,,,,,,,,,,,,,,,,,,,,,,,,,,,,,,,,,,,,,,,,
48,nprj0u2s,,0,240,240,hashtag_experiment,LastPage,2024-04-17 17:14:50.231997,1,,,0.0,g8k2na6b,,,,,0,0.0,1.0,hashtag_experiment,"[[[30, 31], [32, 33], [34, 35], [36, 38], [37, 39], [40, 42], [41, 43], [44, 46], [45, 47], [48, 50], [1, 49], [2, 4], [3, 5], [6, 7], [8, 10], [9, 11], [12, 13], [14, 15], [16, 17], [18, 19], [20, 21], [22, 23], [24, 25], [26, 27], [28, 29]], [[3, 5], [4, 6], [7, 9], [8, 10], [11, 13], [12, 14], [15, 16], [17, 19], [18, 20], [21, 23], [22, 24], [25, 26], [27, 29], [28, 30], [31, 33], [32, 34], [35, 36], [37, 39], [38, 40], [41, 42], [43, 45], [44, 46], [47, 49], [48, 50], [1, 2]], [[23, 25], [22, 24], [26, 27], [28, 30], [29, 31], [32, 34], [33, 35], [36, 37], [38, 39], [40, 41], [42, 43], [44, 46], [45, 47], [48, 50], [1, 49], [2, 3], [4, 5], [6, 8], [7, 9], [10, 12], [11, 13], [14, 15], [16, 18], [17, 19], [20, 21]], [[3, 5], [4, 6], [7, 8], [9, 10], [11, 12], [13, 15], [14, 16], [17, 19], [18, 20], [21, 23], [22, 24], [25, 27], [26, 28], [29, 31], [30, 32], [33, 34], [35, 37], [36, 38], [39, 41], [40, 42], [43, 44], [45, 46], [47, 49], [48, 50], [1, 2]], [[9, 10], [11, 12], [13, 14], [15, 17], [16, 18], [19, 21], [20, 22], [23, 24], [25, 26], [27, 29], [28, 30], [31, 33], [32, 34], [35, 36], [37, 39], [38, 40], [41, 42], [43, 44], [45, 46], [47, 49], [48, 50], [1, 3], [2, 4], [5, 6], [7, 8]], [[41, 42], [43, 44], [45, 47], [46, 48], [49, 50], [1, 3], [2, 4], [5, 6], [7, 9], [8, 10], [11, 13], [12, 14], [15, 17], [16, 18], [19, 21], [20, 22], [23, 25], [24, 26], [27, 29], [28, 30], [31, 33], [32, 34], [35, 36], [37, 39], [38, 40]], [[16, 17], [18, 19], [20, 22], [21, 23], [24, 25], [26, 28], [27, 29], [30, 31], [32, 33], [34, 35], [36, 38], [37, 39], [40, 41], [42, 44], [43, 45], [46, 47], [48, 50], [1, 49], [2, 4], [3, 5], [6, 7], [8, 10], [9, 11], [12, 14], [13, 15]], [[5, 7], [6, 8], [9, 10], [11, 13], [12, 14], [15, 16], [17, 18], [19, 21], [20, 22], [23, 25], [24, 26], [27, 28], [29, 31], [30, 32], [33, 34], [35, 37], [36, 38], [39, 40], [41, 42], [43, 44], [45, 46], [47, 48], [1, 49], [2, 50], [3, 4]], [[30, 32], [29, 31], [33, 34], [35, 36], [37, 38], [39, 40], [41, 42], [43, 45], [44, 46], [47, 48], [1, 49], [2, 50], [3, 4], [5, 7], [6, 8], [9, 11], [10, 12], [13, 14], [15, 16], [17, 18], [19, 21], [20, 22], [23, 24], [25, 27], [26, 28]], [[44, 46], [43, 45], [47, 49], [48, 50], [1, 2], [3, 4], [5, 6], [7, 8], [9, 10], [11, 13], [12, 14], [15, 17], [16, 18], [19, 20], [21, 22], [23, 25], [24, 26], [27, 28], [29, 31], [30, 32], [33, 34], [35, 37], [36, 38], [39, 40], [41, 42]], [[1, 50], [2, 4], [3, 5], [6, 7], [8, 9], [10, 11], [12, 14], [13, 15], [16, 18], [17, 19], [20, 22], [21, 23], [24, 25], [26, 27], [28, 30], [29, 31], [32, 34], [33, 35], [36, 37], [38, 40], [39, 41], [42, 43], [44, 46], [45, 47], [48, 49]], [[23, 25], [24, 26], [27, 29], [28, 30], [31, 33], [32, 34], [35, 37], [36, 38], [39, 41], [40, 42], [43, 44], [45, 46], [47, 49], [48, 50], [1, 2], [3, 5], [4, 6], [7, 8], [9, 11], [10, 12], [13, 14], [15, 17], [16, 18], [19, 20], [21, 22]], [[26, 28], [27, 29], [30, 31], [32, 34], [33, 35], [36, 37], [38, 39], [40, 42], [41, 43], [44, 45], [46, 47], [48, 49], [1, 50], [2, 3], [4, 5], [6, 7], [8, 9], [10, 11], [12, 14], [13, 15], [16, 18], [17, 19], [20, 21], [22, 23], [24, 25]], [[43, 44], [45, 46], [47, 48], [1, 49], [2, 50], [3, 4], [5, 7], [6, 8], [9, 10], [11, 12], [13, 14], [15, 16], [17, 19], [18, 20], [21, 23], [22, 24], [25, 27], [26, 28], [29, 30], [31, 33], [32, 34], [35, 37], [36, 38], [39, 40], [41, 42]], [[26, 27], [28, 30], [29, 31], [32, 33], [34, 36], [35, 37], [38, 40], [39, 41], [42, 44], [43, 45], [46, 48], [47, 49], [2, 50], [1, 3], [4, 5], [6, 7], [8, 10], [9, 11], [12, 14], [13, 15], [16, 17], [18, 20], [19, 21], [22, 24], [23, 25]], [[25, 27], [26, 28], [29, 30], [31, 32], [33, 35], [34, 36], [37, 39], [38, 40], [41, 43], [42, 44], [45, 47], [46, 48], [1, 49], [2, 50], [3, 4], [5, 7], [6, 8], [9, 11], [10, 12], [13, 14], [15, 16], [17, 18], [19, 20], [21, 23], [22, 24]], [[20, 21], [22, 24], [23, 25], [26, 28], [27, 29], [30, 31], [32, 33], [34, 35], [36, 38], [37, 39], [40, 41], [42, 43], [44, 46], [45, 47], [48, 49], [1, 50], [2, 3], [4, 6], [5, 7], [8, 9], [10, 12], [11, 13], [14, 15], [16, 18], [17, 19]], [[6, 7], [8, 9], [10, 11], [12, 14], [13, 15], [16, 17], [18, 20], [19, 21], [22, 24], [23, 25], [26, 28], [27, 29], [30, 32], [31, 33], [34, 36], [35, 37], [38, 40], [39, 41], [42, 44], [43, 45], [46, 48], [47, 49], [1, 50], [2, 4], [3, 5]], [[41, 43], [40, 42], [44, 45], [46, 48], [47, 49], [1, 50], [2, 4], [3, 5], [6, 8], [7, 9], [10, 12], [11, 13], [14, 16], [15, 17], [18, 19], [20, 22], [21, 23], [24, 25], [26, 28], [27, 29], [30, 31], [32, 34], [33, 35], [36, 38], [37, 39]], [[13, 14], [15, 16], [17, 18], [19, 21], [20, 22], [23, 24], [25, 26], [27, 28], [29, 30], [31, 32], [33, 34], [35, 37], [36, 38], [39, 41], [40, 42], [43, 44], [45, 47], [46, 48], [49, 50], [1, 2], [3, 5], [4, 6], [7, 8], [9, 10], [11, 12]], [[21, 22], [23, 24], [25, 26], [27, 29], [28, 30], [31, 33], [32, 34], [35, 36], [37, 39], [38, 40], [41, 42], [43, 44], [45, 47], [46, 48], [49, 50], [1, 3], [2, 4], [5, 7], [6, 8], [9, 11], [10, 12], [13, 15], [14, 16], [17, 19], [18, 20]], [[12, 14], [13, 15], [16, 18], [17, 19], [20, 22], [21, 23], [24, 26], [25, 27], [28, 30], [29, 31], [32, 34], [33, 35], [36, 38], [37, 39], [40, 42], [41, 43], [44, 46], [45, 47], [48, 50], [1, 49], [2, 4], [3, 5], [6, 8], [7, 9], [10, 11]], [[39, 40], [41, 42], [43, 44], [45, 47], [46, 48], [1, 49], [2, 50], [3, 5], [4, 6], [7, 9], [8, 10], [11, 12], [13, 15], [14, 16], [17, 18], [19, 21], [20, 22], [23, 24], [25, 27], [26, 28], [29, 31], [30, 32], [33, 35], [34, 36], [37, 38]], [[41, 43], [42, 44], [45, 46], [47, 48], [1, 49], [2, 50], [3, 4], [5, 6], [7, 9], [8, 10], [11, 13], [12, 14], [15, 17], [16, 18], [19, 21], [20, 22], [23, 24], [25, 27], [26, 28], [29, 30], [31, 32], [33, 35], [34, 36], [37, 38], [39, 40]], [[43, 45], [46, 47], [48, 49], [2, 50], [1, 3], [4, 6], [5, 7], [8, 10], [9, 11], [12, 13], [14, 16], [15, 17], [18, 20], [19, 21], [22, 23], [24, 25], [26, 27], [28, 29], [30, 32], [31, 33], [34, 35], [36, 37], [38, 40], [39, 41], [42, 44]], [[14, 16], [17, 19], [18, 20], [21, 22], [23, 25], [24, 26], [27, 28], [29, 30], [31, 32], [33, 35], [34, 36], [37, 38], [39, 40], [41, 42], [43, 45], [44, 46], [47, 48], [1, 49], [2, 50], [3, 5], [4, 6], [7, 8], [9, 10], [11, 12], [13, 15]], [[5, 6], [7, 9], [8, 10], [11, 13], [12, 14], [15, 17], [16, 18], [19, 21], [20, 22], [23, 25], [24, 26], [27, 28], [29, 31], [30, 32], [33, 34], [35, 37], [36, 38], [39, 41], [40, 42], [43, 44], [45, 47], [46, 48], [1, 49], [2, 50], [3, 4]], [[18, 19], [20, 22], [21, 23], [24, 25], [26, 28], [27, 29], [30, 32], [31, 33], [34, 36], [35, 37], [38, 40], [39, 41], [42, 44], [43, 45], [46, 48], [47, 49], [2, 50], [1, 3], [4, 5], [6, 8], [7, 9], [10, 12], [11, 13], [14, 16], [15, 17]], [[49, 50], [1, 2], [3, 4], [5, 6], [7, 8], [9, 10], [11, 12], [13, 15], [14, 16], [17, 18], [19, 20], [21, 22], [23, 25], [24, 26], [27, 28], [29, 30], [31, 32], [33, 34], [35, 36], [37, 38], [39, 41], [40, 42], [43, 44], [45, 47], [46, 48]], [[43, 45], [44, 46], [47, 49], [48, 50], [1, 2], [3, 4], [5, 7], [6, 8], [9, 10], [11, 13], [12, 14], [15, 16], [17, 18], [19, 20], [21, 23], [22, 24], [25, 27], [26, 28], [29, 31], [30, 32], [33, 35], [34, 36], [37, 38], [39, 41], [40, 42]], [[7, 8], [9, 10], [11, 13], [12, 14], [15, 17], [16, 18], [19, 21], [20, 22], [23, 24], [25, 27], [26, 28], [29, 31], [30, 32], [33, 34], [35, 36], [37, 39], [38, 40], [41, 43], [42, 44], [45, 46], [47, 49], [48, 50], [1, 2], [3, 4], [5, 6]], [[14, 16], [13, 15], [17, 19], [18, 20], [21, 22], [23, 25], [24, 26], [27, 28], [29, 31], [30, 32], [33, 34], [35, 37], [36, 38], [39, 40], [41, 42], [43, 45], [44, 46], [47, 48], [1, 49], [2, 50], [3, 4], [5, 7], [6, 8], [9, 11], [10, 12]], [[43, 45], [44, 46], [47, 48], [1, 49], [2, 50], [3, 4], [5, 6], [7, 9], [8, 10], [11, 12], [13, 14], [15, 16], [17, 19], [18, 20], [21, 23], [22, 24], [25, 26], [27, 29], [28, 30], [31, 32], [33, 35], [34, 36], [37, 39], [38, 40], [41, 42]], [[14, 15], [16, 17], [18, 19], [20, 21], [22, 24], [23, 25], [26, 27], [28, 29], [30, 32], [31, 33], [34, 36], [35, 37], [38, 39], [40, 42], [41, 43], [44, 45], [46, 47], [48, 49], [2, 50], [1, 3], [4, 5], [6, 8], [7, 9], [10, 12], [11, 13]], [[18, 20], [19, 21], [22, 24], [23, 25], [26, 28], [27, 29], [30, 32], [31, 33], [34, 35], [36, 37], [38, 40], [39, 41], [42, 44], [43, 45], [46, 47], [48, 49], [2, 50], [1, 3], [4, 6], [5, 7], [8, 10], [9, 11], [12, 13], [14, 16], [15, 17]], [[40, 41], [42, 43], [44, 45], [46, 48], [47, 49], [1, 50], [2, 3], [4, 5], [6, 7], [8, 10], [9, 11], [12, 13], [14, 15], [16, 17], [18, 20], [19, 21], [22, 24], [23, 25], [26, 28], [27, 29], [30, 31], [32, 34], [33, 35], [36, 37], [38, 39]], [[43, 45], [46, 47], [48, 50], [1, 49], [2, 4], [3, 5], [6, 7], [8, 10], [9, 11], [12, 14], [13, 15], [16, 18], [17, 19], [20, 22], [21, 23], [24, 25], [26, 27], [28, 30], [29, 31], [32, 33], [34, 35], [36, 38], [37, 39], [40, 41], [42, 44]], [[41, 43], [44, 45], [46, 47], [48, 49], [2, 50], [1, 3], [4, 6], [5, 7], [8, 9], [10, 12], [11, 13], [14, 15], [16, 18], [17, 19], [20, 22], [21, 23], [24, 25], [26, 28], [27, 29], [30, 31], [32, 34], [33, 35], [36, 38], [37, 39], [40, 42]], [[2, 3], [4, 5], [6, 7], [8, 9], [10, 11], [12, 14], [13, 15], [16, 17], [18, 20], [19, 21], [22, 23], [24, 25], [26, 27], [28, 30], [29, 31], [32, 34], [33, 35], [36, 38], [37, 39], [40, 41], [42, 44], [43, 45], [46, 48], [47, 49], [1, 50]], [[11, 12], [13, 14], [15, 17], [16, 18], [19, 21], [20, 22], [23, 24], [25, 27], [26, 28], [29, 30], [31, 32], [33, 35], [34, 36], [37, 38], [39, 41], [40, 42], [43, 44], [45, 46], [47, 48], [1, 49], [2, 50], [3, 5], [4, 6], [7, 9], [8, 10]]]",,1,,0.0,Bowhunterx30,Prayersformanykilled,10,1,1,,0.0,Bowhunterx30,Gonebutnotforgotten,24,2,1,,0.0,Bowhunterx30,forgiven,14,3,1,,0.0,Bowhunterx30,nuclearwaves,24,4,1,,0.0,Bowhunterx30,earthquake,21,5,2,,0.0,Bowhunterx30,scared,4,6,1,,0.0,Bowhunterx30,Nuclearwaste,17,7,2,,0.0,Bowhunterx30,devastation,22,8,2,,0.0,Bowhunterx30,tearful,10,9,1,,0.0,Bowhunterx30,prayersneeded,4,10,1,,0.0,Bowhunterx30,survivetogether,25,11,1,,0.0,Bowhunterx30,Dontgiveup,14,12,1,,0.0,Bowhunterx30,wecandothis,12,13,2,,0.0,Bowhunterx30,Inthistogether,3,14,2,,0.0,Bowhunterx30,Alwaysbepositive,11,15,2,,0.0,Bowhunterx30,Luckranout,12,16,1,,0.0,Bowhunterx30,Wecandothis,15,17,2,,0.0,Bowhunterx30,strongertogether,21,18,2,,0.0,Bowhunterx30,wemustfight,4,19,2,,0.0,Bowhunterx30,alwaysstaystrong,18,20,2,,0.0,Bowhunterx30,weareone,14,21,1,,0.0,Bowhunterx30,believeinyourself,19,22,2,,0.0,Bowhunterx30,overcomeanyobsticle,5,23,2,,0.0,Bowhunterx30,behumble,4,24,1,,0.0,Bowhunterx30,Keeptogether,3,25,2,,0.0,Bowhunterx30,Nucleardisaster,17,26,2,,0.0,Bowhunterx30,earthquakestrong,22,27,2,,0.0,Bowhunterx30,neveralone,15,28,2,,0.0,Bowhunterx30,togetherwefight,25,29,1,,0.0,Bowhunterx30,scarytimes,4,30,1,,0.0,Bowhunterx30,wewillwin,22,31,2,,0.0,Bowhunterx30,stayingalive,18,32,2,,0.0,Bowhunterx30,wearewinners,3,33,1,,0.0,Bowhunterx30,wewillsucceed,18,34,1,,0.0,Bowhunterx30,prayersneeded,16,35,2,,0.0,Bowhunterx30,timewillheal,4,36,1,,0.0,Bowhunterx30,wavedisaster,3,37,1,,0.0,Bowhunterx30,Hightides,4,38,2,,0.0,Bowhunterx30,scarysituation,23,39,2,,0.0,Bowhunterx30,hugeimpact,19,40,,,,,,,,,,,,,,,,,,,,,,,,,,,,,,,,,,,,,,,,,,,,,,,,,,,,,,,,,,,,,,,,,,,,,,,,,,,,,,,,,,,,,,,,,,,,,,,,,,,,,,,,,,,,,,,,,,,,,,,,,,,,,,,,,,,,,,,,,,,,,,,,,,,,,,,,,,,,,,,,,,,,,,,,,,,,,,,,,,,,,,,,,,,,,,,,,,,,,,,,,,,,,,,,,,,,,,,,,,,,,,,,,,,,,,,,,,,,,,,,,,,,,,,,,,,,,,,,,,,,,,,,,,,,,,,,,,,,,,,,,,,,,,,,,,,,,,,,,,,,,,,,,,,,,,,,,,,,,,,,,,,,,,,,,,,,,,,,,,,,,,,,,,,,,,,,,,,,,,,,,,,,,,,,,,,,,,,,,,,,,,,,,,,,,,,,,,,,,,,,,,,,,,,,,,,,,,,,,,,,,,,,,,,,,,,,,,,,,,,,,,,,,,,,,,,,,,,,,,,,,,,,,,,,,,,,,,,,,,,,,,,,,,,,,,,,,,,,,,,,,,,,,,,,,,,,,,,,,,,,,,,,,,,,,,,,,,,,,,,,,,,,,,,,,,,,,,,,,,,,,,,,,,,,,,,,,,,,,,,,,,,,,,,,,,,,,,,,,,,,,,,,,,,,,,,,,,,,,,,,,,,,,,,,,,,,,,,,,,,,,,,,,,,,,,,,,,,,,,,,,,,,,,,,,,,,,,,,,,,,,,,,,,,,,,,,,,,,,,,,,,,,,,,,,,,,,,,,,,,,,,,,,,,,,,,,,,,,,,,,,,,,,,,,,,,,,,,,,,,,,,,,,,,,,,,,,,,,,,,,,,,,,,,,,,,,,,,,,,,,,,,,,,,,,,,,,,,,,,,,,,,,,,,,,,,,,,,,,,,,,,,,,,,,,,,,,,,,,,,,,,,,,,,,,,,,,,,,,,,,,,,,,,,,,,,,,,,,,,,,,,,,,,,,,,,,,,,,,,,,,,,,,,,,,,,,,,,,,,,,,,,,,,,,,,,,,,,,,,,,,,,,,,,,,,,,,,,,,,,,,,,,,,,,,,,,,,,,,,,,,,,,,,,,,,,,,,,,,,,,,,,,,,,,,,,,,,,,,,,,,,,,,,,,,,,,,,,,,,,,,,,,,,,,,,,,,,,,,,,,,,,,,,,,,,,,,,,,,,,,,,,,,,,,,,,,,,,,,,,,,,,,,,,,,,,,,,,,,,,,,,,,,,,,,,,,,,,,,,,,,,,,,,,,,,
49,hvva22p5,,0,240,240,hashtag_experiment,LastPage,2024-04-17 17:15:37.702996,1,,,3.0,g8k2na6b,,,,,0,0.0,1.0,hashtag_experiment,"[[[30, 31], [32, 33], [34, 35], [36, 38], [37, 39], [40, 42], [41, 43], [44, 46], [45, 47], [48, 50], [1, 49], [2, 4], [3, 5], [6, 7], [8, 10], [9, 11], [12, 13], [14, 15], [16, 17], [18, 19], [20, 21], [22, 23], [24, 25], [26, 27], [28, 29]], [[3, 5], [4, 6], [7, 9], [8, 10], [11, 13], [12, 14], [15, 16], [17, 19], [18, 20], [21, 23], [22, 24], [25, 26], [27, 29], [28, 30], [31, 33], [32, 34], [35, 36], [37, 39], [38, 40], [41, 42], [43, 45], [44, 46], [47, 49], [48, 50], [1, 2]], [[23, 25], [22, 24], [26, 27], [28, 30], [29, 31], [32, 34], [33, 35], [36, 37], [38, 39], [40, 41], [42, 43], [44, 46], [45, 47], [48, 50], [1, 49], [2, 3], [4, 5], [6, 8], [7, 9], [10, 12], [11, 13], [14, 15], [16, 18], [17, 19], [20, 21]], [[3, 5], [4, 6], [7, 8], [9, 10], [11, 12], [13, 15], [14, 16], [17, 19], [18, 20], [21, 23], [22, 24], [25, 27], [26, 28], [29, 31], [30, 32], [33, 34], [35, 37], [36, 38], [39, 41], [40, 42], [43, 44], [45, 46], [47, 49], [48, 50], [1, 2]], [[9, 10], [11, 12], [13, 14], [15, 17], [16, 18], [19, 21], [20, 22], [23, 24], [25, 26], [27, 29], [28, 30], [31, 33], [32, 34], [35, 36], [37, 39], [38, 40], [41, 42], [43, 44], [45, 46], [47, 49], [48, 50], [1, 3], [2, 4], [5, 6], [7, 8]], [[41, 42], [43, 44], [45, 47], [46, 48], [49, 50], [1, 3], [2, 4], [5, 6], [7, 9], [8, 10], [11, 13], [12, 14], [15, 17], [16, 18], [19, 21], [20, 22], [23, 25], [24, 26], [27, 29], [28, 30], [31, 33], [32, 34], [35, 36], [37, 39], [38, 40]], [[16, 17], [18, 19], [20, 22], [21, 23], [24, 25], [26, 28], [27, 29], [30, 31], [32, 33], [34, 35], [36, 38], [37, 39], [40, 41], [42, 44], [43, 45], [46, 47], [48, 50], [1, 49], [2, 4], [3, 5], [6, 7], [8, 10], [9, 11], [12, 14], [13, 15]], [[5, 7], [6, 8], [9, 10], [11, 13], [12, 14], [15, 16], [17, 18], [19, 21], [20, 22], [23, 25], [24, 26], [27, 28], [29, 31], [30, 32], [33, 34], [35, 37], [36, 38], [39, 40], [41, 42], [43, 44], [45, 46], [47, 48], [1, 49], [2, 50], [3, 4]], [[30, 32], [29, 31], [33, 34], [35, 36], [37, 38], [39, 40], [41, 42], [43, 45], [44, 46], [47, 48], [1, 49], [2, 50], [3, 4], [5, 7], [6, 8], [9, 11], [10, 12], [13, 14], [15, 16], [17, 18], [19, 21], [20, 22], [23, 24], [25, 27], [26, 28]], [[44, 46], [43, 45], [47, 49], [48, 50], [1, 2], [3, 4], [5, 6], [7, 8], [9, 10], [11, 13], [12, 14], [15, 17], [16, 18], [19, 20], [21, 22], [23, 25], [24, 26], [27, 28], [29, 31], [30, 32], [33, 34], [35, 37], [36, 38], [39, 40], [41, 42]], [[1, 50], [2, 4], [3, 5], [6, 7], [8, 9], [10, 11], [12, 14], [13, 15], [16, 18], [17, 19], [20, 22], [21, 23], [24, 25], [26, 27], [28, 30], [29, 31], [32, 34], [33, 35], [36, 37], [38, 40], [39, 41], [42, 43], [44, 46], [45, 47], [48, 49]], [[23, 25], [24, 26], [27, 29], [28, 30], [31, 33], [32, 34], [35, 37], [36, 38], [39, 41], [40, 42], [43, 44], [45, 46], [47, 49], [48, 50], [1, 2], [3, 5], [4, 6], [7, 8], [9, 11], [10, 12], [13, 14], [15, 17], [16, 18], [19, 20], [21, 22]], [[26, 28], [27, 29], [30, 31], [32, 34], [33, 35], [36, 37], [38, 39], [40, 42], [41, 43], [44, 45], [46, 47], [48, 49], [1, 50], [2, 3], [4, 5], [6, 7], [8, 9], [10, 11], [12, 14], [13, 15], [16, 18], [17, 19], [20, 21], [22, 23], [24, 25]], [[43, 44], [45, 46], [47, 48], [1, 49], [2, 50], [3, 4], [5, 7], [6, 8], [9, 10], [11, 12], [13, 14], [15, 16], [17, 19], [18, 20], [21, 23], [22, 24], [25, 27], [26, 28], [29, 30], [31, 33], [32, 34], [35, 37], [36, 38], [39, 40], [41, 42]], [[26, 27], [28, 30], [29, 31], [32, 33], [34, 36], [35, 37], [38, 40], [39, 41], [42, 44], [43, 45], [46, 48], [47, 49], [2, 50], [1, 3], [4, 5], [6, 7], [8, 10], [9, 11], [12, 14], [13, 15], [16, 17], [18, 20], [19, 21], [22, 24], [23, 25]], [[25, 27], [26, 28], [29, 30], [31, 32], [33, 35], [34, 36], [37, 39], [38, 40], [41, 43], [42, 44], [45, 47], [46, 48], [1, 49], [2, 50], [3, 4], [5, 7], [6, 8], [9, 11], [10, 12], [13, 14], [15, 16], [17, 18], [19, 20], [21, 23], [22, 24]], [[20, 21], [22, 24], [23, 25], [26, 28], [27, 29], [30, 31], [32, 33], [34, 35], [36, 38], [37, 39], [40, 41], [42, 43], [44, 46], [45, 47], [48, 49], [1, 50], [2, 3], [4, 6], [5, 7], [8, 9], [10, 12], [11, 13], [14, 15], [16, 18], [17, 19]], [[6, 7], [8, 9], [10, 11], [12, 14], [13, 15], [16, 17], [18, 20], [19, 21], [22, 24], [23, 25], [26, 28], [27, 29], [30, 32], [31, 33], [34, 36], [35, 37], [38, 40], [39, 41], [42, 44], [43, 45], [46, 48], [47, 49], [1, 50], [2, 4], [3, 5]], [[41, 43], [40, 42], [44, 45], [46, 48], [47, 49], [1, 50], [2, 4], [3, 5], [6, 8], [7, 9], [10, 12], [11, 13], [14, 16], [15, 17], [18, 19], [20, 22], [21, 23], [24, 25], [26, 28], [27, 29], [30, 31], [32, 34], [33, 35], [36, 38], [37, 39]], [[13, 14], [15, 16], [17, 18], [19, 21], [20, 22], [23, 24], [25, 26], [27, 28], [29, 30], [31, 32], [33, 34], [35, 37], [36, 38], [39, 41], [40, 42], [43, 44], [45, 47], [46, 48], [49, 50], [1, 2], [3, 5], [4, 6], [7, 8], [9, 10], [11, 12]], [[21, 22], [23, 24], [25, 26], [27, 29], [28, 30], [31, 33], [32, 34], [35, 36], [37, 39], [38, 40], [41, 42], [43, 44], [45, 47], [46, 48], [49, 50], [1, 3], [2, 4], [5, 7], [6, 8], [9, 11], [10, 12], [13, 15], [14, 16], [17, 19], [18, 20]], [[12, 14], [13, 15], [16, 18], [17, 19], [20, 22], [21, 23], [24, 26], [25, 27], [28, 30], [29, 31], [32, 34], [33, 35], [36, 38], [37, 39], [40, 42], [41, 43], [44, 46], [45, 47], [48, 50], [1, 49], [2, 4], [3, 5], [6, 8], [7, 9], [10, 11]], [[39, 40], [41, 42], [43, 44], [45, 47], [46, 48], [1, 49], [2, 50], [3, 5], [4, 6], [7, 9], [8, 10], [11, 12], [13, 15], [14, 16], [17, 18], [19, 21], [20, 22], [23, 24], [25, 27], [26, 28], [29, 31], [30, 32], [33, 35], [34, 36], [37, 38]], [[41, 43], [42, 44], [45, 46], [47, 48], [1, 49], [2, 50], [3, 4], [5, 6], [7, 9], [8, 10], [11, 13], [12, 14], [15, 17], [16, 18], [19, 21], [20, 22], [23, 24], [25, 27], [26, 28], [29, 30], [31, 32], [33, 35], [34, 36], [37, 38], [39, 40]], [[43, 45], [46, 47], [48, 49], [2, 50], [1, 3], [4, 6], [5, 7], [8, 10], [9, 11], [12, 13], [14, 16], [15, 17], [18, 20], [19, 21], [22, 23], [24, 25], [26, 27], [28, 29], [30, 32], [31, 33], [34, 35], [36, 37], [38, 40], [39, 41], [42, 44]], [[14, 16], [17, 19], [18, 20], [21, 22], [23, 25], [24, 26], [27, 28], [29, 30], [31, 32], [33, 35], [34, 36], [37, 38], [39, 40], [41, 42], [43, 45], [44, 46], [47, 48], [1, 49], [2, 50], [3, 5], [4, 6], [7, 8], [9, 10], [11, 12], [13, 15]], [[5, 6], [7, 9], [8, 10], [11, 13], [12, 14], [15, 17], [16, 18], [19, 21], [20, 22], [23, 25], [24, 26], [27, 28], [29, 31], [30, 32], [33, 34], [35, 37], [36, 38], [39, 41], [40, 42], [43, 44], [45, 47], [46, 48], [1, 49], [2, 50], [3, 4]], [[18, 19], [20, 22], [21, 23], [24, 25], [26, 28], [27, 29], [30, 32], [31, 33], [34, 36], [35, 37], [38, 40], [39, 41], [42, 44], [43, 45], [46, 48], [47, 49], [2, 50], [1, 3], [4, 5], [6, 8], [7, 9], [10, 12], [11, 13], [14, 16], [15, 17]], [[49, 50], [1, 2], [3, 4], [5, 6], [7, 8], [9, 10], [11, 12], [13, 15], [14, 16], [17, 18], [19, 20], [21, 22], [23, 25], [24, 26], [27, 28], [29, 30], [31, 32], [33, 34], [35, 36], [37, 38], [39, 41], [40, 42], [43, 44], [45, 47], [46, 48]], [[43, 45], [44, 46], [47, 49], [48, 50], [1, 2], [3, 4], [5, 7], [6, 8], [9, 10], [11, 13], [12, 14], [15, 16], [17, 18], [19, 20], [21, 23], [22, 24], [25, 27], [26, 28], [29, 31], [30, 32], [33, 35], [34, 36], [37, 38], [39, 41], [40, 42]], [[7, 8], [9, 10], [11, 13], [12, 14], [15, 17], [16, 18], [19, 21], [20, 22], [23, 24], [25, 27], [26, 28], [29, 31], [30, 32], [33, 34], [35, 36], [37, 39], [38, 40], [41, 43], [42, 44], [45, 46], [47, 49], [48, 50], [1, 2], [3, 4], [5, 6]], [[14, 16], [13, 15], [17, 19], [18, 20], [21, 22], [23, 25], [24, 26], [27, 28], [29, 31], [30, 32], [33, 34], [35, 37], [36, 38], [39, 40], [41, 42], [43, 45], [44, 46], [47, 48], [1, 49], [2, 50], [3, 4], [5, 7], [6, 8], [9, 11], [10, 12]], [[43, 45], [44, 46], [47, 48], [1, 49], [2, 50], [3, 4], [5, 6], [7, 9], [8, 10], [11, 12], [13, 14], [15, 16], [17, 19], [18, 20], [21, 23], [22, 24], [25, 26], [27, 29], [28, 30], [31, 32], [33, 35], [34, 36], [37, 39], [38, 40], [41, 42]], [[14, 15], [16, 17], [18, 19], [20, 21], [22, 24], [23, 25], [26, 27], [28, 29], [30, 32], [31, 33], [34, 36], [35, 37], [38, 39], [40, 42], [41, 43], [44, 45], [46, 47], [48, 49], [2, 50], [1, 3], [4, 5], [6, 8], [7, 9], [10, 12], [11, 13]], [[18, 20], [19, 21], [22, 24], [23, 25], [26, 28], [27, 29], [30, 32], [31, 33], [34, 35], [36, 37], [38, 40], [39, 41], [42, 44], [43, 45], [46, 47], [48, 49], [2, 50], [1, 3], [4, 6], [5, 7], [8, 10], [9, 11], [12, 13], [14, 16], [15, 17]], [[40, 41], [42, 43], [44, 45], [46, 48], [47, 49], [1, 50], [2, 3], [4, 5], [6, 7], [8, 10], [9, 11], [12, 13], [14, 15], [16, 17], [18, 20], [19, 21], [22, 24], [23, 25], [26, 28], [27, 29], [30, 31], [32, 34], [33, 35], [36, 37], [38, 39]], [[43, 45], [46, 47], [48, 50], [1, 49], [2, 4], [3, 5], [6, 7], [8, 10], [9, 11], [12, 14], [13, 15], [16, 18], [17, 19], [20, 22], [21, 23], [24, 25], [26, 27], [28, 30], [29, 31], [32, 33], [34, 35], [36, 38], [37, 39], [40, 41], [42, 44]], [[41, 43], [44, 45], [46, 47], [48, 49], [2, 50], [1, 3], [4, 6], [5, 7], [8, 9], [10, 12], [11, 13], [14, 15], [16, 18], [17, 19], [20, 22], [21, 23], [24, 25], [26, 28], [27, 29], [30, 31], [32, 34], [33, 35], [36, 38], [37, 39], [40, 42]], [[2, 3], [4, 5], [6, 7], [8, 9], [10, 11], [12, 14], [13, 15], [16, 17], [18, 20], [19, 21], [22, 23], [24, 25], [26, 27], [28, 30], [29, 31], [32, 34], [33, 35], [36, 38], [37, 39], [40, 41], [42, 44], [43, 45], [46, 48], [47, 49], [1, 50]], [[11, 12], [13, 14], [15, 17], [16, 18], [19, 21], [20, 22], [23, 24], [25, 27], [26, 28], [29, 30], [31, 32], [33, 35], [34, 36], [37, 38], [39, 41], [40, 42], [43, 44], [45, 46], [47, 48], [1, 49], [2, 50], [3, 5], [4, 6], [7, 9], [8, 10]]]",,2,,0.0,10939,NuclearSafety,11,1,2,,0.0,10939,japanearthquake,23,2,2,,0.0,10939,Disaster,15,3,2,,0.0,10939,JapanRelief,23,4,2,,0.0,10939,crisisresponse,20,5,1,,0.0,10939,hopeforjapan,5,6,2,,0.0,10939,healingjapan,18,7,2,,0.0,10939,staystrong,23,8,2,,0.0,10939,globalsupportforjapan,11,9,2,,0.0,10939,safetyfirst,3,10,2,,0.0,10939,311tsunami,25,11,2,,0.0,10939,prayforjapan,13,12,2,,0.0,10939,remember311,12,13,2,,0.0,10939,311tsunami,4,14,2,,0.0,10939,earthquakeawareness,12,15,2,,0.0,10939,japanearthquake2011,13,16,2,,0.0,10939,reb,15,17,2,,0.0,10939,rebuildjapan,22,18,2,,0.0,10939,Urgent,5,19,1,,0.0,10939,prayforrecovery,19,20,1,,0.0,10939,ecodisaster,15,21,2,,0.0,10939,nuclear,20,22,2,,1.0,10939,tsunami,6,23,2,,0.0,10939,disaster,5,24,2,,0.0,10939,disaster,3,25,2,,0.0,10939,Disasterrelief,18,26,2,,1.0,10939,tsunami,23,27,2,,0.0,10939,Pray4japan,16,28,1,,0.0,10939,nuclearcrisis,1,29,2,,0.0,10939,disastereducation,3,30,2,,0.0,10939,flood,21,31,2,,0.0,10939,helpjapan,19,32,2,,1.0,10939,tsunami,4,33,2,,0.0,10939,prayforrecovery,18,34,2,,0.0,10939,311earthquake,16,35,2,,0.0,10939,helpjapan,5,36,2,,0.0,10939,311,4,37,2,,0.0,10939,tsunami,4,38,2,,0.0,10939,waves,24,39,2,,0.0,10939,rescue,20,40,,,,,,,,,,,,,,,,,,,,,,,,,,,,,,,,,,,,,,,,,,,,,,,,,,,,,,,,,,,,,,,,,,,,,,,,,,,,,,,,,,,,,,,,,,,,,,,,,,,,,,,,,,,,,,,,,,,,,,,,,,,,,,,,,,,,,,,,,,,,,,,,,,,,,,,,,,,,,,,,,,,,,,,,,,,,,,,,,,,,,,,,,,,,,,,,,,,,,,,,,,,,,,,,,,,,,,,,,,,,,,,,,,,,,,,,,,,,,,,,,,,,,,,,,,,,,,,,,,,,,,,,,,,,,,,,,,,,,,,,,,,,,,,,,,,,,,,,,,,,,,,,,,,,,,,,,,,,,,,,,,,,,,,,,,,,,,,,,,,,,,,,,,,,,,,,,,,,,,,,,,,,,,,,,,,,,,,,,,,,,,,,,,,,,,,,,,,,,,,,,,,,,,,,,,,,,,,,,,,,,,,,,,,,,,,,,,,,,,,,,,,,,,,,,,,,,,,,,,,,,,,,,,,,,,,,,,,,,,,,,,,,,,,,,,,,,,,,,,,,,,,,,,,,,,,,,,,,,,,,,,,,,,,,,,,,,,,,,,,,,,,,,,,,,,,,,,,,,,,,,,,,,,,,,,,,,,,,,,,,,,,,,,,,,,,,,,,,,,,,,,,,,,,,,,,,,,,,,,,,,,,,,,,,,,,,,,,,,,,,,,,,,,,,,,,,,,,,,,,,,,,,,,,,,,,,,,,,,,,,,,,,,,,,,,,,,,,,,,,,,,,,,,,,,,,,,,,,,,,,,,,,,,,,,,,,,,,,,,,,,,,,,,,,,,,,,,,,,,,,,,,,,,,,,,,,,,,,,,,,,,,,,,,,,,,,,,,,,,,,,,,,,,,,,,,,,,,,,,,,,,,,,,,,,,,,,,,,,,,,,,,,,,,,,,,,,,,,,,,,,,,,,,,,,,,,,,,,,,,,,,,,,,,,,,,,,,,,,,,,,,,,,,,,,,,,,,,,,,,,,,,,,,,,,,,,,,,,,,,,,,,,,,,,,,,,,,,,,,,,,,,,,,,,,,,,,,,,,,,,,,,,,,,,,,,,,,,,,,,,,,,,,,,,,,,,,,,,,,,,,,,,,,,,,,,,,,,,,,,,,,,,,,,,,,,,,,,,,,,,,,,,,,,,,,,,,,,,,,,,,,,,,,,,,,,,,,,,,,,,,,,,,,,,,,,,,,,,,,,,,,,,,,,,,,,,,,,,,,,,,,,,,,,,,,,,,,,,,,,,,,,,,,,,,,
50,9bxjav24,,0,240,240,hashtag_experiment,LastPage,2024-04-17 17:15:53.406801,1,,,3.0,g8k2na6b,,,,,0,0.0,1.0,hashtag_experiment,"[[[30, 31], [32, 33], [34, 35], [36, 38], [37, 39], [40, 42], [41, 43], [44, 46], [45, 47], [48, 50], [1, 49], [2, 4], [3, 5], [6, 7], [8, 10], [9, 11], [12, 13], [14, 15], [16, 17], [18, 19], [20, 21], [22, 23], [24, 25], [26, 27], [28, 29]], [[3, 5], [4, 6], [7, 9], [8, 10], [11, 13], [12, 14], [15, 16], [17, 19], [18, 20], [21, 23], [22, 24], [25, 26], [27, 29], [28, 30], [31, 33], [32, 34], [35, 36], [37, 39], [38, 40], [41, 42], [43, 45], [44, 46], [47, 49], [48, 50], [1, 2]], [[23, 25], [22, 24], [26, 27], [28, 30], [29, 31], [32, 34], [33, 35], [36, 37], [38, 39], [40, 41], [42, 43], [44, 46], [45, 47], [48, 50], [1, 49], [2, 3], [4, 5], [6, 8], [7, 9], [10, 12], [11, 13], [14, 15], [16, 18], [17, 19], [20, 21]], [[3, 5], [4, 6], [7, 8], [9, 10], [11, 12], [13, 15], [14, 16], [17, 19], [18, 20], [21, 23], [22, 24], [25, 27], [26, 28], [29, 31], [30, 32], [33, 34], [35, 37], [36, 38], [39, 41], [40, 42], [43, 44], [45, 46], [47, 49], [48, 50], [1, 2]], [[9, 10], [11, 12], [13, 14], [15, 17], [16, 18], [19, 21], [20, 22], [23, 24], [25, 26], [27, 29], [28, 30], [31, 33], [32, 34], [35, 36], [37, 39], [38, 40], [41, 42], [43, 44], [45, 46], [47, 49], [48, 50], [1, 3], [2, 4], [5, 6], [7, 8]], [[41, 42], [43, 44], [45, 47], [46, 48], [49, 50], [1, 3], [2, 4], [5, 6], [7, 9], [8, 10], [11, 13], [12, 14], [15, 17], [16, 18], [19, 21], [20, 22], [23, 25], [24, 26], [27, 29], [28, 30], [31, 33], [32, 34], [35, 36], [37, 39], [38, 40]], [[16, 17], [18, 19], [20, 22], [21, 23], [24, 25], [26, 28], [27, 29], [30, 31], [32, 33], [34, 35], [36, 38], [37, 39], [40, 41], [42, 44], [43, 45], [46, 47], [48, 50], [1, 49], [2, 4], [3, 5], [6, 7], [8, 10], [9, 11], [12, 14], [13, 15]], [[5, 7], [6, 8], [9, 10], [11, 13], [12, 14], [15, 16], [17, 18], [19, 21], [20, 22], [23, 25], [24, 26], [27, 28], [29, 31], [30, 32], [33, 34], [35, 37], [36, 38], [39, 40], [41, 42], [43, 44], [45, 46], [47, 48], [1, 49], [2, 50], [3, 4]], [[30, 32], [29, 31], [33, 34], [35, 36], [37, 38], [39, 40], [41, 42], [43, 45], [44, 46], [47, 48], [1, 49], [2, 50], [3, 4], [5, 7], [6, 8], [9, 11], [10, 12], [13, 14], [15, 16], [17, 18], [19, 21], [20, 22], [23, 24], [25, 27], [26, 28]], [[44, 46], [43, 45], [47, 49], [48, 50], [1, 2], [3, 4], [5, 6], [7, 8], [9, 10], [11, 13], [12, 14], [15, 17], [16, 18], [19, 20], [21, 22], [23, 25], [24, 26], [27, 28], [29, 31], [30, 32], [33, 34], [35, 37], [36, 38], [39, 40], [41, 42]], [[1, 50], [2, 4], [3, 5], [6, 7], [8, 9], [10, 11], [12, 14], [13, 15], [16, 18], [17, 19], [20, 22], [21, 23], [24, 25], [26, 27], [28, 30], [29, 31], [32, 34], [33, 35], [36, 37], [38, 40], [39, 41], [42, 43], [44, 46], [45, 47], [48, 49]], [[23, 25], [24, 26], [27, 29], [28, 30], [31, 33], [32, 34], [35, 37], [36, 38], [39, 41], [40, 42], [43, 44], [45, 46], [47, 49], [48, 50], [1, 2], [3, 5], [4, 6], [7, 8], [9, 11], [10, 12], [13, 14], [15, 17], [16, 18], [19, 20], [21, 22]], [[26, 28], [27, 29], [30, 31], [32, 34], [33, 35], [36, 37], [38, 39], [40, 42], [41, 43], [44, 45], [46, 47], [48, 49], [1, 50], [2, 3], [4, 5], [6, 7], [8, 9], [10, 11], [12, 14], [13, 15], [16, 18], [17, 19], [20, 21], [22, 23], [24, 25]], [[43, 44], [45, 46], [47, 48], [1, 49], [2, 50], [3, 4], [5, 7], [6, 8], [9, 10], [11, 12], [13, 14], [15, 16], [17, 19], [18, 20], [21, 23], [22, 24], [25, 27], [26, 28], [29, 30], [31, 33], [32, 34], [35, 37], [36, 38], [39, 40], [41, 42]], [[26, 27], [28, 30], [29, 31], [32, 33], [34, 36], [35, 37], [38, 40], [39, 41], [42, 44], [43, 45], [46, 48], [47, 49], [2, 50], [1, 3], [4, 5], [6, 7], [8, 10], [9, 11], [12, 14], [13, 15], [16, 17], [18, 20], [19, 21], [22, 24], [23, 25]], [[25, 27], [26, 28], [29, 30], [31, 32], [33, 35], [34, 36], [37, 39], [38, 40], [41, 43], [42, 44], [45, 47], [46, 48], [1, 49], [2, 50], [3, 4], [5, 7], [6, 8], [9, 11], [10, 12], [13, 14], [15, 16], [17, 18], [19, 20], [21, 23], [22, 24]], [[20, 21], [22, 24], [23, 25], [26, 28], [27, 29], [30, 31], [32, 33], [34, 35], [36, 38], [37, 39], [40, 41], [42, 43], [44, 46], [45, 47], [48, 49], [1, 50], [2, 3], [4, 6], [5, 7], [8, 9], [10, 12], [11, 13], [14, 15], [16, 18], [17, 19]], [[6, 7], [8, 9], [10, 11], [12, 14], [13, 15], [16, 17], [18, 20], [19, 21], [22, 24], [23, 25], [26, 28], [27, 29], [30, 32], [31, 33], [34, 36], [35, 37], [38, 40], [39, 41], [42, 44], [43, 45], [46, 48], [47, 49], [1, 50], [2, 4], [3, 5]], [[41, 43], [40, 42], [44, 45], [46, 48], [47, 49], [1, 50], [2, 4], [3, 5], [6, 8], [7, 9], [10, 12], [11, 13], [14, 16], [15, 17], [18, 19], [20, 22], [21, 23], [24, 25], [26, 28], [27, 29], [30, 31], [32, 34], [33, 35], [36, 38], [37, 39]], [[13, 14], [15, 16], [17, 18], [19, 21], [20, 22], [23, 24], [25, 26], [27, 28], [29, 30], [31, 32], [33, 34], [35, 37], [36, 38], [39, 41], [40, 42], [43, 44], [45, 47], [46, 48], [49, 50], [1, 2], [3, 5], [4, 6], [7, 8], [9, 10], [11, 12]], [[21, 22], [23, 24], [25, 26], [27, 29], [28, 30], [31, 33], [32, 34], [35, 36], [37, 39], [38, 40], [41, 42], [43, 44], [45, 47], [46, 48], [49, 50], [1, 3], [2, 4], [5, 7], [6, 8], [9, 11], [10, 12], [13, 15], [14, 16], [17, 19], [18, 20]], [[12, 14], [13, 15], [16, 18], [17, 19], [20, 22], [21, 23], [24, 26], [25, 27], [28, 30], [29, 31], [32, 34], [33, 35], [36, 38], [37, 39], [40, 42], [41, 43], [44, 46], [45, 47], [48, 50], [1, 49], [2, 4], [3, 5], [6, 8], [7, 9], [10, 11]], [[39, 40], [41, 42], [43, 44], [45, 47], [46, 48], [1, 49], [2, 50], [3, 5], [4, 6], [7, 9], [8, 10], [11, 12], [13, 15], [14, 16], [17, 18], [19, 21], [20, 22], [23, 24], [25, 27], [26, 28], [29, 31], [30, 32], [33, 35], [34, 36], [37, 38]], [[41, 43], [42, 44], [45, 46], [47, 48], [1, 49], [2, 50], [3, 4], [5, 6], [7, 9], [8, 10], [11, 13], [12, 14], [15, 17], [16, 18], [19, 21], [20, 22], [23, 24], [25, 27], [26, 28], [29, 30], [31, 32], [33, 35], [34, 36], [37, 38], [39, 40]], [[43, 45], [46, 47], [48, 49], [2, 50], [1, 3], [4, 6], [5, 7], [8, 10], [9, 11], [12, 13], [14, 16], [15, 17], [18, 20], [19, 21], [22, 23], [24, 25], [26, 27], [28, 29], [30, 32], [31, 33], [34, 35], [36, 37], [38, 40], [39, 41], [42, 44]], [[14, 16], [17, 19], [18, 20], [21, 22], [23, 25], [24, 26], [27, 28], [29, 30], [31, 32], [33, 35], [34, 36], [37, 38], [39, 40], [41, 42], [43, 45], [44, 46], [47, 48], [1, 49], [2, 50], [3, 5], [4, 6], [7, 8], [9, 10], [11, 12], [13, 15]], [[5, 6], [7, 9], [8, 10], [11, 13], [12, 14], [15, 17], [16, 18], [19, 21], [20, 22], [23, 25], [24, 26], [27, 28], [29, 31], [30, 32], [33, 34], [35, 37], [36, 38], [39, 41], [40, 42], [43, 44], [45, 47], [46, 48], [1, 49], [2, 50], [3, 4]], [[18, 19], [20, 22], [21, 23], [24, 25], [26, 28], [27, 29], [30, 32], [31, 33], [34, 36], [35, 37], [38, 40], [39, 41], [42, 44], [43, 45], [46, 48], [47, 49], [2, 50], [1, 3], [4, 5], [6, 8], [7, 9], [10, 12], [11, 13], [14, 16], [15, 17]], [[49, 50], [1, 2], [3, 4], [5, 6], [7, 8], [9, 10], [11, 12], [13, 15], [14, 16], [17, 18], [19, 20], [21, 22], [23, 25], [24, 26], [27, 28], [29, 30], [31, 32], [33, 34], [35, 36], [37, 38], [39, 41], [40, 42], [43, 44], [45, 47], [46, 48]], [[43, 45], [44, 46], [47, 49], [48, 50], [1, 2], [3, 4], [5, 7], [6, 8], [9, 10], [11, 13], [12, 14], [15, 16], [17, 18], [19, 20], [21, 23], [22, 24], [25, 27], [26, 28], [29, 31], [30, 32], [33, 35], [34, 36], [37, 38], [39, 41], [40, 42]], [[7, 8], [9, 10], [11, 13], [12, 14], [15, 17], [16, 18], [19, 21], [20, 22], [23, 24], [25, 27], [26, 28], [29, 31], [30, 32], [33, 34], [35, 36], [37, 39], [38, 40], [41, 43], [42, 44], [45, 46], [47, 49], [48, 50], [1, 2], [3, 4], [5, 6]], [[14, 16], [13, 15], [17, 19], [18, 20], [21, 22], [23, 25], [24, 26], [27, 28], [29, 31], [30, 32], [33, 34], [35, 37], [36, 38], [39, 40], [41, 42], [43, 45], [44, 46], [47, 48], [1, 49], [2, 50], [3, 4], [5, 7], [6, 8], [9, 11], [10, 12]], [[43, 45], [44, 46], [47, 48], [1, 49], [2, 50], [3, 4], [5, 6], [7, 9], [8, 10], [11, 12], [13, 14], [15, 16], [17, 19], [18, 20], [21, 23], [22, 24], [25, 26], [27, 29], [28, 30], [31, 32], [33, 35], [34, 36], [37, 39], [38, 40], [41, 42]], [[14, 15], [16, 17], [18, 19], [20, 21], [22, 24], [23, 25], [26, 27], [28, 29], [30, 32], [31, 33], [34, 36], [35, 37], [38, 39], [40, 42], [41, 43], [44, 45], [46, 47], [48, 49], [2, 50], [1, 3], [4, 5], [6, 8], [7, 9], [10, 12], [11, 13]], [[18, 20], [19, 21], [22, 24], [23, 25], [26, 28], [27, 29], [30, 32], [31, 33], [34, 35], [36, 37], [38, 40], [39, 41], [42, 44], [43, 45], [46, 47], [48, 49], [2, 50], [1, 3], [4, 6], [5, 7], [8, 10], [9, 11], [12, 13], [14, 16], [15, 17]], [[40, 41], [42, 43], [44, 45], [46, 48], [47, 49], [1, 50], [2, 3], [4, 5], [6, 7], [8, 10], [9, 11], [12, 13], [14, 15], [16, 17], [18, 20], [19, 21], [22, 24], [23, 25], [26, 28], [27, 29], [30, 31], [32, 34], [33, 35], [36, 37], [38, 39]], [[43, 45], [46, 47], [48, 50], [1, 49], [2, 4], [3, 5], [6, 7], [8, 10], [9, 11], [12, 14], [13, 15], [16, 18], [17, 19], [20, 22], [21, 23], [24, 25], [26, 27], [28, 30], [29, 31], [32, 33], [34, 35], [36, 38], [37, 39], [40, 41], [42, 44]], [[41, 43], [44, 45], [46, 47], [48, 49], [2, 50], [1, 3], [4, 6], [5, 7], [8, 9], [10, 12], [11, 13], [14, 15], [16, 18], [17, 19], [20, 22], [21, 23], [24, 25], [26, 28], [27, 29], [30, 31], [32, 34], [33, 35], [36, 38], [37, 39], [40, 42]], [[2, 3], [4, 5], [6, 7], [8, 9], [10, 11], [12, 14], [13, 15], [16, 17], [18, 20], [19, 21], [22, 23], [24, 25], [26, 27], [28, 30], [29, 31], [32, 34], [33, 35], [36, 38], [37, 39], [40, 41], [42, 44], [43, 45], [46, 48], [47, 49], [1, 50]], [[11, 12], [13, 14], [15, 17], [16, 18], [19, 21], [20, 22], [23, 24], [25, 27], [26, 28], [29, 30], [31, 32], [33, 35], [34, 36], [37, 38], [39, 41], [40, 42], [43, 44], [45, 46], [47, 48], [1, 49], [2, 50], [3, 5], [4, 6], [7, 9], [8, 10]]]",,2,,0.0,35300,NuclearDisaster,10,1,2,,0.0,35300,Nuclear,24,2,2,,0.0,35300,Prayforthem,14,3,2,,0.0,35300,Earthquake,24,4,2,,0.0,35300,Tsunami,21,5,2,,0.0,35300,Setsuden,5,6,2,,0.0,35300,tragedy,17,7,2,,0.0,35300,atomicdestruction,24,8,2,,0.0,35300,cancervictims,12,9,2,,0.0,35300,Nuclear,4,10,2,,0.0,35300,cancer,1,11,2,,0.0,35300,prayers,14,12,2,,0.0,35300,survivors,13,13,2,,0.0,35300,hope,5,14,2,,0.0,35300,Natural_disaster,13,15,2,,0.0,35300,2011_nuclear_disaster,14,16,2,,0.0,35300,Daiichi_nuclear_plant,16,17,2,,0.0,35300,neverforget,23,18,2,,0.0,35300,tsunami,6,19,2,,0.0,35300,nuclear,19,20,2,,0.0,35300,nuclear,15,21,2,,0.0,35300,tsunami,19,22,2,,0.0,35300,prayforDaiichi,7,23,2,,0.0,35300,earthquake,6,24,2,,0.0,35300,earthquakedisaster,4,25,2,,0.0,35300,tsunami,19,26,2,,0.0,35300,disaster_tsunami,24,27,2,,0.0,35300,nuclearwaste,17,28,2,,0.0,35300,tsunami,1,29,2,,0.0,35300,Daiichi_plant,4,30,2,,0.0,35300,Daiichi_disaster,22,31,2,,0.0,35300,Nuclear_disaster,20,32,2,,1.0,35300,tsunami,5,33,2,,1.0,35300,earthquake,19,34,2,,0.0,35300,tsunami,17,35,2,,0.0,35300,disaster,6,36,2,,0.0,35300,cancersurvivors,3,37,2,,0.0,35300,disaster,5,38,2,,0.0,35300,earthquake,25,39,2,,1.0,35300,earthquake,21,40,,,,,,,,,,,,,,,,,,,,,,,,,,,,,,,,,,,,,,,,,,,,,,,,,,,,,,,,,,,,,,,,,,,,,,,,,,,,,,,,,,,,,,,,,,,,,,,,,,,,,,,,,,,,,,,,,,,,,,,,,,,,,,,,,,,,,,,,,,,,,,,,,,,,,,,,,,,,,,,,,,,,,,,,,,,,,,,,,,,,,,,,,,,,,,,,,,,,,,,,,,,,,,,,,,,,,,,,,,,,,,,,,,,,,,,,,,,,,,,,,,,,,,,,,,,,,,,,,,,,,,,,,,,,,,,,,,,,,,,,,,,,,,,,,,,,,,,,,,,,,,,,,,,,,,,,,,,,,,,,,,,,,,,,,,,,,,,,,,,,,,,,,,,,,,,,,,,,,,,,,,,,,,,,,,,,,,,,,,,,,,,,,,,,,,,,,,,,,,,,,,,,,,,,,,,,,,,,,,,,,,,,,,,,,,,,,,,,,,,,,,,,,,,,,,,,,,,,,,,,,,,,,,,,,,,,,,,,,,,,,,,,,,,,,,,,,,,,,,,,,,,,,,,,,,,,,,,,,,,,,,,,,,,,,,,,,,,,,,,,,,,,,,,,,,,,,,,,,,,,,,,,,,,,,,,,,,,,,,,,,,,,,,,,,,,,,,,,,,,,,,,,,,,,,,,,,,,,,,,,,,,,,,,,,,,,,,,,,,,,,,,,,,,,,,,,,,,,,,,,,,,,,,,,,,,,,,,,,,,,,,,,,,,,,,,,,,,,,,,,,,,,,,,,,,,,,,,,,,,,,,,,,,,,,,,,,,,,,,,,,,,,,,,,,,,,,,,,,,,,,,,,,,,,,,,,,,,,,,,,,,,,,,,,,,,,,,,,,,,,,,,,,,,,,,,,,,,,,,,,,,,,,,,,,,,,,,,,,,,,,,,,,,,,,,,,,,,,,,,,,,,,,,,,,,,,,,,,,,,,,,,,,,,,,,,,,,,,,,,,,,,,,,,,,,,,,,,,,,,,,,,,,,,,,,,,,,,,,,,,,,,,,,,,,,,,,,,,,,,,,,,,,,,,,,,,,,,,,,,,,,,,,,,,,,,,,,,,,,,,,,,,,,,,,,,,,,,,,,,,,,,,,,,,,,,,,,,,,,,,,,,,,,,,,,,,,,,,,,,,,,,,,,,,,,,,,,,,,,,,,,,,,,,,,,,,,,,,,,,,,,,,,,,,,,,,,,,,,,,,,,,,,,,,,,,,,,,,,,,,,,,,,,,,,,,,,,,,,,,,,,,,,,,,,,
